time,close,high,low,open,volume
2008-12-01 07:00:00,252.471,252.773,252.119,252.773,7
2008-12-01 07:01:00,252.219,252.219,252.119,252.219,8
2008-12-01 07:02:00,252.42,252.42,252.42,252.42,1
2008-12-01 07:04:00,252.42,252.42,252.219,252.219,2
2008-12-01 07:05:00,252.37,252.471,252.37,252.471,2
2008-12-01 07:06:00,252.722,252.722,252.571,252.571,3
2008-12-01 07:07:00,252.772,252.772,252.672,252.672,2
2008-12-01 07:08:00,252.672,252.973,252.672,252.873,3
2008-12-01 07:10:00,252.923,252.973,252.873,252.873,3
2008-12-01 07:11:00,253.074,253.074,252.973,252.973,2
2008-12-01 07:13:00,252.923,252.923,252.872,252.872,2
2008-12-01 07:14:00,252.923,252.923,252.621,252.621,3
2008-12-01 07:15:00,253.073,253.073,253.023,253.023,2
2008-12-01 07:17:00,253.174,253.174,252.872,252.872,4
2008-12-01 07:18:00,253.073,253.073,252.872,252.872,2
2008-12-01 07:20:00,253.274,253.274,253.274,253.274,1
2008-12-01 07:21:00,253.476,253.476,253.476,253.476,1
2008-12-01 07:22:00,253.777,253.777,253.677,253.677,2
2008-12-01 07:23:00,253.827,253.827,253.827,253.827,1
2008-12-01 07:24:00,253.475,253.475,253.475,253.475,1
2008-12-01 07:26:00,253.676,253.676,253.676,253.676,1
2008-12-01 07:30:00,253.877,253.877,253.877,253.877,1
2008-12-01 07:33:00,253.726,253.726,253.374,253.374,2
2008-12-01 07:38:00,254.279,254.33,253.877,253.877,9
2008-12-01 07:39:00,254.078,254.078,254.078,254.078,1
2008-12-01 07:40:00,254.028,254.028,254.028,254.028,1
2008-12-01 07:41:00,254.279,254.329,254.128,254.128,3
2008-12-01 07:42:00,254.028,254.028,254.028,254.028,1
2008-12-01 07:43:00,254.229,254.38,254.229,254.38,2
2008-12-01 07:44:00,254.027,254.027,253.776,253.977,7
2008-12-01 07:45:00,253.877,253.877,253.877,253.877,1
2008-12-01 07:46:00,253.474,253.726,253.474,253.726,4
2008-12-01 07:47:00,253.575,253.725,253.474,253.625,7
2008-12-01 07:48:00,253.474,253.474,253.474,253.474,1
2008-12-01 07:49:00,253.474,253.474,253.072,253.323,9
2008-12-01 07:50:00,253.273,253.273,253.122,253.122,3
2008-12-01 07:51:00,253.222,253.222,253.222,253.222,1
2008-12-01 07:53:00,253.021,253.172,253.021,253.172,2
2008-12-01 07:54:00,253.222,253.222,253.222,253.222,1
2008-12-01 07:55:00,253.272,253.272,253.272,253.272,1
2008-12-01 07:56:00,252.971,253.021,252.971,253.021,2
2008-12-01 07:57:00,253.121,253.121,252.92,253.021,3
2008-12-01 07:58:00,253.121,253.121,253.071,253.071,2
2008-12-01 07:59:00,253.574,253.624,253.222,253.373,22
2008-12-01 08:00:00,253.473,253.825,252.82,253.373,66
2008-12-01 08:01:00,253.674,253.876,253.373,253.524,45
2008-12-01 08:02:00,253.825,253.926,253.373,253.725,63
2008-12-01 08:03:00,253.775,254.077,253.624,253.876,59
2008-12-01 08:04:00,253.272,253.775,253.171,253.725,65
2008-12-01 08:05:00,253.071,253.322,252.819,253.222,62
2008-12-01 08:06:00,252.92,253.121,252.769,253.02,49
2008-12-01 08:07:00,252.819,253.071,252.467,252.869,51
2008-12-01 08:08:00,252.718,252.769,252.467,252.719,38
2008-12-01 08:09:00,252.668,252.92,252.568,252.769,39
2008-12-01 08:10:00,252.567,252.92,252.366,252.819,47
2008-12-01 08:11:00,251.813,252.618,251.813,252.467,49
2008-12-01 08:12:00,252.266,252.467,251.813,251.863,51
2008-12-01 08:13:00,252.567,252.769,252.316,252.316,50
2008-12-01 08:14:00,252.718,252.97,252.467,252.467,37
2008-12-01 08:15:00,252.265,252.869,252.165,252.819,60
2008-12-01 08:16:00,252.115,252.467,251.964,252.316,28
2008-12-01 08:17:00,252.014,252.467,252.014,252.064,35
2008-12-01 08:18:00,252.114,252.165,251.813,251.964,30
2008-12-01 08:19:00,252.014,252.215,251.913,252.165,30
2008-12-01 08:20:00,251.611,251.913,251.561,251.863,22
2008-12-01 08:21:00,251.561,251.712,251.511,251.662,21
2008-12-01 08:22:00,251.511,251.662,251.36,251.611,33
2008-12-01 08:23:00,251.511,251.561,251.259,251.46,30
2008-12-01 08:24:00,251.259,251.46,251.259,251.46,20
2008-12-01 08:25:00,251.309,251.46,250.857,251.309,39
2008-12-01 08:26:00,251.46,251.46,251.209,251.259,18
2008-12-01 08:27:00,251.41,251.561,251.36,251.561,14
2008-12-01 08:28:00,251.158,251.51,251.058,251.46,16
2008-12-01 08:29:00,250.555,251.108,250.354,251.108,39
2008-12-01 08:30:00,250.152,250.555,250.052,250.504,33
2008-12-01 08:31:00,250.303,250.303,250.102,250.253,23
2008-12-01 08:32:00,250.052,250.404,249.649,250.353,45
2008-12-01 08:33:00,249.901,250.052,249.75,250.001,29
2008-12-01 08:34:00,249.951,250.052,249.85,249.85,19
2008-12-01 08:35:00,250.202,250.202,249.901,249.901,20
2008-12-01 08:36:00,249.85,250.152,249.8,250.152,14
2008-12-01 08:37:00,249.699,249.901,249.699,249.8,17
2008-12-01 08:38:00,250.152,250.152,249.8,249.8,28
2008-12-01 08:39:00,250.152,250.303,250.102,250.202,17
2008-12-01 08:40:00,250.202,250.403,250.152,250.202,17
2008-12-01 08:41:00,250.152,250.252,250.101,250.252,21
2008-12-01 08:42:00,250.353,250.353,250.001,250.101,21
2008-12-01 08:43:00,250.252,250.353,250.051,250.303,23
2008-12-01 08:44:00,249.8,250.202,249.8,250.202,9
2008-12-01 08:45:00,249.749,249.9,249.649,249.749,27
2008-12-01 08:46:00,249.598,249.85,249.548,249.799,21
2008-12-01 08:47:00,249.548,249.598,249.397,249.548,26
2008-12-01 08:48:00,249.447,249.498,249.196,249.447,34
2008-12-01 08:49:00,249.598,249.799,249.397,249.397,28
2008-12-01 08:50:00,249.699,249.799,249.598,249.648,19
2008-12-01 08:51:00,250.0,250.051,249.699,249.749,23
2008-12-01 08:52:00,249.95,250.151,249.9,250.051,16
2008-12-01 08:53:00,250.05,250.101,249.9,250.0,10
2008-12-01 08:54:00,250.352,250.352,249.9,250.151,32
2008-12-01 08:55:00,250.252,250.402,250.201,250.302,19
2008-12-01 08:56:00,250.302,250.302,250.05,250.201,17
2008-12-01 08:57:00,250.201,250.302,250.101,250.251,17
2008-12-01 08:58:00,250.302,250.352,250.151,250.251,14
2008-12-01 08:59:00,250.0,250.352,249.899,250.352,17
2008-12-01 09:00:00,250.05,250.1,249.95,250.1,9
2008-12-01 09:01:00,249.899,250.05,249.849,250.0,17
2008-12-01 09:02:00,249.597,249.849,249.547,249.849,22
2008-12-01 09:03:00,249.748,249.798,249.497,249.547,17
2008-12-01 09:04:00,249.748,249.949,249.648,249.798,11
2008-12-01 09:05:00,249.849,249.899,249.748,249.798,7
2008-12-01 09:06:00,249.899,250.0,249.698,249.748,11
2008-12-01 09:07:00,249.798,249.999,249.698,249.849,19
2008-12-01 09:08:00,249.698,249.949,249.446,249.748,14
2008-12-01 09:09:00,249.748,249.848,249.547,249.647,31
2008-12-01 09:10:00,249.899,249.899,249.798,249.798,13
2008-12-01 09:11:00,249.949,249.999,249.899,249.949,5
2008-12-01 09:12:00,249.647,250.251,249.597,250.049,24
2008-12-01 09:13:00,249.848,249.848,249.647,249.848,11
2008-12-01 09:14:00,249.798,249.848,249.697,249.748,10
2008-12-01 09:15:00,249.798,249.999,249.748,249.748,11
2008-12-01 09:16:00,249.496,250.049,249.496,249.848,18
2008-12-01 09:17:00,249.496,249.798,249.446,249.546,20
2008-12-01 09:18:00,249.647,249.747,249.496,249.546,10
2008-12-01 09:19:00,249.747,249.798,249.395,249.697,16
2008-12-01 09:20:00,249.697,249.747,249.546,249.697,11
2008-12-01 09:21:00,249.647,249.747,249.647,249.747,3
2008-12-01 09:22:00,249.295,249.496,249.194,249.496,16
2008-12-01 09:23:00,249.144,249.244,248.993,249.244,36
2008-12-01 09:24:00,248.993,249.194,248.792,249.093,23
2008-12-01 09:25:00,249.043,249.143,248.993,249.043,11
2008-12-01 09:26:00,248.993,248.993,248.892,248.993,9
2008-12-01 09:27:00,248.942,249.143,248.942,248.942,8
2008-12-01 09:28:00,248.942,249.043,248.942,249.043,5
2008-12-01 09:29:00,248.791,248.992,248.741,248.992,9
2008-12-01 09:30:00,248.59,248.892,248.339,248.841,30
2008-12-01 09:31:00,248.64,248.64,248.389,248.54,20
2008-12-01 09:32:00,248.59,248.892,248.338,248.489,41
2008-12-01 09:33:00,248.489,248.64,248.338,248.64,19
2008-12-01 09:34:00,248.187,248.439,248.037,248.439,30
2008-12-01 09:35:00,248.187,248.238,247.886,248.087,36
2008-12-01 09:36:00,247.986,248.238,247.986,248.137,12
2008-12-01 09:37:00,247.936,248.137,247.886,248.036,19
2008-12-01 09:38:00,247.735,247.986,247.684,247.835,34
2008-12-01 09:39:00,247.785,247.835,247.584,247.785,27
2008-12-01 09:40:00,247.081,247.785,247.03,247.735,33
2008-12-01 09:41:00,247.181,247.232,246.98,247.181,28
2008-12-01 09:42:00,247.382,247.433,247.131,247.232,18
2008-12-01 09:43:00,247.382,247.382,247.131,247.332,25
2008-12-01 09:44:00,247.332,247.382,247.03,247.282,22
2008-12-01 09:45:00,247.231,247.282,247.131,247.181,15
2008-12-01 09:46:00,247.08,247.231,246.93,247.181,21
2008-12-01 09:47:00,247.181,247.382,247.03,247.03,16
2008-12-01 09:48:00,247.483,247.533,247.231,247.231,24
2008-12-01 09:49:00,247.935,247.935,247.382,247.432,23
2008-12-01 09:50:00,247.332,247.935,247.332,247.885,23
2008-12-01 09:51:00,247.332,247.482,247.231,247.231,16
2008-12-01 09:52:00,247.482,247.533,247.231,247.231,22
2008-12-01 09:53:00,247.885,247.935,247.382,247.432,19
2008-12-01 09:54:00,248.086,248.086,247.834,247.834,7
2008-12-01 09:55:00,247.985,248.237,247.885,248.186,16
2008-12-01 09:56:00,247.884,248.086,247.884,247.935,8
2008-12-01 09:57:00,248.035,248.136,247.935,247.935,7
2008-12-01 09:58:00,248.086,248.136,247.884,247.985,11
2008-12-01 09:59:00,247.935,248.086,247.884,247.985,8
2008-12-01 10:00:00,247.633,247.985,247.583,247.985,13
2008-12-01 10:01:00,247.532,247.935,247.482,247.733,13
2008-12-01 10:02:00,247.532,247.633,247.281,247.582,25
2008-12-01 10:03:00,247.582,247.733,247.482,247.482,10
2008-12-01 10:04:00,247.633,247.633,247.482,247.482,4
2008-12-01 10:05:00,247.582,247.683,247.582,247.582,3
2008-12-01 10:06:00,247.733,247.733,247.633,247.633,2
2008-12-01 10:07:00,247.532,247.532,247.431,247.431,3
2008-12-01 10:08:00,247.582,247.632,247.482,247.632,5
2008-12-01 10:09:00,247.532,247.532,247.431,247.532,4
2008-12-01 10:10:00,247.381,247.431,247.28,247.431,4
2008-12-01 10:11:00,247.23,247.431,247.129,247.28,12
2008-12-01 10:12:00,247.129,247.33,247.029,247.079,17
2008-12-01 10:13:00,246.727,247.23,246.677,247.23,32
2008-12-01 10:14:00,246.727,246.777,246.576,246.777,16
2008-12-01 10:15:00,246.576,246.827,246.425,246.626,21
2008-12-01 10:16:00,246.425,246.526,246.324,246.526,34
2008-12-01 10:17:00,246.525,246.676,246.324,246.475,24
2008-12-01 10:18:00,246.676,246.676,246.274,246.576,27
2008-12-01 10:19:00,246.626,246.928,246.525,246.576,25
2008-12-01 10:20:00,246.726,246.827,246.626,246.676,12
2008-12-01 10:21:00,246.475,246.676,246.374,246.626,28
2008-12-01 10:22:00,246.777,246.827,246.324,246.525,24
2008-12-01 10:23:00,246.626,246.827,246.575,246.676,12
2008-12-01 10:24:00,246.877,247.028,246.676,246.726,12
2008-12-01 10:25:00,246.827,247.078,246.827,246.827,13
2008-12-01 10:26:00,247.128,247.128,246.877,246.877,10
2008-12-01 10:27:00,246.877,247.078,246.827,247.078,13
2008-12-01 10:28:00,247.078,247.078,246.927,246.927,4
2008-12-01 10:29:00,246.927,247.028,246.776,247.028,15
2008-12-01 10:30:00,246.776,247.028,246.776,246.977,17
2008-12-01 10:31:00,246.826,247.028,246.676,246.676,18
2008-12-01 10:32:00,246.726,246.776,246.625,246.776,10
2008-12-01 10:33:00,246.374,246.575,246.374,246.575,19
2008-12-01 10:34:00,245.77,246.474,245.67,246.474,35
2008-12-01 10:35:00,245.569,245.971,245.569,245.72,21
2008-12-01 10:36:00,245.468,245.619,245.368,245.619,25
2008-12-01 10:37:00,245.921,245.971,245.267,245.418,42
2008-12-01 10:38:00,245.871,245.971,245.82,245.971,13
2008-12-01 10:39:00,245.871,245.971,245.77,245.82,7
2008-12-01 10:40:00,245.971,246.122,245.82,245.921,31
2008-12-01 10:41:00,245.669,246.072,245.669,246.021,6
2008-12-01 10:42:00,246.021,246.072,245.72,245.72,13
2008-12-01 10:43:00,246.021,246.021,245.971,245.971,4
2008-12-01 10:44:00,246.071,246.423,246.021,246.071,19
2008-12-01 10:45:00,245.87,246.222,245.77,246.222,12
2008-12-01 10:46:00,245.87,245.971,245.87,245.92,6
2008-12-01 10:47:00,246.021,246.021,245.719,245.82,14
2008-12-01 10:48:00,246.172,246.172,245.87,245.971,9
2008-12-01 10:49:00,245.971,246.323,245.971,246.272,8
2008-12-01 10:50:00,245.97,246.222,245.92,246.071,14
2008-12-01 10:51:00,245.87,246.021,245.87,245.92,6
2008-12-01 10:52:00,245.87,246.121,245.719,246.021,25
2008-12-01 10:53:00,245.769,245.819,245.669,245.719,6
2008-12-01 10:54:00,245.719,245.719,245.669,245.669,4
2008-12-01 10:55:00,245.92,246.021,245.769,245.769,8
2008-12-01 10:56:00,246.121,246.171,245.92,245.97,23
2008-12-01 10:57:00,246.272,246.372,246.121,246.171,24
2008-12-01 10:58:00,246.423,246.473,246.272,246.322,17
2008-12-01 10:59:00,246.372,246.523,246.322,246.473,6
2008-12-01 11:00:00,246.322,246.423,246.121,246.322,17
2008-12-01 11:01:00,246.422,246.523,246.272,246.272,7
2008-12-01 11:02:00,246.624,246.624,246.372,246.372,10
2008-12-01 11:03:00,246.724,246.724,246.523,246.523,6
2008-12-01 11:04:00,246.774,246.774,246.523,246.573,12
2008-12-01 11:05:00,246.975,247.076,246.825,246.825,7
2008-12-01 11:06:00,246.975,247.026,246.875,247.026,5
2008-12-01 11:07:00,246.925,246.975,246.875,246.925,12
2008-12-01 11:08:00,247.126,247.327,246.875,246.875,28
2008-12-01 11:09:00,247.076,247.126,247.026,247.026,11
2008-12-01 11:10:00,246.824,247.076,246.824,247.026,16
2008-12-01 11:11:00,246.824,246.925,246.774,246.875,11
2008-12-01 11:12:00,246.975,246.975,246.875,246.875,3
2008-12-01 11:13:00,247.226,247.226,247.025,247.025,6
2008-12-01 11:14:00,247.226,247.327,247.176,247.277,12
2008-12-01 11:15:00,247.327,247.377,247.226,247.277,9
2008-12-01 11:16:00,247.176,247.428,247.176,247.428,9
2008-12-01 11:17:00,247.226,247.226,247.025,247.126,7
2008-12-01 11:18:00,246.924,247.176,246.924,247.126,9
2008-12-01 11:19:00,247.075,247.126,246.924,246.975,8
2008-12-01 11:20:00,247.176,247.176,247.025,247.126,8
2008-12-01 11:21:00,247.075,247.126,247.075,247.126,2
2008-12-01 11:22:00,247.125,247.125,247.125,247.125,1
2008-12-01 11:23:00,246.974,247.176,246.974,247.075,8
2008-12-01 11:24:00,246.974,247.075,246.924,247.075,5
2008-12-01 11:25:00,247.025,247.075,246.924,247.075,9
2008-12-01 11:26:00,246.823,246.974,246.823,246.924,6
2008-12-01 11:27:00,246.924,246.924,246.823,246.874,6
2008-12-01 11:28:00,246.974,247.075,246.874,246.874,8
2008-12-01 11:29:00,246.924,247.024,246.874,246.874,5
2008-12-01 11:30:00,246.974,247.075,246.974,246.974,7
2008-12-01 11:31:00,246.873,247.075,246.823,247.024,11
2008-12-01 11:32:00,246.873,246.924,246.873,246.924,2
2008-12-01 11:33:00,246.672,246.924,246.572,246.924,17
2008-12-01 11:34:00,246.32,246.572,246.32,246.572,8
2008-12-01 11:35:00,246.572,246.722,246.37,246.37,20
2008-12-01 11:36:00,246.521,246.622,246.471,246.521,6
2008-12-01 11:37:00,246.37,246.622,246.37,246.571,13
2008-12-01 11:38:00,246.219,246.421,246.219,246.421,7
2008-12-01 11:39:00,246.018,246.169,245.968,246.068,12
2008-12-01 11:40:00,246.119,246.32,246.068,246.068,18
2008-12-01 11:41:00,246.269,246.37,246.119,246.219,8
2008-12-01 11:42:00,246.219,246.269,246.068,246.219,13
2008-12-01 11:43:00,246.018,246.118,246.018,246.118,3
2008-12-01 11:44:00,246.068,246.169,245.968,245.968,4
2008-12-01 11:45:00,245.867,246.068,245.817,246.018,14
2008-12-01 11:46:00,245.716,245.867,245.716,245.817,9
2008-12-01 11:47:00,245.867,245.867,245.666,245.666,7
2008-12-01 11:48:00,245.967,245.967,245.917,245.967,3
2008-12-01 11:49:00,246.018,246.118,245.917,245.917,9
2008-12-01 11:50:00,246.068,246.118,245.917,245.917,7
2008-12-01 11:51:00,245.967,246.018,245.917,246.018,8
2008-12-01 11:52:00,246.068,246.118,245.967,246.068,8
2008-12-01 11:53:00,246.118,246.118,246.017,246.017,2
2008-12-01 11:54:00,246.118,246.319,246.017,246.168,13
2008-12-01 11:55:00,246.068,246.118,246.068,246.068,3
2008-12-01 11:56:00,246.218,246.218,246.118,246.118,3
2008-12-01 11:57:00,246.269,246.269,246.218,246.269,3
2008-12-01 11:58:00,246.419,246.419,246.218,246.319,8
2008-12-01 11:59:00,246.319,246.419,246.118,246.319,18
2008-12-01 12:00:00,246.52,246.57,246.268,246.369,11
2008-12-01 12:01:00,246.47,246.52,246.369,246.47,9
2008-12-01 12:02:00,246.469,246.57,246.369,246.419,8
2008-12-01 12:03:00,246.52,246.57,246.469,246.52,4
2008-12-01 12:04:00,246.52,246.62,246.52,246.57,6
2008-12-01 12:06:00,246.369,246.57,246.369,246.57,7
2008-12-01 12:07:00,246.419,246.52,246.369,246.419,8
2008-12-01 12:08:00,246.57,246.57,246.519,246.519,4
2008-12-01 12:09:00,246.62,246.62,246.519,246.519,3
2008-12-01 12:10:00,246.519,246.57,246.469,246.57,4
2008-12-01 12:11:00,246.519,246.519,246.368,246.469,6
2008-12-01 12:12:00,246.569,246.67,246.419,246.469,7
2008-12-01 12:13:00,246.72,246.72,246.62,246.62,5
2008-12-01 12:14:00,246.67,246.771,246.569,246.771,10
2008-12-01 12:15:00,246.62,246.72,246.62,246.62,5
2008-12-01 12:16:00,246.418,246.569,246.368,246.569,12
2008-12-01 12:17:00,246.418,246.469,246.318,246.368,6
2008-12-01 12:18:00,246.368,246.569,246.368,246.469,5
2008-12-01 12:19:00,246.619,246.619,246.418,246.418,4
2008-12-01 12:20:00,246.871,246.871,246.67,246.72,6
2008-12-01 12:21:00,246.82,246.82,246.72,246.72,2
2008-12-01 12:22:00,246.871,246.871,246.72,246.77,7
2008-12-01 12:23:00,246.77,246.921,246.72,246.921,10
2008-12-01 12:24:00,246.619,246.72,246.619,246.72,3
2008-12-01 12:25:00,246.468,246.569,246.468,246.569,2
2008-12-01 12:26:00,246.468,246.468,246.418,246.418,2
2008-12-01 12:27:00,246.619,246.669,246.518,246.518,11
2008-12-01 12:28:00,246.619,246.619,246.569,246.569,2
2008-12-01 12:29:00,246.669,246.669,246.468,246.569,9
2008-12-01 12:30:00,246.669,246.669,246.468,246.518,5
2008-12-01 12:31:00,246.619,246.719,246.568,246.719,4
2008-12-01 12:32:00,246.568,246.568,246.568,246.568,1
2008-12-01 12:33:00,246.418,246.619,246.418,246.619,5
2008-12-01 12:34:00,246.468,246.468,246.317,246.317,3
2008-12-01 12:35:00,246.518,246.518,246.518,246.518,1
2008-12-01 12:36:00,246.468,246.468,246.417,246.468,3
2008-12-01 12:37:00,246.317,246.468,246.317,246.417,9
2008-12-01 12:38:00,246.216,246.266,246.115,246.266,8
2008-12-01 12:39:00,245.814,246.166,245.763,246.166,13
2008-12-01 12:40:00,245.864,245.864,245.763,245.864,5
2008-12-01 12:41:00,245.864,246.015,245.814,245.814,7
2008-12-01 12:42:00,245.512,245.814,245.512,245.814,15
2008-12-01 12:43:00,245.461,245.813,245.461,245.562,16
2008-12-01 12:44:00,245.562,245.663,245.461,245.562,14
2008-12-01 12:45:00,245.411,245.512,245.31,245.512,8
2008-12-01 12:46:00,245.411,245.562,245.411,245.461,6
2008-12-01 12:47:00,245.662,245.662,245.411,245.512,19
2008-12-01 12:48:00,245.662,245.713,245.562,245.713,6
2008-12-01 12:49:00,245.461,245.612,245.461,245.612,6
2008-12-01 12:50:00,245.159,245.511,245.059,245.511,30
2008-12-01 12:51:00,245.411,245.411,245.21,245.21,12
2008-12-01 12:52:00,245.21,245.411,245.159,245.36,7
2008-12-01 12:53:00,245.209,245.31,245.159,245.159,9
2008-12-01 12:54:00,245.109,245.26,245.059,245.26,10
2008-12-01 12:55:00,245.209,245.31,245.109,245.209,15
2008-12-01 12:56:00,245.41,245.41,245.159,245.26,16
2008-12-01 12:57:00,245.36,245.41,245.26,245.36,6
2008-12-01 12:58:00,245.511,245.511,245.41,245.41,6
2008-12-01 12:59:00,245.662,245.863,245.511,245.561,26
2008-12-01 13:00:00,245.762,245.762,245.662,245.712,7
2008-12-01 13:01:00,245.913,246.014,245.712,245.712,11
2008-12-01 13:02:00,245.812,245.963,245.812,245.963,4
2008-12-01 13:03:00,245.863,245.963,245.863,245.863,4
2008-12-01 13:04:00,245.812,245.913,245.812,245.913,2
2008-12-01 13:05:00,245.863,245.913,245.762,245.762,4
2008-12-01 13:06:00,246.013,246.064,245.762,245.812,13
2008-12-01 13:07:00,245.913,245.963,245.862,245.913,6
2008-12-01 13:08:00,245.862,246.064,245.812,245.963,11
2008-12-01 13:09:00,245.561,245.812,245.561,245.812,7
2008-12-01 13:10:00,245.51,245.51,245.359,245.51,14
2008-12-01 13:11:00,245.561,245.762,245.359,245.41,16
2008-12-01 13:12:00,245.309,245.51,245.309,245.51,11
2008-12-01 13:13:00,245.359,245.359,245.158,245.259,14
2008-12-01 13:14:00,245.56,245.661,245.41,245.41,9
2008-12-01 13:15:00,245.661,245.862,245.611,245.611,12
2008-12-01 13:16:00,245.56,245.611,245.51,245.611,6
2008-12-01 13:17:00,245.661,245.761,245.46,245.51,8
2008-12-01 13:18:00,245.661,245.661,245.51,245.61,5
2008-12-01 13:19:00,245.661,245.711,245.61,245.711,3
2008-12-01 13:20:00,245.761,245.811,245.711,245.711,4
2008-12-01 13:21:00,245.661,245.862,245.661,245.811,13
2008-12-01 13:22:00,245.56,245.711,245.56,245.711,16
2008-12-01 13:23:00,245.208,245.61,245.158,245.61,28
2008-12-01 13:24:00,245.308,245.359,245.107,245.107,14
2008-12-01 13:25:00,245.359,245.359,245.359,245.359,1
2008-12-01 13:26:00,245.208,245.308,245.208,245.258,4
2008-12-01 13:27:00,245.006,245.258,245.006,245.258,10
2008-12-01 13:28:00,245.157,245.157,245.057,245.057,5
2008-12-01 13:29:00,245.006,245.107,244.906,245.107,11
2008-12-01 13:30:00,245.057,245.107,244.705,244.956,45
2008-12-01 13:31:00,245.157,245.157,244.956,245.006,23
2008-12-01 13:32:00,245.258,245.258,245.107,245.107,6
2008-12-01 13:33:00,245.157,245.157,245.157,245.157,1
2008-12-01 13:34:00,245.358,245.459,245.207,245.207,8
2008-12-01 13:35:00,245.308,245.358,245.207,245.258,10
2008-12-01 13:36:00,245.509,245.559,245.308,245.358,9
2008-12-01 13:37:00,245.157,245.459,245.107,245.459,15
2008-12-01 13:38:00,245.157,245.257,245.106,245.257,15
2008-12-01 13:39:00,245.006,245.157,244.956,245.106,14
2008-12-01 13:40:00,245.006,245.106,244.855,245.056,13
2008-12-01 13:41:00,245.106,245.106,245.106,245.106,1
2008-12-01 13:42:00,245.106,245.106,245.056,245.056,2
2008-12-01 13:43:00,245.006,245.307,245.006,245.157,18
2008-12-01 13:44:00,245.307,245.358,244.955,245.056,10
2008-12-01 13:45:00,245.257,245.307,245.207,245.207,4
2008-12-01 13:46:00,245.408,245.408,245.207,245.207,4
2008-12-01 13:47:00,245.257,245.357,245.207,245.307,5
2008-12-01 13:48:00,245.307,245.357,245.207,245.207,6
2008-12-01 13:49:00,245.458,245.558,245.307,245.357,18
2008-12-01 13:50:00,245.609,245.609,245.307,245.408,12
2008-12-01 13:51:00,245.759,245.86,245.558,245.558,13
2008-12-01 13:52:00,245.709,245.81,245.558,245.709,16
2008-12-01 13:53:00,245.609,245.709,245.609,245.659,6
2008-12-01 13:54:00,245.558,245.659,245.508,245.659,10
2008-12-01 13:55:00,245.608,245.608,245.458,245.508,5
2008-12-01 13:56:00,245.407,245.608,245.407,245.508,12
2008-12-01 13:57:00,245.558,245.558,245.407,245.508,9
2008-12-01 13:58:00,245.407,245.558,245.407,245.508,6
2008-12-01 13:59:00,245.608,245.759,245.508,245.508,7
2008-12-01 14:00:00,245.658,245.759,245.608,245.658,9
2008-12-01 14:01:00,245.759,245.96,245.709,245.759,12
2008-12-01 14:02:00,245.608,245.759,245.608,245.658,8
2008-12-01 14:03:00,245.608,245.658,245.558,245.558,4
2008-12-01 14:04:00,245.457,245.608,245.256,245.558,21
2008-12-01 14:05:00,245.457,245.507,245.407,245.507,6
2008-12-01 14:06:00,245.759,245.759,245.457,245.558,11
2008-12-01 14:07:00,245.658,245.91,245.658,245.809,7
2008-12-01 14:08:00,245.507,245.608,245.507,245.608,2
2008-12-01 14:09:00,245.658,245.658,245.256,245.608,19
2008-12-01 14:10:00,245.507,245.608,245.507,245.608,3
2008-12-01 14:11:00,245.306,245.457,245.205,245.457,6
2008-12-01 14:12:00,245.406,245.406,245.205,245.256,9
2008-12-01 14:13:00,245.306,245.557,245.306,245.457,10
2008-12-01 14:14:00,245.104,245.356,245.004,245.205,19
2008-12-01 14:15:00,245.104,245.155,244.954,245.155,7
2008-12-01 14:16:00,245.004,245.054,244.903,245.054,13
2008-12-01 14:17:00,244.853,245.155,244.853,245.104,7
2008-12-01 14:18:00,244.752,244.803,244.752,244.803,2
2008-12-01 14:19:00,244.601,244.752,244.601,244.702,21
2008-12-01 14:20:00,245.004,245.004,244.702,244.702,9
2008-12-01 14:21:00,244.903,244.953,244.802,244.953,5
2008-12-01 14:22:00,244.702,244.853,244.702,244.853,8
2008-12-01 14:23:00,244.702,244.853,244.501,244.651,28
2008-12-01 14:24:00,244.551,244.651,244.551,244.651,5
2008-12-01 14:25:00,244.5,244.601,244.5,244.601,9
2008-12-01 14:26:00,244.651,244.752,244.551,244.551,14
2008-12-01 14:27:00,244.601,244.752,244.5,244.702,9
2008-12-01 14:28:00,244.601,244.651,244.5,244.551,7
2008-12-01 14:29:00,244.55,244.601,244.5,244.551,10
2008-12-01 14:30:00,244.5,244.752,244.4,244.5,36
2008-12-01 14:31:00,244.299,244.802,243.997,244.45,74
2008-12-01 14:32:00,244.047,244.55,243.947,244.349,43
2008-12-01 14:33:00,243.846,244.148,243.846,244.098,49
2008-12-01 14:34:00,243.293,243.947,243.293,243.796,55
2008-12-01 14:35:00,243.293,243.494,243.092,243.444,69
2008-12-01 14:36:00,243.494,243.544,243.142,243.343,48
2008-12-01 14:37:00,243.494,243.544,242.891,243.444,68
2008-12-01 14:38:00,243.645,243.745,243.192,243.444,55
2008-12-01 14:39:00,243.343,243.695,243.192,243.595,67
2008-12-01 14:40:00,242.488,243.393,242.488,243.393,73
2008-12-01 14:41:00,242.538,242.84,242.237,242.538,87
2008-12-01 14:42:00,242.237,242.739,242.237,242.589,68
2008-12-01 14:43:00,242.488,242.589,242.136,242.387,66
2008-12-01 14:44:00,241.834,242.438,241.583,242.438,73
2008-12-01 14:45:00,242.136,242.186,241.583,241.683,45
2008-12-01 14:46:00,241.834,242.236,241.834,242.086,36
2008-12-01 14:47:00,241.884,242.186,241.784,241.884,38
2008-12-01 14:48:00,241.784,241.935,241.582,241.935,48
2008-12-01 14:49:00,241.633,241.884,241.633,241.683,43
2008-12-01 14:50:00,241.13,241.733,241.08,241.582,67
2008-12-01 14:51:00,240.778,241.431,240.727,241.08,72
2008-12-01 14:52:00,240.677,241.029,240.627,240.828,76
2008-12-01 14:53:00,240.677,241.029,240.627,240.778,61
2008-12-01 14:54:00,241.13,241.13,240.677,240.727,73
2008-12-01 14:55:00,241.331,241.331,241.079,241.079,25
2008-12-01 14:56:00,241.532,241.532,241.18,241.23,33
2008-12-01 14:57:00,241.431,241.582,241.431,241.481,22
2008-12-01 14:58:00,241.331,241.532,241.18,241.481,54
2008-12-01 14:59:00,241.18,241.431,241.18,241.381,40
2008-12-01 15:00:00,240.928,241.632,240.928,241.28,70
2008-12-01 15:01:00,241.431,241.632,240.978,240.978,43
2008-12-01 15:02:00,241.783,241.833,241.029,241.481,61
2008-12-01 15:03:00,241.883,241.934,241.481,241.833,28
2008-12-01 15:04:00,241.682,242.034,241.632,241.934,40
2008-12-01 15:05:00,241.38,241.984,241.38,241.783,79
2008-12-01 15:06:00,241.179,241.38,240.878,241.33,61
2008-12-01 15:07:00,240.777,241.28,240.727,241.23,59
2008-12-01 15:08:00,240.928,241.179,240.827,240.877,35
2008-12-01 15:09:00,240.978,241.028,240.626,240.877,44
2008-12-01 15:10:00,240.978,241.229,240.928,240.928,46
2008-12-01 15:11:00,240.877,241.179,240.676,241.028,49
2008-12-01 15:12:00,241.078,241.229,240.777,240.928,51
2008-12-01 15:13:00,241.481,241.631,241.078,241.129,44
2008-12-01 15:14:00,241.028,241.43,240.777,241.38,41
2008-12-01 15:15:00,241.128,241.129,240.676,241.078,34
2008-12-01 15:16:00,241.279,241.279,240.827,241.078,41
2008-12-01 15:17:00,241.279,241.38,241.028,241.229,14
2008-12-01 15:18:00,241.128,241.329,241.028,241.229,35
2008-12-01 15:19:00,240.827,241.229,240.776,241.179,35
2008-12-01 15:20:00,240.776,240.827,240.676,240.726,20
2008-12-01 15:21:00,240.726,240.977,240.676,240.726,16
2008-12-01 15:22:00,240.726,240.927,240.726,240.776,19
2008-12-01 15:23:00,240.625,240.826,240.575,240.776,32
2008-12-01 15:24:00,240.575,240.877,240.474,240.675,27
2008-12-01 15:25:00,240.374,240.474,240.122,240.474,41
2008-12-01 15:26:00,239.971,240.474,239.921,240.323,33
2008-12-01 15:27:00,240.122,240.223,239.921,239.921,18
2008-12-01 15:28:00,239.669,240.122,239.519,240.072,43
2008-12-01 15:29:00,239.72,240.021,239.569,239.619,39
2008-12-01 15:30:00,239.518,239.669,239.317,239.669,30
2008-12-01 15:31:00,239.368,239.619,239.368,239.468,23
2008-12-01 15:32:00,239.367,239.518,239.116,239.418,56
2008-12-01 15:33:00,239.569,239.569,239.166,239.317,35
2008-12-01 15:34:00,239.569,239.82,239.367,239.619,43
2008-12-01 15:35:00,239.619,239.719,239.468,239.518,36
2008-12-01 15:36:00,239.82,239.92,239.669,239.669,17
2008-12-01 15:37:00,239.568,239.971,239.568,239.87,29
2008-12-01 15:38:00,239.568,239.669,239.518,239.518,9
2008-12-01 15:39:00,239.568,239.719,239.568,239.619,12
2008-12-01 15:40:00,239.568,239.769,239.216,239.619,37
2008-12-01 15:41:00,239.97,240.071,239.669,239.669,28
2008-12-01 15:42:00,239.82,240.172,239.769,240.021,37
2008-12-01 15:43:00,239.669,240.021,239.618,239.769,40
2008-12-01 15:44:00,240.222,240.272,239.719,239.719,25
2008-12-01 15:45:00,240.423,240.473,240.171,240.171,27
2008-12-01 15:46:00,240.121,240.775,240.071,240.574,48
2008-12-01 15:47:00,240.372,240.523,240.071,240.071,26
2008-12-01 15:48:00,240.171,240.473,240.02,240.423,33
2008-12-01 15:49:00,239.92,240.272,239.92,240.121,30
2008-12-01 15:50:00,239.97,240.423,239.97,239.97,44
2008-12-01 15:51:00,239.869,240.221,239.869,240.071,20
2008-12-01 15:52:00,239.92,239.97,239.618,239.769,26
2008-12-01 15:53:00,239.718,239.97,239.668,239.97,19
2008-12-01 15:54:00,239.769,239.869,239.618,239.769,15
2008-12-01 15:55:00,239.215,239.769,239.115,239.718,32
2008-12-01 15:56:00,238.511,239.467,238.511,239.266,52
2008-12-01 15:57:00,237.807,238.612,237.757,238.562,56
2008-12-01 15:58:00,237.908,238.059,237.606,237.858,51
2008-12-01 15:59:00,237.455,238.008,237.405,237.958,37
2008-12-01 16:00:00,237.304,237.455,237.153,237.405,55
2008-12-01 16:01:00,237.656,237.707,237.204,237.355,30
2008-12-01 16:02:00,237.556,237.706,237.304,237.706,35
2008-12-01 16:03:00,237.656,237.807,237.455,237.606,29
2008-12-01 16:04:00,237.606,237.857,237.606,237.706,24
2008-12-01 16:05:00,237.354,237.706,237.304,237.656,28
2008-12-01 16:06:00,237.505,237.656,237.203,237.304,38
2008-12-01 16:07:00,237.555,237.706,237.455,237.555,13
2008-12-01 16:08:00,237.304,237.505,237.153,237.455,30
2008-12-01 16:09:00,236.851,237.354,236.851,237.354,40
2008-12-01 16:10:00,237.153,237.304,236.7,236.801,63
2008-12-01 16:11:00,237.253,237.455,236.952,237.203,26
2008-12-01 16:12:00,237.354,237.555,237.153,237.153,28
2008-12-01 16:13:00,237.806,237.857,237.404,237.404,25
2008-12-01 16:14:00,237.907,238.058,237.857,237.857,50
2008-12-01 16:15:00,238.309,238.359,237.957,237.957,34
2008-12-01 16:16:00,238.209,238.561,238.108,238.359,39
2008-12-01 16:17:00,238.711,238.711,238.108,238.158,41
2008-12-01 16:18:00,239.063,239.063,238.661,238.661,47
2008-12-01 16:19:00,239.415,239.415,238.963,239.013,41
2008-12-01 16:20:00,239.516,239.566,239.365,239.365,46
2008-12-01 16:21:00,239.717,239.717,239.466,239.566,40
2008-12-01 16:22:00,239.415,239.767,239.315,239.667,52
2008-12-01 16:23:00,238.963,239.415,238.963,239.365,46
2008-12-01 16:24:00,238.962,239.013,238.711,239.013,42
2008-12-01 16:25:00,238.56,239.013,238.56,239.013,40
2008-12-01 16:26:00,238.359,238.61,238.158,238.51,64
2008-12-01 16:27:00,238.007,238.56,238.007,238.409,38
2008-12-01 16:28:00,237.051,238.057,237.051,237.957,59
2008-12-01 16:29:00,236.8,237.102,236.448,237.102,90
2008-12-01 16:30:00,237.303,237.504,236.8,236.85,75
2008-12-01 16:31:00,237.101,237.705,237.051,237.454,49
2008-12-01 16:32:00,237.001,237.303,236.8,237.152,62
2008-12-01 16:33:00,237.152,237.303,236.9,237.051,51
2008-12-01 16:34:00,237.906,238.208,237.202,237.202,131
2008-12-01 16:35:00,238.107,238.157,237.403,237.856,61
2008-12-01 16:36:00,239.012,239.264,238.208,238.208,40
2008-12-01 16:37:00,238.811,238.962,238.358,238.861,32
2008-12-01 16:38:00,238.61,238.71,238.308,238.71,40
2008-12-01 16:39:00,238.258,238.761,238.258,238.66,14
2008-12-01 16:40:00,238.911,239.364,238.207,238.207,32
2008-12-01 16:41:00,238.76,238.861,238.76,238.861,11
2008-12-01 16:42:00,238.559,238.76,238.559,238.66,9
2008-12-01 16:43:00,238.207,238.408,238.107,238.408,5
2008-12-01 16:44:00,238.308,238.308,238.257,238.257,2
2008-12-01 16:45:00,238.257,238.358,238.257,238.257,5
2008-12-01 16:46:00,238.458,238.458,238.308,238.358,5
2008-12-01 16:47:00,238.308,238.308,238.308,238.308,1
2008-12-01 16:48:00,238.257,238.358,238.257,238.257,3
2008-12-01 16:49:00,238.307,238.408,238.106,238.106,8
2008-12-01 16:51:00,238.307,238.307,238.156,238.156,2
2008-12-01 16:52:00,237.654,238.156,237.402,238.156,4
2008-12-01 16:54:00,237.553,237.553,237.553,237.553,1
2008-12-01 16:55:00,238.005,238.005,238.005,238.005,1
2008-12-01 16:57:00,238.357,238.357,237.653,237.653,4
2008-12-01 16:58:00,238.106,238.106,238.106,238.106,1
2008-12-01 16:59:00,237.452,238.257,237.452,238.257,4
2008-12-01 17:00:00,237.351,237.553,237.351,237.402,4
2008-12-01 17:03:00,237.1,237.301,237.1,237.301,3
2008-12-01 17:04:00,237.351,237.351,236.848,236.899,9
2008-12-01 17:05:00,237.351,237.502,237.351,237.502,2
2008-12-01 17:06:00,237.502,237.502,237.1,237.1,3
2008-12-01 17:08:00,237.351,237.351,237.351,237.351,1
2008-12-01 17:10:00,237.854,237.854,237.25,237.25,6
2008-12-01 17:12:00,237.703,237.703,237.703,237.703,1
2008-12-01 17:13:00,238.105,238.105,237.904,237.904,3
2008-12-01 17:14:00,238.708,238.708,238.306,238.306,7
2008-12-02 07:00:00,234.341,235.447,233.939,235.296,28
2008-12-02 07:01:00,234.291,234.592,233.738,234.391,23
2008-12-02 07:02:00,233.637,233.989,233.386,233.989,14
2008-12-02 07:03:00,232.983,233.687,232.883,233.687,15
2008-12-02 07:04:00,232.782,233.385,232.782,233.084,19
2008-12-02 07:05:00,232.631,233.084,232.631,233.034,12
2008-12-02 07:06:00,232.531,232.631,232.48,232.531,6
2008-12-02 07:07:00,232.581,232.782,232.279,232.48,13
2008-12-02 07:08:00,232.983,232.983,232.883,232.883,2
2008-12-02 07:09:00,232.933,232.983,232.882,232.882,3
2008-12-02 07:10:00,233.385,233.385,232.983,232.983,7
2008-12-02 07:11:00,233.134,233.285,233.134,233.285,3
2008-12-02 07:13:00,233.033,233.033,233.033,233.033,1
2008-12-02 07:14:00,232.983,232.983,232.832,232.832,3
2008-12-02 07:15:00,232.983,232.983,232.932,232.932,2
2008-12-02 07:16:00,232.731,232.932,232.731,232.932,3
2008-12-02 07:18:00,232.781,232.781,232.781,232.781,1
2008-12-02 07:19:00,232.681,232.681,232.681,232.681,1
2008-12-02 07:20:00,232.832,232.832,232.48,232.48,3
2008-12-02 07:21:00,232.58,232.681,232.58,232.681,2
2008-12-02 07:26:00,232.63,232.63,232.63,232.63,1
2008-12-02 07:28:00,232.68,232.68,232.58,232.58,2
2008-12-02 07:29:00,232.982,232.982,232.731,232.731,2
2008-12-02 07:30:00,232.63,232.63,232.63,232.63,1
2008-12-02 07:31:00,232.228,232.68,232.228,232.68,12
2008-12-02 07:32:00,232.127,232.177,232.127,232.127,3
2008-12-02 07:33:00,232.328,232.328,232.328,232.328,1
2008-12-02 07:34:00,232.63,232.73,232.429,232.429,10
2008-12-02 07:35:00,232.328,232.479,232.328,232.479,2
2008-12-02 07:36:00,232.328,232.328,232.278,232.278,2
2008-12-02 07:37:00,232.479,232.479,232.479,232.479,1
2008-12-02 07:38:00,232.227,232.529,232.227,232.529,3
2008-12-02 07:40:00,232.328,232.428,232.076,232.428,4
2008-12-02 07:41:00,232.529,232.529,232.529,232.529,1
2008-12-02 07:42:00,232.378,232.479,232.378,232.479,2
2008-12-02 07:44:00,232.428,232.579,232.428,232.579,3
2008-12-02 07:45:00,232.78,232.78,232.679,232.679,2
2008-12-02 07:46:00,232.73,232.73,232.73,232.73,1
2008-12-02 07:47:00,232.629,232.629,232.428,232.629,4
2008-12-02 07:48:00,232.78,232.78,232.73,232.73,2
2008-12-02 07:49:00,233.082,233.082,232.981,233.031,3
2008-12-02 07:50:00,233.031,233.031,233.031,233.031,1
2008-12-02 07:51:00,233.333,233.333,232.78,233.081,14
2008-12-02 07:52:00,233.282,233.282,233.232,233.232,2
2008-12-02 07:53:00,233.685,233.685,233.333,233.333,7
2008-12-02 07:54:00,233.634,233.634,233.534,233.584,5
2008-12-02 07:55:00,233.835,233.835,233.634,233.685,7
2008-12-02 07:56:00,233.584,233.886,233.534,233.785,18
2008-12-02 07:57:00,233.483,233.785,233.332,233.785,9
2008-12-02 07:58:00,233.031,233.332,232.88,233.332,10
2008-12-02 07:59:00,232.779,233.031,232.679,232.98,17
2008-12-02 08:00:00,233.232,233.986,232.93,232.93,133
2008-12-02 08:01:00,233.483,233.483,232.88,233.131,71
2008-12-02 08:02:00,233.734,233.835,233.483,233.533,93
2008-12-02 08:03:00,233.684,233.986,233.584,233.785,66
2008-12-02 08:04:00,233.181,233.684,233.131,233.634,48
2008-12-02 08:05:00,233.684,233.885,233.131,233.282,58
2008-12-02 08:06:00,233.634,233.835,233.634,233.785,47
2008-12-02 08:07:00,233.382,233.684,233.181,233.583,49
2008-12-02 08:08:00,233.181,233.533,233.081,233.432,38
2008-12-02 08:09:00,233.835,233.835,233.231,233.231,57
2008-12-02 08:10:00,233.734,234.036,233.633,233.784,79
2008-12-02 08:11:00,233.684,233.935,233.583,233.835,58
2008-12-02 08:12:00,232.98,233.684,232.929,233.633,48
2008-12-02 08:13:00,232.577,233.131,232.427,233.08,66
2008-12-02 08:14:00,232.376,232.728,232.326,232.678,45
2008-12-02 08:15:00,232.527,232.577,232.326,232.477,38
2008-12-02 08:16:00,232.376,232.527,232.175,232.427,50
2008-12-02 08:17:00,232.024,232.426,232.024,232.426,47
2008-12-02 08:18:00,231.773,232.074,231.773,231.974,50
2008-12-02 08:19:00,231.521,231.823,231.32,231.823,65
2008-12-02 08:20:00,231.572,231.622,231.371,231.471,65
2008-12-02 08:21:00,231.119,231.672,231.069,231.622,58
2008-12-02 08:22:00,230.968,231.22,230.868,231.169,59
2008-12-02 08:23:00,231.27,231.37,230.968,231.018,58
2008-12-02 08:24:00,231.823,232.024,231.27,231.32,63
2008-12-02 08:25:00,231.873,231.923,231.471,231.772,45
2008-12-02 08:26:00,231.672,231.923,231.521,231.923,40
2008-12-02 08:27:00,231.923,231.973,231.471,231.722,30
2008-12-02 08:28:00,231.621,231.973,231.37,231.873,48
2008-12-02 08:29:00,231.722,231.823,231.521,231.571,33
2008-12-02 08:30:00,231.873,231.923,231.621,231.772,21
2008-12-02 08:31:00,231.923,232.124,231.822,231.822,30
2008-12-02 08:32:00,232.124,232.124,231.873,231.873,12
2008-12-02 08:33:00,232.426,232.526,232.124,232.174,35
2008-12-02 08:34:00,232.426,232.426,232.224,232.375,27
2008-12-02 08:35:00,232.375,232.426,232.224,232.375,12
2008-12-02 08:36:00,232.677,232.677,232.425,232.425,11
2008-12-02 08:37:00,232.828,233.079,232.526,232.576,25
2008-12-02 08:38:00,232.677,232.878,232.576,232.878,27
2008-12-02 08:39:00,232.375,232.777,232.325,232.576,24
2008-12-02 08:40:00,232.576,232.727,232.425,232.476,24
2008-12-02 08:41:00,232.878,232.928,232.425,232.526,31
2008-12-02 08:42:00,232.677,232.978,232.626,232.827,13
2008-12-02 08:43:00,232.827,232.827,232.626,232.626,14
2008-12-02 08:44:00,233.079,233.179,232.878,232.878,46
2008-12-02 08:45:00,233.179,233.179,232.928,233.129,43
2008-12-02 08:46:00,233.43,233.481,233.079,233.229,14
2008-12-02 08:47:00,233.28,233.581,233.28,233.481,14
2008-12-02 08:48:00,233.38,233.481,233.229,233.229,33
2008-12-02 08:49:00,233.481,233.481,233.33,233.43,15
2008-12-02 08:50:00,233.782,233.782,233.481,233.531,21
2008-12-02 08:51:00,234.034,234.084,233.581,233.631,24
2008-12-02 08:52:00,234.385,234.385,234.033,234.084,36
2008-12-02 08:53:00,234.235,234.335,234.134,234.285,27
2008-12-02 08:54:00,234.436,234.536,234.134,234.184,31
2008-12-02 08:55:00,234.687,234.888,234.436,234.536,25
2008-12-02 08:56:00,234.888,234.888,234.586,234.787,36
2008-12-02 08:57:00,234.988,235.089,234.838,234.838,27
2008-12-02 08:58:00,234.988,235.139,234.938,235.039,25
2008-12-02 08:59:00,234.284,235.039,234.284,234.938,41
2008-12-02 09:00:00,234.083,234.586,234.083,234.335,28
2008-12-02 09:01:00,233.832,234.083,233.832,233.932,17
2008-12-02 09:02:00,233.882,234.284,233.832,233.983,26
2008-12-02 09:03:00,234.284,234.284,233.932,233.932,23
2008-12-02 09:04:00,234.686,234.737,234.234,234.234,28
2008-12-02 09:05:00,235.089,235.189,234.737,234.787,27
2008-12-02 09:06:00,235.089,235.29,234.887,235.189,44
2008-12-02 09:07:00,235.541,235.742,235.139,235.139,30
2008-12-02 09:08:00,235.44,235.591,235.39,235.591,20
2008-12-02 09:09:00,235.641,235.742,235.34,235.39,20
2008-12-02 09:10:00,236.094,236.094,235.641,235.692,22
2008-12-02 09:11:00,235.993,236.144,235.842,236.144,24
2008-12-02 09:12:00,235.591,235.943,235.591,235.943,27
2008-12-02 09:13:00,235.641,235.893,235.591,235.641,17
2008-12-02 09:14:00,235.541,235.742,235.39,235.742,23
2008-12-02 09:15:00,235.189,235.591,235.138,235.591,19
2008-12-02 09:16:00,235.038,235.289,235.038,235.289,34
2008-12-02 09:17:00,234.987,235.189,234.987,235.138,19
2008-12-02 09:18:00,235.138,235.239,235.038,235.088,21
2008-12-02 09:19:00,235.289,235.289,235.088,235.088,7
2008-12-02 09:20:00,235.591,235.691,235.339,235.339,22
2008-12-02 09:21:00,235.339,235.691,235.289,235.691,15
2008-12-02 09:22:00,234.685,235.239,234.585,235.239,21
2008-12-02 09:23:00,234.635,234.836,234.585,234.635,22
2008-12-02 09:24:00,234.283,234.585,234.283,234.585,19
2008-12-02 09:25:00,234.736,234.886,234.132,234.233,41
2008-12-02 09:26:00,234.384,234.786,234.233,234.685,27
2008-12-02 09:27:00,234.736,234.786,234.233,234.333,46
2008-12-02 09:28:00,234.333,234.685,234.233,234.685,29
2008-12-02 09:29:00,234.383,234.585,234.233,234.384,20
2008-12-02 09:30:00,233.981,234.283,233.881,234.283,23
2008-12-02 09:31:00,234.182,234.233,233.931,233.931,17
2008-12-02 09:32:00,234.283,234.333,234.082,234.082,14
2008-12-02 09:33:00,233.629,234.232,233.629,234.232,24
2008-12-02 09:34:00,233.88,233.931,233.579,233.679,16
2008-12-02 09:35:00,233.981,233.981,233.83,233.931,11
2008-12-02 09:36:00,234.283,234.484,233.931,234.031,28
2008-12-02 09:37:00,234.584,234.735,234.383,234.383,24
2008-12-02 09:38:00,234.886,235.037,234.534,234.534,16
2008-12-02 09:39:00,234.383,234.886,234.182,234.835,35
2008-12-02 09:40:00,233.88,234.483,233.88,234.483,25
2008-12-02 09:41:00,233.679,233.981,233.578,233.83,29
2008-12-02 09:42:00,233.528,233.729,233.076,233.729,44
2008-12-02 09:43:00,233.327,233.679,233.327,233.478,10
2008-12-02 09:44:00,233.478,233.629,233.427,233.578,13
2008-12-02 09:45:00,233.277,233.679,233.277,233.528,18
2008-12-02 09:46:00,233.226,233.528,233.126,233.226,36
2008-12-02 09:47:00,233.327,233.327,233.126,233.176,14
2008-12-02 09:48:00,233.427,233.528,233.377,233.377,10
2008-12-02 09:49:00,233.93,233.93,233.478,233.478,17
2008-12-02 09:50:00,234.03,234.181,233.829,233.829,31
2008-12-02 09:51:00,233.477,233.98,233.477,233.98,31
2008-12-02 09:52:00,233.528,233.829,233.528,233.528,21
2008-12-02 09:53:00,234.382,234.382,233.578,233.578,23
2008-12-02 09:54:00,234.734,234.784,234.231,234.282,39
2008-12-02 09:55:00,234.935,235.388,234.684,234.784,70
2008-12-02 09:56:00,235.086,235.186,234.885,235.036,32
2008-12-02 09:57:00,234.734,235.136,234.734,235.036,15
2008-12-02 09:58:00,235.136,235.237,234.784,234.784,32
2008-12-02 09:59:00,235.337,235.387,235.036,235.237,32
2008-12-02 10:00:00,235.136,235.387,235.136,235.237,21
2008-12-02 10:01:00,235.538,235.588,234.935,235.086,24
2008-12-02 10:02:00,235.89,236.242,235.538,235.588,50
2008-12-02 10:03:00,235.84,236.041,235.84,235.94,15
2008-12-02 10:04:00,235.789,235.94,235.689,235.89,12
2008-12-02 10:05:00,235.84,235.94,235.84,235.89,17
2008-12-02 10:06:00,235.99,236.191,235.89,235.94,22
2008-12-02 10:07:00,235.99,236.191,235.89,235.94,32
2008-12-02 10:08:00,236.996,236.996,236.041,236.041,57
2008-12-02 10:09:00,237.348,237.448,237.046,237.046,44
2008-12-02 10:10:00,237.75,237.8,237.297,237.398,28
2008-12-02 10:11:00,237.398,237.699,237.146,237.699,35
2008-12-02 10:12:00,237.649,237.649,237.247,237.297,31
2008-12-02 10:13:00,237.398,237.649,237.297,237.599,32
2008-12-02 10:14:00,238.152,238.152,237.448,237.448,32
2008-12-02 10:15:00,238.001,238.303,237.85,238.101,50
2008-12-02 10:16:00,237.297,238.101,237.297,238.101,52
2008-12-02 10:17:00,237.649,237.649,237.146,237.247,15
2008-12-02 10:18:00,237.699,237.749,237.347,237.599,24
2008-12-02 10:19:00,237.699,237.8,237.548,237.599,10
2008-12-02 10:20:00,238.151,238.151,237.699,237.8,20
2008-12-02 10:21:00,237.799,238.151,237.749,238.051,20
2008-12-02 10:22:00,237.699,238.101,237.699,237.85,13
2008-12-02 10:23:00,237.498,237.799,237.498,237.799,16
2008-12-02 10:24:00,237.447,237.598,237.447,237.598,14
2008-12-02 10:25:00,237.799,237.799,237.397,237.397,10
2008-12-02 10:26:00,237.799,238.201,237.799,237.85,23
2008-12-02 10:27:00,238.051,238.151,237.799,237.849,18
2008-12-02 10:28:00,239.157,239.207,238.101,238.151,46
2008-12-02 10:29:00,238.754,239.106,238.402,239.106,41
2008-12-02 10:30:00,238.855,239.006,238.754,238.805,27
2008-12-02 10:31:00,238.302,238.905,238.302,238.905,27
2008-12-02 10:32:00,238.503,238.603,238.302,238.402,13
2008-12-02 10:33:00,238.251,238.603,238.151,238.603,24
2008-12-02 10:34:00,238.402,238.452,238.0,238.201,11
2008-12-02 10:35:00,238.251,238.452,238.1,238.452,14
2008-12-02 10:36:00,238.854,238.854,238.0,238.301,23
2008-12-02 10:37:00,238.754,239.156,238.704,238.754,21
2008-12-02 10:38:00,239.005,239.257,238.603,238.653,27
2008-12-02 10:39:00,239.206,239.256,238.854,238.854,24
2008-12-02 10:40:00,238.603,239.106,238.603,239.106,32
2008-12-02 10:41:00,238.502,238.804,238.301,238.653,27
2008-12-02 10:42:00,238.452,238.502,238.251,238.452,12
2008-12-02 10:43:00,238.2,238.653,238.1,238.603,21
2008-12-02 10:44:00,238.351,238.402,238.15,238.15,10
2008-12-02 10:45:00,238.502,238.653,238.301,238.301,15
2008-12-02 10:46:00,238.703,238.753,238.452,238.452,17
2008-12-02 10:47:00,238.502,238.653,238.401,238.653,9
2008-12-02 10:48:00,238.502,238.502,238.401,238.401,3
2008-12-02 10:49:00,238.452,238.602,238.301,238.552,12
2008-12-02 10:50:00,239.005,239.005,238.401,238.401,11
2008-12-02 10:51:00,239.004,239.105,238.854,239.105,8
2008-12-02 10:52:00,238.502,239.055,238.502,239.055,12
2008-12-02 10:53:00,238.602,238.602,238.502,238.552,9
2008-12-02 10:54:00,238.803,238.904,238.652,238.652,9
2008-12-02 10:55:00,238.703,238.703,238.502,238.652,8
2008-12-02 10:56:00,238.602,238.753,238.552,238.753,9
2008-12-02 10:57:00,238.602,238.703,238.552,238.652,4
2008-12-02 10:58:00,238.552,238.552,238.351,238.451,8
2008-12-02 10:59:00,238.3,238.602,238.2,238.602,20
2008-12-02 11:00:00,238.702,238.702,238.35,238.35,10
2008-12-02 11:01:00,238.501,238.702,238.501,238.652,7
2008-12-02 11:02:00,238.551,238.753,238.551,238.652,5
2008-12-02 11:03:00,238.451,238.551,238.35,238.501,14
2008-12-02 11:04:00,238.25,238.501,238.099,238.35,18
2008-12-02 11:05:00,238.602,238.602,238.3,238.3,13
2008-12-02 11:06:00,239.004,239.054,238.602,238.652,20
2008-12-02 11:07:00,239.607,239.607,239.054,239.054,35
2008-12-02 11:08:00,239.305,239.707,239.205,239.657,30
2008-12-02 11:09:00,239.908,239.908,239.506,239.506,18
2008-12-02 11:10:00,239.808,239.959,239.707,239.959,11
2008-12-02 11:11:00,239.657,240.16,239.556,239.858,36
2008-12-02 11:12:00,239.959,239.959,239.506,239.607,14
2008-12-02 11:13:00,239.556,240.009,239.556,240.009,12
2008-12-02 11:14:00,239.908,239.908,239.607,239.607,14
2008-12-02 11:15:00,240.26,240.411,239.908,239.958,31
2008-12-02 11:16:00,240.662,240.763,240.21,240.31,24
2008-12-02 11:17:00,240.813,240.964,240.411,240.511,15
2008-12-02 11:18:00,240.612,240.964,240.36,240.863,20
2008-12-02 11:19:00,240.612,240.612,240.36,240.562,14
2008-12-02 11:20:00,240.511,240.561,240.36,240.511,9
2008-12-02 11:21:00,240.662,240.813,240.36,240.36,16
2008-12-02 11:22:00,240.813,241.014,240.612,240.762,24
2008-12-02 11:23:00,240.863,241.114,240.863,240.863,12
2008-12-02 11:24:00,241.366,241.366,240.913,240.963,20
2008-12-02 11:25:00,241.265,241.718,241.014,241.416,47
2008-12-02 11:26:00,241.014,241.215,240.913,241.164,13
2008-12-02 11:27:00,240.611,241.064,240.611,240.963,23
2008-12-02 11:28:00,240.511,240.762,240.46,240.762,16
2008-12-02 11:29:00,240.41,240.561,240.209,240.561,22
2008-12-02 11:30:00,240.108,240.511,240.108,240.46,23
2008-12-02 11:31:00,239.807,240.209,239.807,240.159,18
2008-12-02 11:32:00,239.706,239.907,239.555,239.857,27
2008-12-02 11:33:00,239.907,239.957,239.756,239.807,20
2008-12-02 11:34:00,240.058,240.108,239.857,239.957,15
2008-12-02 11:35:00,240.711,240.762,240.108,240.108,23
2008-12-02 11:36:00,240.862,240.862,240.661,240.812,14
2008-12-02 11:37:00,240.611,240.812,240.359,240.812,27
2008-12-02 11:38:00,240.611,241.114,240.309,240.711,53
2008-12-02 11:39:00,240.51,240.711,240.309,240.56,64
2008-12-02 11:40:00,240.711,240.711,240.309,240.56,57
2008-12-02 11:41:00,240.862,241.063,240.661,240.761,29
2008-12-02 11:42:00,241.013,241.063,240.912,240.912,23
2008-12-02 11:43:00,241.013,241.163,240.862,240.962,65
2008-12-02 11:44:00,241.013,241.264,240.862,241.113,41
2008-12-02 11:45:00,241.013,241.264,241.013,241.063,17
2008-12-02 11:46:00,240.862,241.113,240.862,241.113,12
2008-12-02 11:47:00,241.214,241.264,240.912,240.962,21
2008-12-02 11:48:00,241.465,241.565,241.113,241.264,23
2008-12-02 11:49:00,241.264,241.666,241.163,241.616,26
2008-12-02 11:50:00,241.113,241.364,241.063,241.213,33
2008-12-02 11:51:00,241.515,241.565,241.163,241.163,18
2008-12-02 11:52:00,241.414,241.565,241.314,241.565,12
2008-12-02 11:53:00,241.364,241.515,241.314,241.465,11
2008-12-02 11:54:00,241.364,241.414,241.163,241.414,12
2008-12-02 11:55:00,241.464,241.464,241.314,241.314,18
2008-12-02 11:56:00,241.816,241.917,241.414,241.414,37
2008-12-02 11:57:00,241.112,241.716,241.062,241.716,44
2008-12-02 11:58:00,241.112,241.314,241.012,241.213,28
2008-12-02 11:59:00,241.364,241.364,241.062,241.163,19
2008-12-02 12:00:00,241.464,241.565,241.364,241.515,26
2008-12-02 12:01:00,241.414,241.565,241.263,241.414,23
2008-12-02 12:02:00,241.012,241.364,241.012,241.364,19
2008-12-02 12:03:00,241.012,241.062,240.911,241.062,11
2008-12-02 12:04:00,241.162,241.162,240.961,240.961,11
2008-12-02 12:05:00,241.313,241.514,241.213,241.213,24
2008-12-02 12:06:00,241.112,241.313,241.112,241.263,10
2008-12-02 12:07:00,241.112,241.162,241.062,241.062,8
2008-12-02 12:08:00,240.559,241.062,240.509,241.062,21
2008-12-02 12:09:00,240.408,240.609,240.408,240.609,14
2008-12-02 12:10:00,239.905,240.458,239.855,240.358,34
2008-12-02 12:11:00,240.106,240.307,239.855,239.855,32
2008-12-02 12:12:00,239.905,240.157,239.905,240.056,12
2008-12-02 12:13:00,240.358,240.408,240.006,240.006,22
2008-12-02 12:14:00,240.86,240.86,240.357,240.458,21
2008-12-02 12:15:00,240.659,240.81,240.257,240.76,33
2008-12-02 12:16:00,241.313,241.313,240.709,240.709,16
2008-12-02 12:17:00,241.312,241.413,241.212,241.212,26
2008-12-02 12:18:00,241.413,241.514,241.212,241.363,8
2008-12-02 12:19:00,241.614,241.865,241.463,241.514,24
2008-12-02 12:20:00,241.363,241.564,241.262,241.564,15
2008-12-02 12:21:00,241.312,241.413,241.212,241.312,9
2008-12-02 12:22:00,241.212,241.363,240.759,241.363,16
2008-12-02 12:23:00,240.156,241.111,240.106,241.011,23
2008-12-02 12:24:00,240.357,240.608,240.005,240.106,21
2008-12-02 12:25:00,240.608,240.659,240.206,240.256,21
2008-12-02 12:26:00,240.608,240.759,240.407,240.659,13
2008-12-02 12:27:00,240.809,240.809,240.357,240.558,20
2008-12-02 12:28:00,240.608,240.91,240.508,240.859,11
2008-12-02 12:29:00,240.96,241.161,240.558,240.558,17
2008-12-02 12:30:00,240.91,241.01,240.809,241.01,8
2008-12-02 12:31:00,240.809,240.91,240.708,240.859,6
2008-12-02 12:32:00,240.507,240.859,240.306,240.859,24
2008-12-02 12:33:00,240.356,240.558,240.356,240.457,7
2008-12-02 12:34:00,240.306,240.407,240.256,240.407,7
2008-12-02 12:35:00,240.004,240.256,240.004,240.256,10
2008-12-02 12:36:00,239.854,240.155,239.803,240.155,13
2008-12-02 12:37:00,239.803,239.954,239.652,239.954,18
2008-12-02 12:38:00,239.652,239.853,239.602,239.703,9
2008-12-02 12:39:00,239.451,239.602,239.351,239.602,16
2008-12-02 12:40:00,239.703,239.853,239.401,239.401,26
2008-12-02 12:41:00,239.702,239.702,239.501,239.602,16
2008-12-02 12:42:00,239.702,239.853,239.501,239.753,13
2008-12-02 12:43:00,240.105,240.155,239.652,239.652,22
2008-12-02 12:44:00,239.401,240.205,239.35,240.205,18
2008-12-02 12:45:00,239.602,239.803,239.401,239.551,12
2008-12-02 12:46:00,239.3,239.702,239.3,239.702,11
2008-12-02 12:47:00,239.752,239.954,239.401,239.401,27
2008-12-02 12:48:00,239.903,240.004,239.602,239.602,12
2008-12-02 12:49:00,240.054,240.054,239.853,239.953,10
2008-12-02 12:50:00,240.255,240.255,240.004,240.004,12
2008-12-02 12:51:00,240.607,240.607,240.205,240.205,13
2008-12-02 12:52:00,240.406,240.607,240.255,240.557,13
2008-12-02 12:53:00,240.104,240.406,240.054,240.355,12
2008-12-02 12:54:00,240.104,240.154,239.903,240.154,15
2008-12-02 12:55:00,239.802,240.003,239.601,240.003,11
2008-12-02 12:56:00,239.752,239.752,239.551,239.752,9
2008-12-02 12:57:00,240.003,240.054,239.601,239.702,21
2008-12-02 12:58:00,239.702,239.953,239.651,239.903,17
2008-12-02 12:59:00,239.852,240.104,239.5,239.752,28
2008-12-02 13:00:00,239.551,239.752,239.45,239.752,19
2008-12-02 13:01:00,239.45,239.651,239.148,239.5,33
2008-12-02 13:02:00,239.199,239.551,238.998,239.551,26
2008-12-02 13:03:00,239.199,239.199,238.998,239.098,14
2008-12-02 13:04:00,238.847,239.249,238.847,239.249,14
2008-12-02 13:05:00,238.746,238.847,238.243,238.796,50
2008-12-02 13:06:00,238.947,239.148,238.796,238.796,31
2008-12-02 13:07:00,239.098,239.098,238.796,238.897,16
2008-12-02 13:08:00,238.947,239.55,238.897,239.198,35
2008-12-02 13:09:00,239.399,239.399,238.897,238.897,29
2008-12-02 13:10:00,239.55,239.801,239.45,239.45,17
2008-12-02 13:11:00,239.701,239.801,239.6,239.6,10
2008-12-02 13:12:00,239.651,239.902,239.5,239.801,16
2008-12-02 13:13:00,239.902,240.153,239.299,239.5,30
2008-12-02 13:14:00,239.952,240.002,239.801,240.002,11
2008-12-02 13:15:00,239.6,240.153,239.6,240.053,17
2008-12-02 13:16:00,239.701,239.902,239.449,239.55,19
2008-12-02 13:17:00,239.349,239.801,239.298,239.801,13
2008-12-02 13:18:00,239.399,239.65,239.248,239.248,11
2008-12-02 13:19:00,239.399,239.399,239.298,239.349,5
2008-12-02 13:20:00,238.293,239.952,238.092,239.248,145
2008-12-02 13:21:00,238.494,238.745,238.192,238.242,42
2008-12-02 13:22:00,239.097,239.097,238.393,238.393,32
2008-12-02 13:23:00,238.946,239.298,238.594,239.198,28
2008-12-02 13:24:00,238.795,238.846,238.293,238.846,29
2008-12-02 13:25:00,238.343,238.946,238.343,238.745,35
2008-12-02 13:26:00,238.343,238.594,237.941,238.443,59
2008-12-02 13:27:00,238.745,238.795,238.142,238.443,46
2008-12-02 13:28:00,238.896,238.896,238.544,238.695,37
2008-12-02 13:29:00,238.996,238.996,238.594,238.845,37
2008-12-02 13:30:00,238.896,239.097,238.745,238.946,33
2008-12-02 13:31:00,238.644,238.845,238.594,238.795,14
2008-12-02 13:32:00,238.895,238.996,238.594,238.594,22
2008-12-02 13:33:00,238.795,238.996,238.594,238.946,29
2008-12-02 13:34:00,238.342,238.895,238.292,238.895,30
2008-12-02 13:35:00,239.197,239.197,238.393,238.393,19
2008-12-02 13:36:00,239.599,239.649,239.297,239.297,15
2008-12-02 13:37:00,239.197,239.599,239.197,239.549,16
2008-12-02 13:38:00,239.096,239.247,238.945,239.096,11
2008-12-02 13:39:00,238.996,239.096,238.744,239.046,17
2008-12-02 13:40:00,238.996,239.046,238.895,238.895,19
2008-12-02 13:41:00,239.046,239.046,238.895,238.945,10
2008-12-02 13:42:00,239.197,239.197,238.995,238.995,3
2008-12-02 13:43:00,239.398,239.398,239.247,239.247,7
2008-12-02 13:44:00,239.498,239.548,239.448,239.498,7
2008-12-02 13:45:00,239.397,239.699,239.397,239.548,12
2008-12-02 13:46:00,239.397,239.498,239.297,239.347,8
2008-12-02 13:47:00,239.397,239.649,239.247,239.297,14
2008-12-02 13:48:00,239.096,239.347,238.895,239.347,14
2008-12-02 13:49:00,239.297,239.297,239.045,239.146,13
2008-12-02 13:50:00,239.196,239.246,239.196,239.246,2
2008-12-02 13:51:00,239.246,239.347,239.246,239.297,4
2008-12-02 13:52:00,239.297,239.297,239.196,239.196,5
2008-12-02 13:53:00,239.196,239.297,239.146,239.246,5
2008-12-02 13:54:00,239.246,239.296,239.146,239.146,5
2008-12-02 13:55:00,239.095,239.296,239.095,239.196,14
2008-12-02 13:57:00,238.693,239.045,238.643,239.045,40
2008-12-02 13:58:00,238.592,238.693,238.542,238.643,10
2008-12-02 13:59:00,238.643,238.793,238.442,238.492,14
2008-12-02 14:00:00,238.592,238.793,238.542,238.693,17
2008-12-02 14:01:00,238.944,238.944,238.542,238.542,14
2008-12-02 14:02:00,238.441,238.944,238.441,238.894,19
2008-12-02 14:03:00,238.391,238.642,238.391,238.542,12
2008-12-02 14:04:00,238.391,238.542,238.341,238.341,10
2008-12-02 14:05:00,238.441,238.492,238.29,238.492,12
2008-12-02 14:06:00,238.341,238.491,238.24,238.491,9
2008-12-02 14:07:00,238.089,238.341,238.089,238.29,11
2008-12-02 14:08:00,238.19,238.24,238.039,238.139,10
2008-12-02 14:09:00,238.039,238.039,238.039,238.039,1
2008-12-02 14:10:00,238.139,238.139,237.989,237.989,4
2008-12-02 14:11:00,238.089,238.29,238.089,238.19,13
2008-12-02 14:12:00,238.039,238.139,237.988,238.039,8
2008-12-02 14:13:00,238.089,238.189,237.938,238.089,10
2008-12-02 14:14:00,238.34,238.441,238.24,238.24,12
2008-12-02 14:15:00,238.34,238.39,238.29,238.39,4
2008-12-02 14:16:00,238.441,238.491,238.24,238.24,5
2008-12-02 14:17:00,238.29,238.34,238.24,238.34,4
2008-12-02 14:18:00,238.491,238.642,238.239,238.34,18
2008-12-02 14:19:00,238.29,238.441,238.239,238.441,4
2008-12-02 14:20:00,238.189,238.34,238.189,238.34,6
2008-12-02 14:21:00,238.29,238.44,238.29,238.29,5
2008-12-02 14:22:00,238.44,238.44,238.29,238.39,6
2008-12-02 14:23:00,238.39,238.491,238.39,238.491,5
2008-12-02 14:24:00,238.34,238.39,238.34,238.34,3
2008-12-02 14:25:00,238.692,238.692,238.289,238.289,11
2008-12-02 14:26:00,238.742,238.842,238.591,238.742,14
2008-12-02 14:27:00,238.742,238.842,238.541,238.691,15
2008-12-02 14:28:00,238.691,238.892,238.641,238.792,15
2008-12-02 14:29:00,238.943,238.993,238.792,238.792,10
2008-12-02 14:30:00,238.892,239.144,238.792,238.892,31
2008-12-02 14:31:00,238.691,239.093,238.39,239.093,43
2008-12-02 14:32:00,238.842,238.892,238.44,238.741,30
2008-12-02 14:33:00,238.54,238.892,238.44,238.892,39
2008-12-02 14:34:00,238.44,238.792,238.339,238.591,33
2008-12-02 14:35:00,238.037,238.54,237.987,238.49,47
2008-12-02 14:36:00,238.188,238.188,237.585,238.088,46
2008-12-02 14:37:00,238.49,238.691,238.037,238.138,32
2008-12-02 14:38:00,238.439,238.942,238.439,238.54,49
2008-12-02 14:39:00,238.188,238.791,238.188,238.49,60
2008-12-02 14:40:00,238.087,238.289,237.736,238.088,37
2008-12-02 14:41:00,237.183,238.087,237.183,238.037,45
2008-12-02 14:42:00,237.082,237.283,236.931,237.132,38
2008-12-02 14:43:00,236.629,237.333,236.629,237.182,47
2008-12-02 14:44:00,236.579,237.132,236.579,236.68,54
2008-12-02 14:45:00,236.579,236.78,236.479,236.68,50
2008-12-02 14:46:00,236.177,236.529,235.925,236.478,64
2008-12-02 14:47:00,236.328,236.478,236.076,236.127,33
2008-12-02 14:48:00,236.428,236.931,236.378,236.378,52
2008-12-02 14:49:00,236.277,236.529,235.976,236.378,71
2008-12-02 14:50:00,236.679,236.73,236.026,236.327,56
2008-12-02 14:51:00,237.031,237.031,236.629,236.73,39
2008-12-02 14:52:00,237.584,237.584,237.031,237.132,38
2008-12-02 14:53:00,237.484,237.685,237.182,237.634,42
2008-12-02 14:54:00,237.383,237.634,237.232,237.433,53
2008-12-02 14:55:00,237.584,237.835,237.031,237.282,38
2008-12-02 14:56:00,236.93,237.785,236.83,237.534,54
2008-12-02 14:57:00,236.729,236.981,236.578,236.88,36
2008-12-02 14:58:00,236.679,236.729,236.327,236.679,35
2008-12-02 14:59:00,237.282,237.282,236.729,236.729,55
2008-12-02 15:00:00,237.684,237.684,236.88,237.383,68
2008-12-02 15:01:00,237.684,237.936,237.282,237.634,61
2008-12-02 15:02:00,238.086,238.137,237.383,237.634,46
2008-12-02 15:03:00,238.187,238.388,237.684,238.036,65
2008-12-02 15:04:00,239.444,239.444,238.287,238.287,72
2008-12-02 15:05:00,239.594,239.745,239.092,239.494,49
2008-12-02 15:06:00,239.544,240.097,239.494,239.695,47
2008-12-02 15:07:00,239.594,239.946,239.594,239.594,37
2008-12-02 15:08:00,240.097,240.097,239.494,239.644,61
2008-12-02 15:09:00,240.197,240.398,239.896,240.197,64
2008-12-02 15:10:00,240.499,240.549,239.544,240.147,74
2008-12-02 15:11:00,240.549,240.851,240.398,240.449,50
2008-12-02 15:12:00,241.052,241.152,240.449,240.499,41
2008-12-02 15:13:00,240.901,241.253,240.8,241.002,42
2008-12-02 15:14:00,240.7,240.951,240.549,240.851,34
2008-12-02 15:15:00,240.7,241.202,240.549,240.8,29
2008-12-02 15:16:00,240.348,240.851,240.247,240.599,30
2008-12-02 15:17:00,240.599,241.102,240.448,240.448,30
2008-12-02 15:18:00,240.448,240.8,240.398,240.549,36
2008-12-02 15:19:00,240.75,241.001,240.398,240.398,40
2008-12-02 15:20:00,240.348,240.75,240.147,240.7,46
2008-12-02 15:21:00,240.599,241.252,240.297,240.398,75
2008-12-02 15:22:00,240.146,240.649,240.146,240.549,28
2008-12-02 15:23:00,240.599,240.75,240.096,240.096,42
2008-12-02 15:24:00,241.101,241.252,240.548,240.548,48
2008-12-02 15:25:00,240.951,241.152,240.649,241.152,43
2008-12-02 15:26:00,240.498,240.9,240.498,240.8,29
2008-12-02 15:27:00,240.548,240.85,240.397,240.548,34
2008-12-02 15:28:00,240.649,241.101,240.448,240.498,33
2008-12-02 15:29:00,240.598,240.95,240.548,240.85,28
2008-12-02 15:30:00,240.749,241.101,240.498,240.8,46
2008-12-02 15:31:00,241.352,241.352,240.799,240.799,47
2008-12-02 15:32:00,241.553,241.604,241.051,241.302,60
2008-12-02 15:33:00,241.604,241.704,241.352,241.604,26
2008-12-02 15:34:00,241.352,241.704,241.051,241.704,41
2008-12-02 15:35:00,241.201,241.453,241.101,241.403,25
2008-12-02 15:36:00,241.553,241.905,241.252,241.252,43
2008-12-02 15:37:00,241.603,241.754,241.201,241.704,47
2008-12-02 15:38:00,242.106,242.257,241.553,241.654,35
2008-12-02 15:39:00,242.106,242.458,241.955,242.156,50
2008-12-02 15:40:00,242.257,242.408,242.005,242.207,37
2008-12-02 15:41:00,243.061,243.061,242.307,242.307,50
2008-12-02 15:42:00,242.91,243.212,242.709,243.111,46
2008-12-02 15:43:00,242.91,243.011,242.609,242.96,40
2008-12-02 15:44:00,242.508,242.759,242.407,242.659,24
2008-12-02 15:45:00,243.061,243.161,242.508,242.558,42
2008-12-02 15:46:00,243.061,243.212,242.809,243.011,53
2008-12-02 15:47:00,243.161,243.563,243.061,243.111,47
2008-12-02 15:48:00,242.659,243.111,242.608,243.061,32
2008-12-02 15:49:00,242.608,242.91,242.558,242.709,26
2008-12-02 15:50:00,242.357,242.658,242.105,242.658,57
2008-12-02 15:51:00,241.904,242.457,241.904,242.307,28
2008-12-02 15:52:00,242.005,242.156,241.703,241.955,37
2008-12-02 15:53:00,241.954,242.105,241.804,242.055,17
2008-12-02 15:54:00,241.552,241.904,241.401,241.904,52
2008-12-02 15:55:00,241.602,241.703,240.999,241.452,47
2008-12-02 15:56:00,241.904,241.904,241.301,241.552,44
2008-12-02 15:57:00,241.854,242.206,241.602,241.954,55
2008-12-02 15:58:00,241.904,242.407,241.854,241.904,29
2008-12-02 15:59:00,241.753,242.105,241.451,241.854,38
2008-12-02 16:00:00,241.351,241.803,241.301,241.803,31
2008-12-02 16:01:00,241.552,241.753,241.301,241.401,35
2008-12-02 16:02:00,241.904,241.954,241.502,241.502,28
2008-12-02 16:03:00,242.155,242.607,241.954,242.055,34
2008-12-02 16:04:00,241.652,242.105,241.451,242.105,33
2008-12-02 16:05:00,241.099,241.602,241.049,241.602,39
2008-12-02 16:06:00,240.747,241.149,240.647,241.149,37
2008-12-02 16:07:00,240.848,240.848,240.546,240.697,19
2008-12-02 16:08:00,240.948,240.999,240.697,240.797,26
2008-12-02 16:09:00,241.149,241.35,240.948,240.999,21
2008-12-02 16:10:00,241.652,241.702,241.25,241.25,20
2008-12-02 16:11:00,241.602,241.903,241.401,241.752,46
2008-12-02 16:12:00,242.004,242.054,241.602,241.652,32
2008-12-02 16:13:00,241.4,242.004,241.4,241.953,23
2008-12-02 16:14:00,241.048,241.501,240.998,241.451,53
2008-12-02 16:15:00,241.048,241.149,240.797,240.998,43
2008-12-02 16:16:00,241.3,241.35,240.898,240.998,39
2008-12-02 16:17:00,240.747,241.249,240.747,241.249,40
2008-12-02 16:18:00,240.797,241.048,240.696,240.898,38
2008-12-02 16:19:00,241.199,241.35,240.747,240.847,31
2008-12-02 16:20:00,241.551,241.702,241.249,241.249,41
2008-12-02 16:21:00,241.852,242.104,241.501,241.501,37
2008-12-02 16:22:00,241.852,242.003,241.702,241.903,23
2008-12-02 16:23:00,241.852,241.903,241.45,241.903,26
2008-12-02 16:24:00,241.45,242.104,241.45,241.953,33
2008-12-02 16:25:00,241.802,241.953,241.35,241.5,42
2008-12-02 16:26:00,242.656,242.757,241.902,241.902,53
2008-12-02 16:27:00,242.908,243.159,242.556,242.757,47
2008-12-02 16:28:00,242.908,243.008,242.707,242.958,39
2008-12-02 16:29:00,242.556,242.807,242.506,242.807,41
2008-12-02 16:30:00,242.757,242.757,242.405,242.506,33
2008-12-02 16:31:00,242.908,243.109,242.556,242.707,57
2008-12-02 16:32:00,243.259,243.461,243.008,243.008,36
2008-12-02 16:33:00,243.109,243.209,242.857,243.159,26
2008-12-02 16:34:00,242.907,243.863,242.757,243.058,144
2008-12-02 16:35:00,242.757,242.958,242.354,242.757,32
2008-12-02 16:36:00,243.058,243.058,242.656,242.656,10
2008-12-02 16:37:00,243.008,243.008,242.706,243.008,12
2008-12-02 16:38:00,242.555,242.958,242.505,242.958,18
2008-12-02 16:39:00,242.505,242.706,242.455,242.656,7
2008-12-02 16:40:00,242.404,242.404,242.002,242.304,12
2008-12-02 16:41:00,242.656,242.656,242.153,242.304,6
2008-12-02 16:42:00,242.907,243.108,242.505,242.505,9
2008-12-02 16:43:00,242.957,243.008,242.806,242.957,7
2008-12-02 16:44:00,242.505,243.007,242.454,242.907,11
2008-12-02 16:45:00,242.203,242.404,242.153,242.404,16
2008-12-02 16:46:00,243.007,243.108,242.304,242.304,15
2008-12-02 16:47:00,243.208,243.208,242.957,243.108,6
2008-12-02 16:48:00,243.46,243.56,243.208,243.259,8
2008-12-02 16:49:00,243.661,243.661,243.51,243.61,3
2008-12-02 16:50:00,244.113,244.113,243.761,243.761,6
2008-12-02 16:51:00,244.012,244.063,243.912,244.063,4
2008-12-02 16:52:00,243.962,243.962,243.962,243.962,1
2008-12-02 16:53:00,243.962,244.264,243.811,244.213,6
2008-12-02 16:54:00,243.862,243.862,243.811,243.811,2
2008-12-02 16:55:00,244.113,244.163,243.912,243.912,5
2008-12-02 16:56:00,243.861,244.012,243.811,243.861,6
2008-12-02 16:57:00,244.465,244.465,244.012,244.012,5
2008-12-02 16:58:00,244.213,244.515,244.163,244.414,10
2008-12-02 16:59:00,244.113,244.113,244.113,244.113,1
2008-12-02 17:00:00,244.062,244.062,244.062,244.062,1
2008-12-02 17:02:00,244.163,244.314,244.163,244.314,4
2008-12-02 17:03:00,244.163,244.313,244.112,244.263,4
2008-12-02 17:04:00,244.112,244.263,244.112,244.263,3
2008-12-02 17:05:00,244.464,244.464,244.062,244.062,5
2008-12-02 17:06:00,244.414,244.414,244.414,244.414,1
2008-12-02 17:07:00,244.615,244.615,244.464,244.464,2
2008-12-02 17:09:00,244.363,244.363,244.363,244.363,1
2008-12-02 17:10:00,244.464,244.464,244.414,244.414,2
2008-12-02 17:11:00,244.414,244.414,244.363,244.363,2
2008-12-02 17:12:00,244.313,244.363,244.313,244.363,2
2008-12-02 17:13:00,244.112,244.212,244.112,244.212,3
2008-12-02 17:14:00,244.061,244.212,243.86,244.062,12
2008-12-03 07:00:00,242.107,242.208,241.303,242.157,7
2008-12-03 07:01:00,242.358,242.358,241.856,241.856,4
2008-12-03 07:04:00,242.609,242.609,242.609,242.609,1
2008-12-03 07:05:00,242.66,242.66,242.66,242.66,1
2008-12-03 07:09:00,242.509,242.509,242.509,242.509,1
2008-12-03 07:10:00,242.358,242.358,242.358,242.358,1
2008-12-03 07:11:00,242.508,242.508,242.508,242.508,1
2008-12-03 07:13:00,242.257,242.257,242.257,242.257,1
2008-12-03 07:15:00,242.156,242.257,242.006,242.006,4
2008-12-03 07:16:00,241.654,241.855,241.654,241.855,4
2008-12-03 07:17:00,241.805,241.805,241.754,241.754,2
2008-12-03 07:18:00,241.704,241.955,241.704,241.955,3
2008-12-03 07:21:00,241.754,241.754,241.653,241.653,2
2008-12-03 07:22:00,241.754,241.754,241.503,241.704,5
2008-12-03 07:24:00,241.754,241.905,241.754,241.905,2
2008-12-03 07:27:00,241.653,241.653,241.653,241.653,1
2008-12-03 07:28:00,241.502,241.502,241.502,241.502,1
2008-12-03 07:31:00,241.402,241.402,241.402,241.402,1
2008-12-03 07:32:00,241.251,241.301,241.251,241.301,2
2008-12-03 07:33:00,241.402,241.402,241.402,241.402,1
2008-12-03 07:35:00,241.552,241.552,241.552,241.552,1
2008-12-03 07:37:00,241.753,241.753,241.753,241.753,1
2008-12-03 07:39:00,242.256,242.256,242.055,242.055,5
2008-12-03 07:41:00,241.954,242.105,241.954,242.105,4
2008-12-03 07:43:00,242.255,242.255,242.255,242.255,1
2008-12-03 07:44:00,242.607,242.607,242.456,242.456,2
2008-12-03 07:46:00,242.557,242.557,242.507,242.507,2
2008-12-03 07:48:00,242.758,242.758,242.758,242.758,1
2008-12-03 07:53:00,241.752,242.104,241.752,241.853,3
2008-12-03 07:55:00,242.054,242.104,242.054,242.104,2
2008-12-03 07:56:00,242.154,242.154,242.154,242.154,1
2008-12-03 07:57:00,242.255,242.255,242.054,242.054,2
2008-12-03 07:58:00,242.506,242.506,242.456,242.456,2
2008-12-03 07:59:00,242.657,242.858,242.255,242.556,9
2008-12-03 08:00:00,243.561,243.561,241.802,241.903,108
2008-12-03 08:01:00,242.405,243.863,242.405,243.612,61
2008-12-03 08:02:00,242.405,242.858,242.355,242.456,47
2008-12-03 08:03:00,241.601,242.455,241.601,242.455,30
2008-12-03 08:04:00,241.5,241.701,241.249,241.651,50
2008-12-03 08:05:00,240.897,241.651,240.897,241.45,65
2008-12-03 08:06:00,240.847,241.048,240.596,240.998,57
2008-12-03 08:07:00,239.992,240.897,239.942,240.797,52
2008-12-03 08:08:00,239.892,240.093,239.641,240.043,53
2008-12-03 08:09:00,240.244,240.495,239.691,239.942,53
2008-12-03 08:10:00,240.294,240.495,239.942,240.344,51
2008-12-03 08:11:00,239.992,240.344,239.942,240.344,46
2008-12-03 08:12:00,240.294,240.495,239.992,240.042,30
2008-12-03 08:13:00,240.193,240.444,240.143,240.344,39
2008-12-03 08:14:00,240.093,240.344,239.892,240.294,36
2008-12-03 08:15:00,240.897,240.897,240.093,240.143,43
2008-12-03 08:16:00,240.897,240.947,240.746,240.947,16
2008-12-03 08:17:00,240.444,240.897,240.394,240.796,34
2008-12-03 08:18:00,240.092,240.394,239.992,240.394,25
2008-12-03 08:19:00,239.238,240.042,239.238,240.042,77
2008-12-03 08:20:00,238.786,239.188,238.635,239.137,51
2008-12-03 08:21:00,238.886,239.037,238.534,238.735,31
2008-12-03 08:22:00,239.137,239.188,238.785,238.785,33
2008-12-03 08:23:00,238.735,239.187,238.735,239.187,15
2008-12-03 08:24:00,238.986,239.037,238.785,238.785,32
2008-12-03 08:25:00,239.288,239.589,238.936,239.037,36
2008-12-03 08:26:00,239.036,239.388,239.036,239.338,27
2008-12-03 08:27:00,239.288,239.489,239.087,239.137,34
2008-12-03 08:28:00,239.438,239.841,239.338,239.388,41
2008-12-03 08:29:00,239.438,239.639,239.438,239.539,15
2008-12-03 08:30:00,239.438,239.639,239.438,239.589,8
2008-12-03 08:31:00,239.84,239.991,239.539,239.539,16
2008-12-03 08:32:00,239.84,240.092,239.84,239.941,14
2008-12-03 08:33:00,239.891,239.941,239.589,239.74,23
2008-12-03 08:34:00,239.991,240.142,239.941,239.941,12
2008-12-03 08:35:00,239.941,240.041,239.89,240.041,10
2008-12-03 08:36:00,239.589,239.89,239.488,239.89,18
2008-12-03 08:37:00,239.237,239.639,239.036,239.539,35
2008-12-03 08:38:00,239.086,239.136,238.885,239.136,37
2008-12-03 08:39:00,239.337,239.538,238.935,238.986,41
2008-12-03 08:40:00,238.985,239.438,238.935,239.287,25
2008-12-03 08:41:00,239.136,239.237,238.835,238.935,23
2008-12-03 08:42:00,239.237,239.337,239.036,239.287,21
2008-12-03 08:43:00,238.835,239.287,238.734,239.287,26
2008-12-03 08:44:00,239.036,239.136,238.583,238.784,39
2008-12-03 08:45:00,239.086,239.186,238.885,239.086,20
2008-12-03 08:46:00,238.734,239.136,238.633,239.136,13
2008-12-03 08:47:00,238.03,238.684,237.98,238.684,36
2008-12-03 08:48:00,237.879,238.08,237.829,237.98,21
2008-12-03 08:49:00,237.729,237.98,237.678,237.93,18
2008-12-03 08:50:00,237.276,237.628,237.226,237.628,41
2008-12-03 08:51:00,237.377,237.628,237.075,237.226,39
2008-12-03 08:52:00,237.779,237.879,237.326,237.427,28
2008-12-03 08:53:00,237.427,237.728,237.226,237.728,21
2008-12-03 08:54:00,237.376,237.427,237.175,237.376,13
2008-12-03 08:55:00,237.778,237.829,237.226,237.326,21
2008-12-03 08:56:00,237.577,237.728,237.226,237.728,28
2008-12-03 08:57:00,237.276,237.527,237.175,237.527,13
2008-12-03 08:58:00,236.924,237.326,236.773,237.326,24
2008-12-03 08:59:00,236.22,236.974,236.22,236.974,35
2008-12-03 09:00:00,235.919,236.27,235.718,236.27,57
2008-12-03 09:01:00,236.22,236.22,235.718,235.868,31
2008-12-03 09:02:00,235.969,236.17,235.818,236.069,22
2008-12-03 09:03:00,235.315,235.918,235.315,235.868,47
2008-12-03 09:04:00,235.516,235.516,235.215,235.265,28
2008-12-03 09:05:00,235.768,235.768,235.516,235.567,23
2008-12-03 09:06:00,235.918,235.918,235.768,235.818,12
2008-12-03 09:07:00,236.32,236.471,235.918,236.019,41
2008-12-03 09:08:00,236.572,236.622,236.27,236.27,19
2008-12-03 09:09:00,236.672,236.672,236.471,236.521,11
2008-12-03 09:10:00,236.571,236.773,236.521,236.722,15
2008-12-03 09:11:00,236.521,236.722,236.521,236.722,6
2008-12-03 09:12:00,236.27,236.471,236.019,236.471,32
2008-12-03 09:13:00,236.571,236.772,236.27,236.32,20
2008-12-03 09:14:00,235.968,236.521,235.968,236.521,27
2008-12-03 09:15:00,236.169,236.32,235.868,235.918,24
2008-12-03 09:16:00,236.571,236.571,236.119,236.119,26
2008-12-03 09:17:00,236.571,236.571,236.32,236.521,19
2008-12-03 09:18:00,236.722,236.722,236.471,236.521,14
2008-12-03 09:19:00,236.521,237.074,236.47,236.772,44
2008-12-03 09:20:00,237.074,237.074,236.47,236.47,17
2008-12-03 09:21:00,237.023,237.174,236.772,237.124,18
2008-12-03 09:22:00,236.973,237.073,236.923,237.073,8
2008-12-03 09:23:00,237.174,237.475,237.023,237.073,22
2008-12-03 09:24:00,237.073,237.174,237.023,237.073,7
2008-12-03 09:25:00,237.274,237.325,237.124,237.124,12
2008-12-03 09:26:00,236.822,237.325,236.822,237.325,14
2008-12-03 09:27:00,237.123,237.174,236.772,236.772,17
2008-12-03 09:28:00,237.274,237.274,237.073,237.073,10
2008-12-03 09:29:00,237.023,237.324,236.872,237.324,14
2008-12-03 09:30:00,236.922,236.973,236.872,236.973,4
2008-12-03 09:31:00,236.771,236.972,236.621,236.872,21
2008-12-03 09:32:00,237.123,237.173,236.822,236.822,19
2008-12-03 09:33:00,237.575,237.626,236.972,237.023,26
2008-12-03 09:34:00,237.776,237.827,237.525,237.525,23
2008-12-03 09:35:00,237.425,237.776,237.374,237.676,12
2008-12-03 09:36:00,237.073,237.626,237.022,237.475,18
2008-12-03 09:37:00,236.671,237.123,236.57,237.123,13
2008-12-03 09:38:00,237.022,237.123,236.57,236.721,22
2008-12-03 09:39:00,236.922,236.972,236.821,236.972,7
2008-12-03 09:40:00,237.173,237.374,236.871,236.871,22
2008-12-03 09:41:00,237.072,237.223,237.022,237.123,18
2008-12-03 09:42:00,236.469,237.022,236.218,237.022,51
2008-12-03 09:43:00,236.57,236.62,236.318,236.419,20
2008-12-03 09:44:00,236.268,236.72,236.168,236.72,27
2008-12-03 09:45:00,236.57,236.771,236.268,236.318,28
2008-12-03 09:46:00,236.519,236.519,236.017,236.419,37
2008-12-03 09:47:00,236.519,236.57,236.469,236.57,6
2008-12-03 09:48:00,236.519,236.67,236.519,236.57,14
2008-12-03 09:49:00,236.318,236.871,236.268,236.569,35
2008-12-03 09:50:00,236.368,236.569,236.067,236.368,30
2008-12-03 09:51:00,236.419,236.569,236.419,236.419,13
2008-12-03 09:52:00,236.469,236.469,236.368,236.368,12
2008-12-03 09:53:00,237.022,237.122,236.519,236.519,16
2008-12-03 09:54:00,236.82,237.223,236.77,237.072,12
2008-12-03 09:55:00,236.921,236.921,236.519,236.77,25
2008-12-03 09:56:00,237.122,237.323,236.971,236.971,10
2008-12-03 09:57:00,237.122,237.172,236.67,237.172,17
2008-12-03 09:58:00,236.87,237.072,236.87,237.072,10
2008-12-03 09:59:00,236.921,236.971,236.77,236.971,7
2008-12-03 10:00:00,236.921,236.971,236.77,236.87,12
2008-12-03 10:01:00,236.82,236.921,236.72,236.87,8
2008-12-03 10:02:00,236.468,236.669,236.368,236.669,11
2008-12-03 10:03:00,236.619,236.669,236.468,236.569,11
2008-12-03 10:04:00,236.619,236.669,236.619,236.669,2
2008-12-03 10:05:00,236.569,236.619,236.569,236.569,3
2008-12-03 10:06:00,236.87,237.021,236.518,236.518,15
2008-12-03 10:07:00,237.172,237.172,236.77,236.77,10
2008-12-03 10:08:00,237.523,237.574,237.121,237.121,20
2008-12-03 10:09:00,237.674,237.925,237.473,237.473,35
2008-12-03 10:10:00,237.724,237.724,237.473,237.624,13
2008-12-03 10:11:00,237.372,237.674,237.171,237.674,16
2008-12-03 10:12:00,236.87,237.372,236.87,237.322,11
2008-12-03 10:13:00,236.568,236.97,236.468,236.92,44
2008-12-03 10:14:00,236.468,236.719,236.417,236.518,21
2008-12-03 10:15:00,236.669,236.669,236.367,236.417,27
2008-12-03 10:16:00,236.719,236.87,236.518,236.618,19
2008-12-03 10:17:00,236.92,237.02,236.719,236.819,14
2008-12-03 10:18:00,236.518,236.869,236.518,236.819,13
2008-12-03 10:19:00,236.467,236.719,236.417,236.568,19
2008-12-03 10:20:00,236.367,236.769,236.367,236.417,17
2008-12-03 10:21:00,236.316,236.467,236.166,236.417,22
2008-12-03 10:22:00,236.919,236.919,236.367,236.417,31
2008-12-03 10:23:00,237.171,237.171,236.869,236.869,16
2008-12-03 10:24:00,236.869,237.07,236.668,236.919,20
2008-12-03 10:25:00,237.12,237.321,236.668,236.819,24
2008-12-03 10:26:00,236.97,237.171,236.919,237.07,15
2008-12-03 10:27:00,236.668,237.171,236.618,237.02,22
2008-12-03 10:28:00,236.819,236.819,236.618,236.618,9
2008-12-03 10:29:00,236.668,236.819,236.668,236.768,13
2008-12-03 10:30:00,236.869,236.869,236.618,236.618,6
2008-12-03 10:31:00,237.17,237.221,236.819,236.819,13
2008-12-03 10:32:00,236.869,237.12,236.818,237.12,13
2008-12-03 10:33:00,236.969,236.969,236.869,236.919,5
2008-12-03 10:34:00,236.919,236.919,236.768,236.919,6
2008-12-03 10:35:00,236.919,236.969,236.617,236.869,13
2008-12-03 10:36:00,236.718,236.818,236.718,236.818,5
2008-12-03 10:37:00,236.919,236.969,236.667,236.667,10
2008-12-03 10:38:00,236.919,236.919,236.818,236.868,6
2008-12-03 10:39:00,236.818,236.919,236.818,236.868,5
2008-12-03 10:40:00,236.969,236.969,236.768,236.768,6
2008-12-03 10:41:00,237.22,237.371,237.019,237.019,19
2008-12-03 10:42:00,237.371,237.371,237.069,237.17,15
2008-12-03 10:43:00,237.471,237.723,237.371,237.421,22
2008-12-03 10:44:00,237.672,237.672,237.421,237.521,6
2008-12-03 10:45:00,237.572,237.722,237.421,237.421,11
2008-12-03 10:46:00,237.672,237.672,237.471,237.622,10
2008-12-03 10:47:00,237.521,237.622,237.521,237.622,5
2008-12-03 10:48:00,237.622,237.622,237.421,237.471,6
2008-12-03 10:49:00,237.571,237.672,237.521,237.672,4
2008-12-03 10:50:00,237.571,237.571,237.521,237.521,2
2008-12-03 10:51:00,237.421,237.622,237.27,237.622,12
2008-12-03 10:52:00,237.672,237.672,237.421,237.471,5
2008-12-03 10:53:00,237.873,237.873,237.622,237.622,6
2008-12-03 10:54:00,237.722,237.822,237.722,237.772,8
2008-12-03 10:55:00,237.571,237.772,237.571,237.772,7
2008-12-03 10:56:00,238.023,238.074,237.42,237.42,26
2008-12-03 10:57:00,238.375,238.375,238.074,238.074,16
2008-12-03 10:58:00,238.526,238.626,238.325,238.425,27
2008-12-03 10:59:00,239.28,239.38,238.526,238.576,58
2008-12-03 11:00:00,239.682,239.883,239.28,239.33,72
2008-12-03 11:01:00,239.682,239.832,239.531,239.631,23
2008-12-03 11:02:00,240.134,240.285,239.732,239.782,56
2008-12-03 11:03:00,240.134,240.184,239.933,240.084,29
2008-12-03 11:04:00,240.486,240.586,240.134,240.184,34
2008-12-03 11:05:00,240.385,240.737,240.285,240.536,33
2008-12-03 11:06:00,240.837,240.888,240.435,240.435,31
2008-12-03 11:07:00,240.536,240.837,240.536,240.687,34
2008-12-03 11:08:00,240.234,240.536,240.184,240.485,36
2008-12-03 11:09:00,240.385,240.536,240.134,240.284,33
2008-12-03 11:10:00,240.083,240.737,240.083,240.586,25
2008-12-03 11:11:00,240.083,240.184,240.033,240.033,10
2008-12-03 11:12:00,239.932,240.133,239.882,240.033,14
2008-12-03 11:13:00,240.083,240.184,239.932,239.983,18
2008-12-03 11:14:00,240.083,240.284,240.033,240.133,18
2008-12-03 11:15:00,239.882,239.982,239.882,239.932,6
2008-12-03 11:16:00,239.982,240.133,239.932,239.932,8
2008-12-03 11:17:00,239.48,239.932,239.48,239.932,16
2008-12-03 11:18:00,239.48,239.731,239.379,239.43,22
2008-12-03 11:19:00,239.379,239.48,239.329,239.429,19
2008-12-03 11:20:00,239.228,239.429,239.228,239.329,10
2008-12-03 11:21:00,238.826,239.128,238.726,239.128,12
2008-12-03 11:22:00,238.927,239.178,238.625,238.776,29
2008-12-03 11:23:00,239.128,239.278,238.876,238.977,20
2008-12-03 11:24:00,239.077,239.228,238.977,239.178,17
2008-12-03 11:25:00,239.178,239.178,239.128,239.128,4
2008-12-03 11:26:00,238.926,239.128,238.926,239.128,5
2008-12-03 11:27:00,239.228,239.479,238.876,238.977,22
2008-12-03 11:28:00,239.429,239.479,239.278,239.278,11
2008-12-03 11:29:00,239.429,239.479,239.379,239.379,4
2008-12-03 11:30:00,239.127,239.379,239.127,239.379,9
2008-12-03 11:31:00,239.127,239.178,239.077,239.178,6
2008-12-03 11:32:00,238.976,239.077,238.826,239.077,17
2008-12-03 11:33:00,238.424,238.876,238.424,238.876,13
2008-12-03 11:34:00,238.373,238.423,238.172,238.373,17
2008-12-03 11:35:00,238.273,238.423,238.072,238.323,18
2008-12-03 11:36:00,238.222,238.273,238.122,238.222,9
2008-12-03 11:37:00,237.921,238.122,237.87,238.122,14
2008-12-03 11:38:00,238.122,238.222,237.921,237.971,10
2008-12-03 11:39:00,238.272,238.272,238.122,238.172,7
2008-12-03 11:40:00,238.524,238.524,238.122,238.373,17
2008-12-03 11:41:00,238.926,238.926,238.574,238.574,19
2008-12-03 11:42:00,238.875,239.026,238.775,238.875,30
2008-12-03 11:43:00,238.926,238.926,238.725,238.825,20
2008-12-03 11:44:00,238.875,239.026,238.825,238.976,8
2008-12-03 11:45:00,238.473,238.925,238.473,238.825,16
2008-12-03 11:46:00,238.574,238.724,238.523,238.523,11
2008-12-03 11:47:00,238.322,238.523,238.322,238.523,10
2008-12-03 11:48:00,238.573,238.573,238.372,238.373,8
2008-12-03 11:49:00,238.925,238.925,238.523,238.523,10
2008-12-03 11:50:00,238.724,238.825,238.674,238.825,6
2008-12-03 11:51:00,238.975,239.026,238.875,238.875,10
2008-12-03 11:52:00,238.573,238.925,238.573,238.925,13
2008-12-03 11:53:00,238.523,238.623,238.372,238.473,13
2008-12-03 11:54:00,238.523,238.573,238.473,238.473,4
2008-12-03 11:56:00,238.523,238.573,238.422,238.473,8
2008-12-03 11:57:00,238.472,238.523,238.422,238.473,6
2008-12-03 11:58:00,238.673,238.673,238.523,238.623,6
2008-12-03 11:59:00,238.925,238.925,238.523,238.573,34
2008-12-03 12:00:00,239.377,239.578,238.925,238.975,54
2008-12-03 12:01:00,239.578,239.628,239.377,239.427,15
2008-12-03 12:02:00,239.025,239.477,239.025,239.477,29
2008-12-03 12:03:00,239.226,239.327,239.075,239.126,18
2008-12-03 12:04:00,239.678,239.779,239.276,239.276,19
2008-12-03 12:05:00,239.527,239.779,239.527,239.779,11
2008-12-03 12:06:00,239.226,239.377,239.075,239.377,9
2008-12-03 12:07:00,239.276,239.276,239.125,239.176,5
2008-12-03 12:08:00,239.477,239.477,239.226,239.226,7
2008-12-03 12:09:00,239.377,239.628,239.377,239.427,8
2008-12-03 12:10:00,239.175,239.527,239.175,239.527,6
2008-12-03 12:11:00,239.678,239.678,239.276,239.276,10
2008-12-03 12:12:00,239.879,240.08,239.728,239.778,22
2008-12-03 12:13:00,239.728,239.829,239.678,239.829,8
2008-12-03 12:14:00,239.778,239.929,239.778,239.778,11
2008-12-03 12:15:00,239.778,240.03,239.728,239.929,9
2008-12-03 12:16:00,240.08,240.08,239.879,239.929,9
2008-12-03 12:17:00,240.13,240.18,239.979,240.029,11
2008-12-03 12:18:00,240.331,240.532,240.18,240.23,20
2008-12-03 12:19:00,240.331,240.381,240.23,240.381,10
2008-12-03 12:20:00,240.733,240.783,240.431,240.431,19
2008-12-03 12:21:00,240.733,240.733,240.582,240.582,5
2008-12-03 12:22:00,240.833,241.034,240.683,240.783,21
2008-12-03 12:23:00,240.632,240.783,240.582,240.733,18
2008-12-03 12:24:00,240.582,240.733,240.481,240.582,12
2008-12-03 12:25:00,240.632,240.733,240.532,240.532,5
2008-12-03 12:26:00,240.682,240.883,240.582,240.682,13
2008-12-03 12:27:00,240.28,240.632,240.129,240.632,17
2008-12-03 12:28:00,240.029,240.23,240.029,240.18,5
2008-12-03 12:29:00,240.079,240.18,239.979,240.079,8
2008-12-03 12:30:00,239.978,240.029,239.928,240.029,4
2008-12-03 12:31:00,239.777,239.978,239.727,239.928,9
2008-12-03 12:32:00,239.627,239.727,239.476,239.727,10
2008-12-03 12:33:00,239.627,239.677,239.526,239.677,6
2008-12-03 12:34:00,239.576,239.727,239.526,239.677,6
2008-12-03 12:35:00,239.425,239.526,239.325,239.526,7
2008-12-03 12:36:00,239.928,239.928,239.576,239.576,9
2008-12-03 12:37:00,239.827,239.878,239.777,239.878,10
2008-12-03 12:38:00,240.179,240.179,239.827,239.928,10
2008-12-03 12:39:00,240.28,240.38,240.129,240.129,8
2008-12-03 12:40:00,240.279,240.33,240.279,240.33,2
2008-12-03 12:41:00,240.179,240.38,240.179,240.38,9
2008-12-03 12:42:00,239.978,240.179,239.978,240.129,8
2008-12-03 12:43:00,239.827,240.028,239.827,240.028,10
2008-12-03 12:44:00,239.978,239.978,239.777,239.777,4
2008-12-03 12:45:00,239.576,240.028,239.576,240.028,10
2008-12-03 12:46:00,239.324,239.626,239.324,239.626,10
2008-12-03 12:47:00,239.425,239.425,239.324,239.375,4
2008-12-03 12:48:00,239.425,239.425,239.173,239.374,8
2008-12-03 12:49:00,239.676,239.676,239.274,239.374,7
2008-12-03 12:50:00,239.324,239.575,239.324,239.575,8
2008-12-03 12:51:00,239.123,239.274,239.073,239.274,7
2008-12-03 12:52:00,238.922,239.022,238.821,239.022,9
2008-12-03 12:53:00,239.324,239.324,238.972,238.972,11
2008-12-03 12:54:00,239.274,239.374,239.223,239.374,6
2008-12-03 12:55:00,239.776,239.826,239.274,239.475,13
2008-12-03 12:56:00,239.374,239.676,239.374,239.676,15
2008-12-03 12:57:00,239.374,239.374,239.123,239.173,6
2008-12-03 12:58:00,239.374,239.424,239.374,239.424,2
2008-12-03 12:59:00,239.525,239.575,239.273,239.424,6
2008-12-03 13:00:00,239.474,239.625,239.474,239.575,6
2008-12-03 13:01:00,239.273,239.424,239.223,239.424,5
2008-12-03 13:02:00,239.575,239.575,239.323,239.323,7
2008-12-03 13:03:00,239.625,239.675,239.374,239.424,8
2008-12-03 13:04:00,239.625,239.625,239.374,239.474,10
2008-12-03 13:05:00,239.524,239.575,239.424,239.575,8
2008-12-03 13:06:00,239.575,239.625,239.374,239.474,7
2008-12-03 13:07:00,239.625,239.725,239.625,239.675,3
2008-12-03 13:08:00,239.625,239.625,239.574,239.574,2
2008-12-03 13:09:00,239.574,239.725,239.524,239.725,6
2008-12-03 13:10:00,239.574,239.574,239.474,239.524,4
2008-12-03 13:11:00,239.574,239.625,239.574,239.625,2
2008-12-03 13:12:00,239.524,239.524,239.373,239.524,7
2008-12-03 13:13:00,239.373,239.474,239.373,239.474,7
2008-12-03 13:14:00,239.373,239.373,239.323,239.323,2
2008-12-03 13:15:00,238.971,239.273,238.87,239.222,46
2008-12-03 13:16:00,238.87,239.021,238.619,238.921,29
2008-12-03 13:17:00,239.071,239.071,238.72,238.82,12
2008-12-03 13:18:00,238.971,238.971,238.82,238.971,6
2008-12-03 13:19:00,238.77,238.87,238.77,238.87,4
2008-12-03 13:20:00,238.719,238.77,238.619,238.719,10
2008-12-03 13:21:00,238.87,238.87,238.669,238.669,7
2008-12-03 13:22:00,238.418,238.82,238.418,238.82,11
2008-12-03 13:23:00,238.267,238.518,238.217,238.518,23
2008-12-03 13:24:00,238.367,238.418,238.116,238.217,16
2008-12-03 13:25:00,238.217,238.317,238.217,238.317,7
2008-12-03 13:26:00,237.915,238.267,237.865,238.166,27
2008-12-03 13:27:00,237.563,237.865,237.463,237.865,31
2008-12-03 13:28:00,237.613,237.664,237.513,237.613,16
2008-12-03 13:29:00,237.613,237.664,237.513,237.664,13
2008-12-03 13:30:00,237.814,238.317,237.513,237.513,59
2008-12-03 13:31:00,238.015,238.066,237.814,237.865,17
2008-12-03 13:32:00,238.417,238.467,237.965,238.065,21
2008-12-03 13:33:00,238.518,238.518,238.317,238.518,20
2008-12-03 13:34:00,238.518,238.618,238.467,238.568,8
2008-12-03 13:35:00,238.216,238.467,238.216,238.467,14
2008-12-03 13:36:00,238.367,238.467,238.166,238.166,13
2008-12-03 13:37:00,238.367,238.367,238.216,238.316,6
2008-12-03 13:38:00,238.266,238.367,238.216,238.266,7
2008-12-03 13:39:00,238.166,238.216,238.115,238.216,6
2008-12-03 13:40:00,238.216,238.316,238.166,238.216,11
2008-12-03 13:41:00,238.115,238.216,238.065,238.166,9
2008-12-03 13:42:00,238.115,238.517,238.115,238.165,23
2008-12-03 13:43:00,237.562,238.015,237.412,237.964,22
2008-12-03 13:44:00,236.959,237.512,236.808,237.512,38
2008-12-03 13:45:00,236.859,237.21,236.808,237.009,35
2008-12-03 13:46:00,237.361,237.361,236.909,236.909,49
2008-12-03 13:47:00,237.411,237.612,237.311,237.311,29
2008-12-03 13:48:00,237.361,237.612,237.361,237.462,20
2008-12-03 13:49:00,237.562,237.662,237.411,237.411,8
2008-12-03 13:50:00,237.612,237.964,237.612,237.612,36
2008-12-03 13:51:00,237.914,237.964,237.512,237.562,29
2008-12-03 13:52:00,237.964,238.115,237.863,237.964,13
2008-12-03 13:53:00,238.064,238.064,237.763,237.914,16
2008-12-03 13:54:00,238.215,238.466,238.064,238.115,28
2008-12-03 13:55:00,238.366,238.366,238.064,238.165,13
2008-12-03 13:56:00,238.466,238.516,238.416,238.416,9
2008-12-03 13:57:00,238.466,238.617,238.466,238.516,5
2008-12-03 13:58:00,238.466,238.617,238.416,238.516,8
2008-12-03 13:59:00,238.416,238.516,238.265,238.516,5
2008-12-03 14:00:00,238.114,238.366,238.114,238.366,6
2008-12-03 14:01:00,237.762,238.164,237.712,238.164,24
2008-12-03 14:02:00,237.762,237.762,237.662,237.712,10
2008-12-03 14:03:00,237.762,237.813,237.712,237.712,6
2008-12-03 14:04:00,237.36,237.712,237.36,237.712,8
2008-12-03 14:05:00,237.461,237.511,237.36,237.41,14
2008-12-03 14:06:00,237.36,237.511,237.31,237.41,12
2008-12-03 14:07:00,237.008,237.31,237.008,237.31,13
2008-12-03 14:08:00,237.159,237.159,237.008,237.109,10
2008-12-03 14:09:00,236.656,237.259,236.656,237.209,19
2008-12-03 14:10:00,236.656,236.757,236.556,236.757,17
2008-12-03 14:11:00,236.405,236.656,236.254,236.606,26
2008-12-03 14:12:00,236.103,236.455,236.003,236.355,28
2008-12-03 14:13:00,235.802,236.103,235.45,236.003,78
2008-12-03 14:14:00,235.651,236.003,235.5,235.902,25
2008-12-03 14:15:00,235.55,235.701,235.299,235.701,35
2008-12-03 14:16:00,236.204,236.254,235.601,235.601,38
2008-12-03 14:17:00,236.153,236.204,236.003,236.153,14
2008-12-03 14:18:00,236.204,236.304,236.103,236.103,15
2008-12-03 14:19:00,236.053,236.203,235.852,236.153,14
2008-12-03 14:20:00,236.254,236.254,236.002,236.203,11
2008-12-03 14:21:00,236.354,236.455,236.203,236.304,11
2008-12-03 14:22:00,236.555,236.706,236.304,236.304,18
2008-12-03 14:23:00,236.806,236.857,236.605,236.605,13
2008-12-03 14:24:00,236.505,236.857,236.505,236.857,9
2008-12-03 14:25:00,236.505,236.555,236.304,236.454,13
2008-12-03 14:26:00,236.153,236.454,236.153,236.404,25
2008-12-03 14:27:00,236.304,236.304,236.002,236.103,26
2008-12-03 14:28:00,236.354,236.454,236.253,236.253,15
2008-12-03 14:29:00,236.404,236.404,236.203,236.304,8
2008-12-03 14:30:00,236.404,236.605,236.354,236.454,11
2008-12-03 14:31:00,236.052,236.504,235.952,236.354,28
2008-12-03 14:32:00,235.952,236.454,235.901,236.002,40
2008-12-03 14:33:00,236.454,236.454,235.951,236.002,51
2008-12-03 14:34:00,236.856,236.856,236.203,236.504,35
2008-12-03 14:35:00,237.007,237.007,236.755,236.806,29
2008-12-03 14:36:00,236.856,237.107,236.755,237.057,30
2008-12-03 14:37:00,237.107,237.208,236.655,236.806,36
2008-12-03 14:38:00,237.107,237.308,237.007,237.157,28
2008-12-03 14:39:00,237.208,237.308,236.856,237.007,24
2008-12-03 14:40:00,236.554,237.358,236.504,237.258,44
2008-12-03 14:41:00,236.805,237.157,236.504,236.604,28
2008-12-03 14:42:00,236.755,237.107,236.554,236.755,30
2008-12-03 14:43:00,237.207,237.358,236.805,236.805,31
2008-12-03 14:44:00,237.509,237.609,237.258,237.258,36
2008-12-03 14:45:00,237.107,237.459,236.956,237.459,35
2008-12-03 14:46:00,237.408,237.408,236.956,237.056,25
2008-12-03 14:47:00,237.559,237.609,237.408,237.458,23
2008-12-03 14:48:00,236.906,237.81,236.906,237.659,35
2008-12-03 14:49:00,236.755,237.006,236.755,236.956,38
2008-12-03 14:50:00,237.006,237.056,236.654,236.704,14
2008-12-03 14:51:00,236.755,237.207,236.704,237.106,36
2008-12-03 14:52:00,236.604,236.905,236.554,236.654,33
2008-12-03 14:53:00,236.956,237.006,236.654,236.704,24
2008-12-03 14:54:00,236.654,236.855,236.553,236.855,40
2008-12-03 14:55:00,236.202,236.604,235.95,236.604,53
2008-12-03 14:56:00,236.001,236.202,235.95,236.151,21
2008-12-03 14:57:00,236.101,236.101,235.9,235.95,8
2008-12-03 14:58:00,236.503,236.654,236.051,236.051,25
2008-12-03 14:59:00,236.603,236.654,236.402,236.553,19
2008-12-03 15:00:00,235.598,236.503,235.548,236.503,87
2008-12-03 15:01:00,235.95,235.95,235.598,235.649,51
2008-12-03 15:02:00,236.453,236.654,235.849,235.849,56
2008-12-03 15:03:00,236.704,236.754,236.352,236.503,35
2008-12-03 15:04:00,237.256,237.307,236.653,236.804,43
2008-12-03 15:05:00,237.608,237.709,237.206,237.206,61
2008-12-03 15:06:00,238.01,238.262,237.709,237.709,41
2008-12-03 15:07:00,238.211,238.261,237.96,237.96,19
2008-12-03 15:08:00,238.01,238.663,238.01,238.261,56
2008-12-03 15:09:00,238.211,238.261,238.01,238.06,17
2008-12-03 15:10:00,237.658,238.111,237.357,238.111,41
2008-12-03 15:11:00,237.658,237.658,237.306,237.608,46
2008-12-03 15:12:00,237.96,238.211,237.608,237.608,49
2008-12-03 15:13:00,238.412,238.462,237.759,237.909,69
2008-12-03 15:14:00,238.663,238.864,238.161,238.362,68
2008-12-03 15:15:00,238.965,239.266,238.613,238.713,95
2008-12-03 15:16:00,239.216,239.316,238.864,239.015,60
2008-12-03 15:17:00,239.166,239.316,239.015,239.316,29
2008-12-03 15:18:00,239.115,239.467,239.065,239.115,47
2008-12-03 15:19:00,238.663,239.266,238.613,239.165,59
2008-12-03 15:20:00,239.065,239.065,238.562,238.613,39
2008-12-03 15:21:00,238.814,239.366,238.713,239.015,42
2008-12-03 15:22:00,239.065,239.165,238.763,238.864,64
2008-12-03 15:23:00,238.763,239.065,238.512,238.964,52
2008-12-03 15:24:00,238.813,239.065,238.663,238.713,39
2008-12-03 15:25:00,239.115,239.366,238.813,238.914,54
2008-12-03 15:26:00,239.969,239.969,239.215,239.266,43
2008-12-03 15:27:00,240.17,240.17,239.869,239.919,38
2008-12-03 15:28:00,239.969,240.22,239.969,240.12,43
2008-12-03 15:29:00,240.12,240.17,239.868,239.919,36
2008-12-03 15:30:00,240.27,240.421,239.969,240.22,53
2008-12-03 15:31:00,240.321,240.371,240.069,240.321,18
2008-12-03 15:32:00,240.522,240.723,240.27,240.27,32
2008-12-03 15:33:00,240.924,240.974,240.572,240.572,30
2008-12-03 15:34:00,241.476,241.527,240.974,240.974,53
2008-12-03 15:35:00,242.079,242.18,241.376,241.527,48
2008-12-03 15:36:00,241.778,242.331,241.778,242.029,48
2008-12-03 15:37:00,241.476,241.929,241.476,241.828,32
2008-12-03 15:38:00,241.024,241.526,241.024,241.426,43
2008-12-03 15:39:00,240.974,241.124,240.873,240.974,28
2008-12-03 15:40:00,241.225,241.275,240.873,241.024,44
2008-12-03 15:41:00,240.923,241.225,240.722,241.174,78
2008-12-03 15:42:00,240.672,240.923,240.622,240.873,28
2008-12-03 15:43:00,240.421,240.622,240.27,240.622,35
2008-12-03 15:44:00,240.571,240.722,240.37,240.471,41
2008-12-03 15:45:00,241.124,241.225,240.471,240.621,52
2008-12-03 15:46:00,240.873,241.425,240.521,241.174,50
2008-12-03 15:47:00,241.325,241.526,240.822,240.923,37
2008-12-03 15:48:00,241.677,241.727,241.124,241.224,41
2008-12-03 15:49:00,241.827,242.179,241.677,241.727,33
2008-12-03 15:50:00,242.129,242.129,241.827,241.878,29
2008-12-03 15:51:00,242.33,242.43,242.028,242.079,24
2008-12-03 15:52:00,242.38,242.531,242.179,242.28,34
2008-12-03 15:53:00,242.531,242.782,242.43,242.48,29
2008-12-03 15:54:00,243.033,243.134,242.581,242.631,28
2008-12-03 15:55:00,242.882,243.184,242.681,243.083,36
2008-12-03 15:56:00,242.933,243.033,242.681,242.832,28
2008-12-03 15:57:00,242.983,243.083,242.732,243.033,23
2008-12-03 15:58:00,243.485,243.586,242.882,242.933,45
2008-12-03 15:59:00,243.435,243.636,243.334,243.586,49
2008-12-03 16:00:00,243.485,243.586,243.334,243.385,58
2008-12-03 16:01:00,243.033,243.586,242.983,243.385,62
2008-12-03 16:02:00,243.184,243.334,242.731,242.983,56
2008-12-03 16:03:00,243.083,243.284,242.882,243.234,48
2008-12-03 16:04:00,243.133,243.183,242.832,243.133,46
2008-12-03 16:05:00,242.982,243.384,242.932,243.083,43
2008-12-03 16:06:00,242.731,243.033,242.731,243.033,25
2008-12-03 16:07:00,243.234,243.334,242.53,242.781,67
2008-12-03 16:08:00,243.434,243.535,243.032,243.183,45
2008-12-03 16:09:00,243.485,243.485,243.284,243.384,21
2008-12-03 16:10:00,243.284,243.686,243.233,243.384,50
2008-12-03 16:11:00,243.836,243.836,243.032,243.233,60
2008-12-03 16:12:00,243.786,243.887,243.635,243.786,37
2008-12-03 16:13:00,243.886,243.987,243.736,243.836,29
2008-12-03 16:14:00,244.339,244.439,243.886,243.937,50
2008-12-03 16:15:00,244.389,244.741,244.288,244.288,77
2008-12-03 16:16:00,244.288,244.59,244.238,244.339,27
2008-12-03 16:17:00,244.992,244.992,244.339,244.339,37
2008-12-03 16:18:00,244.439,244.992,244.389,244.942,43
2008-12-03 16:19:00,244.087,244.54,244.087,244.389,34
2008-12-03 16:20:00,243.836,244.087,243.635,244.037,48
2008-12-03 16:21:00,244.037,244.087,243.786,243.886,43
2008-12-03 16:22:00,243.936,244.188,243.786,243.987,45
2008-12-03 16:23:00,244.087,244.338,243.886,243.987,47
2008-12-03 16:24:00,244.187,244.238,243.986,244.037,27
2008-12-03 16:25:00,244.539,244.589,244.087,244.137,35
2008-12-03 16:26:00,244.539,244.74,244.388,244.589,57
2008-12-03 16:27:00,244.137,244.589,243.986,244.439,51
2008-12-03 16:28:00,243.484,244.137,243.333,244.087,55
2008-12-03 16:29:00,243.232,243.534,243.031,243.534,47
2008-12-03 16:30:00,243.232,243.484,243.132,243.182,34
2008-12-03 16:31:00,243.584,243.685,243.283,243.283,27
2008-12-03 16:32:00,244.086,244.137,243.483,243.534,38
2008-12-03 16:33:00,243.885,244.036,243.735,244.036,27
2008-12-03 16:34:00,243.785,243.835,243.584,243.785,25
2008-12-03 16:35:00,243.684,243.936,243.584,243.835,10
2008-12-03 16:36:00,244.036,244.086,243.735,243.735,9
2008-12-03 16:37:00,244.539,244.539,244.086,244.137,8
2008-12-03 16:38:00,244.388,244.438,244.337,244.388,4
2008-12-03 16:39:00,244.438,244.438,244.187,244.337,9
2008-12-03 16:40:00,244.689,244.689,244.287,244.287,17
2008-12-03 16:41:00,244.79,244.991,244.739,244.739,8
2008-12-03 16:42:00,244.488,244.84,244.488,244.84,5
2008-12-03 16:43:00,244.237,244.337,244.237,244.337,2
2008-12-03 16:44:00,244.186,244.186,244.086,244.186,5
2008-12-03 16:45:00,244.036,244.287,244.036,244.287,4
2008-12-03 16:46:00,244.136,244.136,243.935,243.985,3
2008-12-03 16:47:00,244.035,244.337,243.985,244.337,8
2008-12-03 16:48:00,243.784,243.985,243.684,243.985,9
2008-12-03 16:49:00,244.337,244.337,243.935,243.935,6
2008-12-03 16:50:00,244.337,244.437,244.337,244.437,5
2008-12-03 16:51:00,244.236,244.387,244.236,244.387,2
2008-12-03 16:52:00,244.638,244.638,244.186,244.437,7
2008-12-03 16:53:00,245.09,245.09,244.688,244.688,5
2008-12-03 16:54:00,245.492,245.492,245.141,245.141,4
2008-12-03 16:55:00,245.543,245.643,245.543,245.643,3
2008-12-03 16:57:00,245.744,245.894,245.492,245.492,14
2008-12-03 16:58:00,245.743,245.743,245.492,245.643,4
2008-12-03 16:59:00,245.643,245.643,245.643,245.643,1
2008-12-03 17:00:00,245.191,245.241,245.191,245.241,2
2008-12-03 17:01:00,244.99,245.04,244.99,245.04,2
2008-12-03 17:03:00,244.788,244.889,244.788,244.889,3
2008-12-03 17:04:00,244.437,244.788,244.437,244.738,4
2008-12-03 17:06:00,244.839,244.839,244.738,244.738,2
2008-12-03 17:07:00,244.738,244.738,244.436,244.537,4
2008-12-03 17:08:00,244.436,244.436,244.436,244.436,1
2008-12-03 17:09:00,244.034,244.336,244.034,244.336,4
2008-12-03 17:10:00,244.386,244.386,243.984,243.984,4
2008-12-03 17:11:00,244.537,244.537,244.235,244.235,3
2008-12-03 17:13:00,244.587,244.587,244.587,244.587,1
2008-12-03 17:14:00,244.436,244.838,244.386,244.738,7
2008-12-04 07:00:00,243.889,245.095,243.236,245.095,25
2008-12-04 07:01:00,243.688,243.788,243.537,243.688,8
2008-12-04 07:02:00,243.788,243.788,243.587,243.587,3
2008-12-04 07:03:00,242.934,243.537,242.934,243.537,5
2008-12-04 07:04:00,243.185,243.185,242.934,242.984,3
2008-12-04 07:05:00,243.286,243.286,243.286,243.286,1
2008-12-04 07:06:00,243.386,243.386,243.386,243.386,1
2008-12-04 07:07:00,242.984,243.336,242.984,243.336,4
2008-12-04 07:08:00,243.286,243.286,243.235,243.235,2
2008-12-04 07:11:00,243.285,243.386,243.285,243.386,2
2008-12-04 07:12:00,243.084,243.235,243.084,243.235,4
2008-12-04 07:13:00,242.934,242.934,242.934,242.934,1
2008-12-04 07:15:00,242.883,242.883,242.883,242.883,1
2008-12-04 07:17:00,243.084,243.084,243.084,243.084,1
2008-12-04 07:18:00,242.783,242.833,242.682,242.833,5
2008-12-04 07:19:00,242.933,242.933,242.883,242.883,2
2008-12-04 07:20:00,242.983,243.034,242.983,243.034,2
2008-12-04 07:23:00,243.184,243.184,243.184,243.184,1
2008-12-04 07:25:00,242.983,243.184,242.983,242.983,4
2008-12-04 07:26:00,242.883,243.084,242.883,243.084,3
2008-12-04 07:30:00,243.234,243.234,243.184,243.184,2
2008-12-04 07:31:00,242.882,242.933,242.882,242.933,2
2008-12-04 07:32:00,243.435,243.435,243.284,243.284,2
2008-12-04 07:33:00,243.284,243.284,243.284,243.284,1
2008-12-04 07:34:00,243.184,243.184,243.184,243.184,1
2008-12-04 07:36:00,243.385,243.385,243.284,243.284,2
2008-12-04 07:38:00,243.133,243.183,243.133,243.183,2
2008-12-04 07:39:00,243.183,243.183,243.183,243.183,1
2008-12-04 07:40:00,243.234,243.234,243.234,243.234,1
2008-12-04 07:41:00,243.083,243.334,243.083,243.334,5
2008-12-04 07:43:00,243.434,243.434,243.133,243.183,4
2008-12-04 07:44:00,243.485,243.485,243.384,243.384,2
2008-12-04 07:45:00,243.384,243.384,243.384,243.384,1
2008-12-04 07:47:00,243.535,243.535,243.535,243.535,1
2008-12-04 07:48:00,243.585,243.635,243.585,243.635,2
2008-12-04 07:49:00,243.183,243.183,243.183,243.183,1
2008-12-04 07:51:00,243.082,243.132,243.082,243.132,2
2008-12-04 07:52:00,242.982,243.032,242.982,243.032,2
2008-12-04 07:53:00,242.781,242.831,242.63,242.831,5
2008-12-04 07:55:00,242.58,242.73,242.58,242.73,2
2008-12-04 07:56:00,242.68,242.68,242.68,242.68,1
2008-12-04 07:57:00,242.78,242.78,242.78,242.78,1
2008-12-04 07:58:00,242.278,242.68,242.278,242.68,7
2008-12-04 07:59:00,241.976,242.429,241.976,242.429,7
2008-12-04 08:00:00,241.775,242.529,241.725,242.077,64
2008-12-04 08:01:00,241.625,241.976,241.625,241.876,49
2008-12-04 08:02:00,241.826,242.026,241.323,241.675,83
2008-12-04 08:03:00,241.926,241.976,241.624,241.926,44
2008-12-04 08:04:00,242.127,242.479,241.926,241.976,61
2008-12-04 08:05:00,242.378,242.378,242.127,242.177,30
2008-12-04 08:06:00,242.227,242.428,242.127,242.428,19
2008-12-04 08:07:00,242.227,242.378,242.127,242.277,32
2008-12-04 08:08:00,241.624,242.277,241.574,242.177,23
2008-12-04 08:09:00,241.473,241.674,241.423,241.574,17
2008-12-04 08:10:00,241.825,241.825,241.423,241.423,28
2008-12-04 08:11:00,242.026,242.026,241.775,241.875,32
2008-12-04 08:12:00,241.775,242.076,241.775,242.076,16
2008-12-04 08:13:00,241.825,241.875,241.674,241.724,14
2008-12-04 08:14:00,241.724,241.875,241.674,241.775,8
2008-12-04 08:15:00,242.076,242.076,241.724,241.775,15
2008-12-04 08:16:00,242.176,242.277,242.076,242.126,12
2008-12-04 08:17:00,242.327,242.478,242.277,242.327,20
2008-12-04 08:18:00,242.377,242.478,242.277,242.277,17
2008-12-04 08:19:00,242.679,242.679,242.327,242.327,16
2008-12-04 08:20:00,242.729,242.779,242.578,242.729,18
2008-12-04 08:21:00,243.181,243.181,242.88,242.88,16
2008-12-04 08:22:00,243.633,243.683,243.131,243.131,28
2008-12-04 08:23:00,243.884,244.136,243.683,243.683,43
2008-12-04 08:24:00,244.186,244.236,243.834,243.834,26
2008-12-04 08:25:00,244.236,244.588,244.136,244.236,38
2008-12-04 08:26:00,244.387,244.387,244.085,244.186,15
2008-12-04 08:27:00,244.889,244.889,244.437,244.437,15
2008-12-04 08:28:00,244.939,244.989,244.688,244.939,20
2008-12-04 08:29:00,245.442,245.592,245.04,245.04,46
2008-12-04 08:30:00,245.793,245.894,245.492,245.592,53
2008-12-04 08:31:00,245.843,246.095,245.643,245.844,57
2008-12-04 08:32:00,245.894,245.994,245.693,245.793,33
2008-12-04 08:33:00,245.492,245.944,245.291,245.944,30
2008-12-04 08:34:00,246.195,246.346,245.592,245.592,27
2008-12-04 08:35:00,246.697,246.798,246.195,246.245,53
2008-12-04 08:36:00,246.748,246.999,246.597,246.647,48
2008-12-04 08:37:00,247.451,247.501,246.748,246.798,52
2008-12-04 08:38:00,246.948,247.501,246.898,247.501,47
2008-12-04 08:39:00,247.099,247.099,246.747,246.898,36
2008-12-04 08:40:00,247.953,247.953,246.999,246.999,56
2008-12-04 08:41:00,248.305,248.305,247.853,247.903,55
2008-12-04 08:42:00,248.104,248.405,248.104,248.405,44
2008-12-04 08:43:00,247.501,248.305,247.501,248.204,45
2008-12-04 08:44:00,247.752,247.752,247.35,247.601,42
2008-12-04 08:45:00,247.601,248.003,247.551,247.652,36
2008-12-04 08:46:00,247.3,247.802,247.199,247.702,35
2008-12-04 08:47:00,247.149,247.551,247.149,247.35,27
2008-12-04 08:48:00,246.998,247.249,246.998,247.199,25
2008-12-04 08:49:00,246.395,247.099,246.395,247.048,47
2008-12-04 08:50:00,246.445,246.546,246.345,246.345,31
2008-12-04 08:51:00,246.948,247.199,246.345,246.395,62
2008-12-04 08:52:00,247.249,247.45,246.948,246.998,21
2008-12-04 08:53:00,247.249,247.4,247.149,247.299,23
2008-12-04 08:54:00,247.35,247.551,247.149,247.199,18
2008-12-04 08:55:00,247.651,247.802,247.199,247.299,44
2008-12-04 08:56:00,247.751,247.802,247.601,247.701,17
2008-12-04 08:57:00,247.249,247.902,247.148,247.701,37
2008-12-04 08:58:00,246.847,247.299,246.847,247.299,18
2008-12-04 08:59:00,246.847,247.148,246.545,246.897,42
2008-12-04 09:00:00,246.797,246.847,246.596,246.797,18
2008-12-04 09:01:00,246.847,246.997,246.847,246.897,13
2008-12-04 09:02:00,246.445,246.847,246.394,246.796,20
2008-12-04 09:03:00,246.445,246.696,246.344,246.545,16
2008-12-04 09:04:00,246.143,246.545,246.093,246.394,28
2008-12-04 09:05:00,245.942,246.294,245.741,246.294,30
2008-12-04 09:06:00,245.791,245.992,245.741,245.992,20
2008-12-04 09:07:00,245.992,246.193,245.741,245.741,26
2008-12-04 09:08:00,246.093,246.093,245.942,246.093,20
2008-12-04 09:09:00,246.042,246.093,245.942,245.992,15
2008-12-04 09:10:00,245.942,246.042,245.892,245.942,8
2008-12-04 09:11:00,246.042,246.545,245.892,246.093,39
2008-12-04 09:12:00,246.796,246.796,246.093,246.093,31
2008-12-04 09:13:00,246.896,246.947,246.746,246.746,11
2008-12-04 09:14:00,246.796,246.947,246.746,246.947,8
2008-12-04 09:15:00,246.544,246.846,246.544,246.846,14
2008-12-04 09:16:00,246.796,246.796,246.494,246.645,14
2008-12-04 09:17:00,247.399,247.449,246.846,246.846,26
2008-12-04 09:18:00,247.097,247.399,246.946,247.348,18
2008-12-04 09:19:00,247.951,248.001,247.197,247.197,55
2008-12-04 09:20:00,248.052,248.403,247.901,247.901,48
2008-12-04 09:21:00,247.147,248.001,246.996,248.001,43
2008-12-04 09:22:00,247.599,247.649,247.097,247.197,18
2008-12-04 09:23:00,247.599,247.649,247.549,247.649,10
2008-12-04 09:24:00,247.398,247.549,247.348,247.448,10
2008-12-04 09:25:00,247.649,247.8,247.398,247.448,22
2008-12-04 09:26:00,247.649,247.7,247.448,247.599,11
2008-12-04 09:27:00,248.001,248.051,247.699,247.699,12
2008-12-04 09:28:00,247.448,247.951,247.348,247.951,28
2008-12-04 09:29:00,247.398,247.599,247.046,247.398,30
2008-12-04 09:30:00,247.549,247.599,247.348,247.498,11
2008-12-04 09:31:00,247.297,247.348,247.147,247.348,9
2008-12-04 09:32:00,247.347,247.347,247.197,247.247,10
2008-12-04 09:33:00,247.498,247.548,247.297,247.398,10
2008-12-04 09:34:00,247.398,247.448,247.347,247.448,6
2008-12-04 09:35:00,247.096,247.297,246.945,247.297,15
2008-12-04 09:36:00,246.996,247.197,246.996,247.197,6
2008-12-04 09:37:00,246.995,247.046,246.845,247.046,19
2008-12-04 09:38:00,247.046,247.096,246.945,246.945,6
2008-12-04 09:39:00,247.448,247.448,247.096,247.096,17
2008-12-04 09:40:00,247.397,247.648,247.247,247.498,21
2008-12-04 09:41:00,246.895,247.297,246.895,247.297,19
2008-12-04 09:42:00,247.146,247.196,246.895,246.945,24
2008-12-04 09:43:00,247.297,247.397,247.146,247.196,23
2008-12-04 09:44:00,246.895,247.246,246.794,247.246,19
2008-12-04 09:45:00,246.895,246.895,246.744,246.744,8
2008-12-04 09:46:00,246.945,247.045,246.844,246.844,11
2008-12-04 09:47:00,246.945,247.397,246.844,246.844,36
2008-12-04 09:48:00,246.894,247.045,246.794,247.045,13
2008-12-04 09:49:00,246.995,247.146,246.945,246.995,14
2008-12-04 09:50:00,246.995,247.045,246.945,246.945,5
2008-12-04 09:51:00,247.045,247.145,246.995,247.095,5
2008-12-04 09:52:00,247.196,247.246,247.095,247.095,5
2008-12-04 09:53:00,247.246,247.246,247.145,247.246,4
2008-12-04 09:54:00,247.346,247.346,247.196,247.296,6
2008-12-04 09:55:00,247.547,247.547,247.296,247.296,10
2008-12-04 09:56:00,247.296,247.497,247.246,247.497,13
2008-12-04 09:57:00,248.2,248.351,247.497,247.497,37
2008-12-04 09:58:00,248.351,248.703,248.15,248.15,38
2008-12-04 09:59:00,248.602,248.602,248.1,248.2,22
2008-12-04 10:00:00,248.25,248.502,248.2,248.502,21
2008-12-04 10:01:00,247.949,248.351,247.949,248.2,19
2008-12-04 10:02:00,248.3,248.351,247.999,247.999,11
2008-12-04 10:03:00,248.3,248.501,248.3,248.351,15
2008-12-04 10:04:00,248.15,248.351,247.999,248.351,17
2008-12-04 10:05:00,248.451,248.451,248.099,248.099,23
2008-12-04 10:06:00,248.501,248.602,248.35,248.401,10
2008-12-04 10:07:00,247.948,248.451,247.898,248.451,23
2008-12-04 10:08:00,247.999,247.999,247.647,247.999,26
2008-12-04 10:09:00,247.848,248.099,247.848,248.099,6
2008-12-04 10:10:00,248.199,248.199,247.697,247.798,16
2008-12-04 10:11:00,248.199,248.551,248.099,248.3,18
2008-12-04 10:12:00,248.953,249.003,248.25,248.25,32
2008-12-04 10:13:00,248.903,249.053,248.802,248.903,28
2008-12-04 10:14:00,248.903,249.104,248.752,248.953,24
2008-12-04 10:15:00,248.651,249.053,248.651,248.953,20
2008-12-04 10:16:00,248.35,248.601,248.3,248.601,20
2008-12-04 10:17:00,248.601,248.651,248.199,248.4,19
2008-12-04 10:18:00,248.852,248.852,248.45,248.551,11
2008-12-04 10:19:00,249.455,249.556,248.752,248.802,52
2008-12-04 10:20:00,249.656,249.907,249.556,249.556,39
2008-12-04 10:21:00,249.505,249.656,249.355,249.606,27
2008-12-04 10:22:00,249.204,249.555,249.103,249.555,26
2008-12-04 10:23:00,249.254,249.455,249.153,249.254,18
2008-12-04 10:24:00,249.053,249.254,249.003,249.204,16
2008-12-04 10:25:00,249.907,250.058,249.103,249.103,36
2008-12-04 10:26:00,249.756,250.007,249.555,249.857,28
2008-12-04 10:27:00,249.756,249.957,249.706,249.857,11
2008-12-04 10:28:00,249.957,250.108,249.656,249.806,24
2008-12-04 10:29:00,250.007,250.258,249.806,249.907,25
2008-12-04 10:30:00,250.007,250.108,249.907,250.057,11
2008-12-04 10:31:00,250.258,250.258,249.856,249.957,24
2008-12-04 10:32:00,250.007,250.158,249.806,250.158,21
2008-12-04 10:33:00,249.655,250.007,249.655,249.957,13
2008-12-04 10:34:00,250.057,250.057,249.706,249.706,18
2008-12-04 10:35:00,249.957,250.308,249.957,250.107,19
2008-12-04 10:36:00,249.957,250.057,249.856,250.007,12
2008-12-04 10:37:00,249.806,249.906,249.756,249.906,7
2008-12-04 10:38:00,249.605,249.705,249.404,249.705,23
2008-12-04 10:39:00,249.353,249.555,249.203,249.555,20
2008-12-04 10:40:00,249.605,249.605,249.203,249.303,27
2008-12-04 10:41:00,249.454,249.655,249.353,249.554,17
2008-12-04 10:42:00,249.705,249.705,249.504,249.554,10
2008-12-04 10:43:00,249.805,249.906,249.755,249.755,11
2008-12-04 10:44:00,249.805,249.856,249.705,249.755,6
2008-12-04 10:45:00,249.102,249.755,249.102,249.755,25
2008-12-04 10:46:00,248.851,249.052,248.851,249.052,15
2008-12-04 10:47:00,248.398,248.8,248.348,248.8,30
2008-12-04 10:48:00,248.398,248.398,248.248,248.348,23
2008-12-04 10:49:00,248.75,248.8,248.298,248.298,15
2008-12-04 10:50:00,248.398,248.7,248.398,248.7,20
2008-12-04 10:51:00,248.398,248.448,248.248,248.348,13
2008-12-04 10:52:00,248.197,248.398,248.097,248.298,11
2008-12-04 10:53:00,248.197,248.247,247.996,248.097,14
2008-12-04 10:54:00,248.046,248.097,247.996,248.097,7
2008-12-04 10:55:00,247.845,247.996,247.795,247.996,6
2008-12-04 10:56:00,247.644,247.946,247.544,247.795,22
2008-12-04 10:57:00,247.544,247.695,247.293,247.594,23
2008-12-04 10:58:00,247.694,247.745,247.443,247.594,20
2008-12-04 10:59:00,247.745,247.745,247.694,247.745,3
2008-12-04 11:00:00,247.644,248.348,247.594,247.845,52
2008-12-04 11:01:00,247.041,247.594,246.991,247.594,29
2008-12-04 11:02:00,247.292,247.393,246.84,246.991,35
2008-12-04 11:03:00,247.795,247.996,247.192,247.242,42
2008-12-04 11:04:00,248.247,248.247,247.543,247.845,27
2008-12-04 11:05:00,248.096,248.297,247.996,248.197,28
2008-12-04 11:06:00,247.895,248.196,247.845,248.146,24
2008-12-04 11:07:00,247.995,247.995,247.694,247.945,15
2008-12-04 11:08:00,248.196,248.749,248.046,248.046,66
2008-12-04 11:09:00,247.895,248.347,247.694,248.146,35
2008-12-04 11:10:00,247.845,247.945,247.744,247.845,13
2008-12-04 11:11:00,248.045,248.246,247.895,247.895,27
2008-12-04 11:12:00,248.146,248.297,247.694,247.895,33
2008-12-04 11:13:00,248.045,248.297,247.844,248.246,19
2008-12-04 11:14:00,247.643,247.895,247.593,247.895,15
2008-12-04 11:15:00,247.744,247.895,247.694,247.694,17
2008-12-04 11:16:00,247.643,247.894,247.543,247.794,19
2008-12-04 11:17:00,247.844,247.995,247.593,247.593,26
2008-12-04 11:18:00,247.643,247.844,247.643,247.794,7
2008-12-04 11:19:00,247.593,247.744,247.543,247.693,12
2008-12-04 11:20:00,247.794,247.844,247.693,247.693,7
2008-12-04 11:21:00,247.794,247.794,247.693,247.743,7
2008-12-04 11:22:00,247.643,247.794,247.593,247.743,13
2008-12-04 11:23:00,247.341,247.944,247.341,247.743,23
2008-12-04 11:24:00,247.442,247.442,247.291,247.392,7
2008-12-04 11:25:00,247.191,247.341,247.09,247.341,12
2008-12-04 11:26:00,247.14,247.341,247.14,247.241,13
2008-12-04 11:27:00,247.391,247.391,247.14,247.19,9
2008-12-04 11:28:00,247.241,247.291,247.19,247.291,6
2008-12-04 11:29:00,247.19,247.341,246.989,247.291,12
2008-12-04 11:30:00,247.391,247.442,247.19,247.241,13
2008-12-04 11:31:00,247.441,247.542,247.391,247.441,8
2008-12-04 11:32:00,247.693,247.693,247.492,247.542,8
2008-12-04 11:33:00,247.743,247.793,247.542,247.743,18
2008-12-04 11:34:00,247.542,247.693,247.492,247.693,8
2008-12-04 11:35:00,247.29,247.491,247.29,247.491,8
2008-12-04 11:36:00,247.341,247.341,247.14,247.24,5
2008-12-04 11:37:00,247.441,247.491,247.24,247.24,11
2008-12-04 11:38:00,247.19,247.29,247.19,247.24,4
2008-12-04 11:39:00,247.24,247.24,246.989,247.14,14
2008-12-04 11:40:00,247.139,247.19,247.089,247.19,3
2008-12-04 11:41:00,247.441,247.541,247.24,247.24,11
2008-12-04 11:42:00,247.24,247.491,247.089,247.491,15
2008-12-04 11:43:00,247.139,247.19,247.139,247.19,2
2008-12-04 11:44:00,247.039,247.089,246.989,247.089,5
2008-12-04 11:45:00,247.039,247.089,246.989,247.089,5
2008-12-04 11:46:00,246.938,246.938,246.938,246.938,1
2008-12-04 11:47:00,246.787,246.888,246.737,246.838,8
2008-12-04 11:48:00,246.787,246.787,246.637,246.687,9
2008-12-04 11:49:00,247.089,247.139,246.687,246.687,18
2008-12-04 11:50:00,247.139,247.29,247.089,247.139,5
2008-12-04 11:51:00,247.038,247.089,246.888,247.089,7
2008-12-04 11:52:00,246.888,247.038,246.888,246.988,7
2008-12-04 11:53:00,246.837,246.888,246.737,246.837,6
2008-12-04 11:54:00,246.988,247.088,246.787,246.888,12
2008-12-04 11:55:00,247.038,247.038,246.887,246.938,7
2008-12-04 11:56:00,246.586,246.988,246.586,246.988,9
2008-12-04 11:57:00,246.636,246.837,246.536,246.636,17
2008-12-04 11:58:00,246.787,246.787,246.536,246.586,7
2008-12-04 11:59:00,247.792,247.892,246.737,246.737,42
2008-12-04 12:00:00,246.535,247.842,246.134,247.842,131
2008-12-04 12:01:00,245.33,246.586,245.33,246.485,90
2008-12-04 12:02:00,244.676,245.38,244.576,245.38,106
2008-12-04 12:03:00,244.425,244.777,244.224,244.727,74
2008-12-04 12:04:00,245.329,245.329,244.325,244.475,73
2008-12-04 12:05:00,245.48,245.782,245.179,245.229,33
2008-12-04 12:06:00,245.882,246.133,245.53,245.53,35
2008-12-04 12:07:00,245.631,245.982,245.48,245.832,32
2008-12-04 12:08:00,245.832,245.982,245.58,245.681,30
2008-12-04 12:09:00,245.781,245.982,245.53,245.882,31
2008-12-04 12:10:00,245.379,245.631,245.229,245.631,23
2008-12-04 12:11:00,245.932,245.932,245.43,245.43,28
2008-12-04 12:12:00,245.731,245.932,245.58,245.831,16
2008-12-04 12:13:00,245.781,245.982,245.681,245.932,15
2008-12-04 12:14:00,245.731,245.781,245.53,245.731,6
2008-12-04 12:15:00,245.731,245.831,245.53,245.831,19
2008-12-04 12:16:00,246.082,246.535,245.781,245.781,46
2008-12-04 12:17:00,246.334,246.334,245.932,246.032,13
2008-12-04 12:18:00,246.384,246.384,246.183,246.283,11
2008-12-04 12:19:00,246.484,246.585,246.283,246.434,19
2008-12-04 12:20:00,246.233,246.434,246.233,246.333,8
2008-12-04 12:21:00,245.73,246.132,245.63,246.082,21
2008-12-04 12:22:00,245.68,245.73,245.529,245.63,8
2008-12-04 12:23:00,245.68,245.68,245.58,245.63,6
2008-12-04 12:24:00,245.931,245.931,245.68,245.73,10
2008-12-04 12:25:00,245.78,246.082,245.58,246.082,20
2008-12-04 12:26:00,245.881,246.032,245.68,245.881,14
2008-12-04 12:27:00,245.931,245.981,245.63,245.831,22
2008-12-04 12:28:00,246.534,246.534,245.981,245.981,16
2008-12-04 12:29:00,245.981,246.333,245.981,246.182,25
2008-12-04 12:30:00,246.534,246.634,246.031,246.031,24
2008-12-04 12:31:00,246.534,246.584,246.182,246.484,20
2008-12-04 12:32:00,246.835,246.936,246.484,246.584,31
2008-12-04 12:33:00,246.483,246.785,246.433,246.735,11
2008-12-04 12:34:00,246.282,246.634,246.282,246.584,17
2008-12-04 12:35:00,246.081,246.483,245.83,246.433,27
2008-12-04 12:36:00,245.78,246.031,245.73,246.031,22
2008-12-04 12:37:00,246.081,246.132,245.931,245.931,12
2008-12-04 12:38:00,246.031,246.031,245.629,245.981,29
2008-12-04 12:39:00,245.78,245.88,245.679,245.88,6
2008-12-04 12:40:00,246.533,246.634,245.83,245.83,30
2008-12-04 12:41:00,246.835,246.835,246.232,246.584,29
2008-12-04 12:42:00,246.533,246.784,246.433,246.784,32
2008-12-04 12:43:00,246.433,246.583,246.382,246.483,13
2008-12-04 12:44:00,246.583,246.734,246.232,246.382,20
2008-12-04 12:45:00,246.533,247.588,245.779,246.634,206
2008-12-04 12:46:00,245.83,246.684,245.478,246.433,86
2008-12-04 12:47:00,245.93,246.231,245.528,245.88,73
2008-12-04 12:48:00,245.729,245.93,245.428,245.88,42
2008-12-04 12:49:00,244.774,245.779,244.624,245.779,39
2008-12-04 12:50:00,244.573,244.975,244.523,244.674,48
2008-12-04 12:51:00,244.222,244.674,244.121,244.523,68
2008-12-04 12:52:00,244.322,244.573,244.071,244.171,58
2008-12-04 12:53:00,244.372,244.824,244.121,244.272,60
2008-12-04 12:54:00,245.126,245.377,244.221,244.322,53
2008-12-04 12:55:00,245.477,245.477,244.875,245.176,42
2008-12-04 12:56:00,245.327,245.578,244.874,245.528,40
2008-12-04 12:57:00,245.025,245.377,244.975,245.276,34
2008-12-04 12:58:00,245.075,245.126,244.523,245.075,43
2008-12-04 12:59:00,245.728,245.829,244.975,245.025,36
2008-12-04 13:00:00,245.226,245.678,244.874,245.678,47
2008-12-04 13:01:00,245.527,245.527,244.975,245.276,24
2008-12-04 13:02:00,245.075,245.427,245.025,245.427,33
2008-12-04 13:03:00,244.774,245.176,244.774,245.125,19
2008-12-04 13:04:00,244.623,245.025,244.623,244.924,19
2008-12-04 13:05:00,244.221,244.573,244.171,244.573,29
2008-12-04 13:06:00,243.467,244.171,243.367,244.12,58
2008-12-04 13:07:00,242.764,243.668,242.714,243.517,69
2008-12-04 13:08:00,242.211,242.814,242.01,242.714,57
2008-12-04 13:09:00,241.608,242.06,241.457,242.06,86
2008-12-04 13:10:00,241.558,241.709,240.804,241.709,128
2008-12-04 13:11:00,241.658,241.859,241.407,241.608,61
2008-12-04 13:12:00,241.809,242.01,241.558,241.759,50
2008-12-04 13:13:00,240.854,241.859,240.804,241.859,51
2008-12-04 13:14:00,239.799,240.854,239.498,240.754,98
2008-12-04 13:15:00,239.699,239.799,239.247,239.749,63
2008-12-04 13:16:00,238.995,240.151,238.895,239.799,103
2008-12-04 13:17:00,239.699,239.849,238.593,238.945,114
2008-12-04 13:18:00,240.05,240.1,239.548,239.799,57
2008-12-04 13:19:00,240.301,240.352,240.0,240.0,43
2008-12-04 13:20:00,240.452,240.804,240.251,240.251,70
2008-12-04 13:21:00,240.351,240.653,240.251,240.402,65
2008-12-04 13:22:00,240.05,240.402,239.949,240.301,31
2008-12-04 13:23:00,239.899,240.15,239.698,240.0,34
2008-12-04 13:24:00,240.502,240.603,239.899,239.949,52
2008-12-04 13:25:00,239.648,240.552,239.648,240.552,31
2008-12-04 13:26:00,239.045,239.799,238.794,239.698,73
2008-12-04 13:27:00,239.447,239.698,238.995,238.995,39
2008-12-04 13:28:00,238.794,239.497,238.643,239.497,26
2008-12-04 13:29:00,238.743,238.794,238.191,238.743,56
2008-12-04 13:30:00,239.195,239.748,238.643,238.794,115
2008-12-04 13:31:00,239.999,239.999,239.195,239.346,35
2008-12-04 13:32:00,240.301,240.301,239.949,239.949,20
2008-12-04 13:33:00,240.803,240.803,240.301,240.351,44
2008-12-04 13:34:00,241.004,241.104,240.753,240.753,44
2008-12-04 13:35:00,241.104,241.205,240.903,241.104,34
2008-12-04 13:36:00,240.853,241.406,240.853,241.155,51
2008-12-04 13:37:00,241.004,241.104,240.753,240.903,38
2008-12-04 13:38:00,241.506,241.506,240.903,240.903,31
2008-12-04 13:39:00,241.456,241.607,241.355,241.556,21
2008-12-04 13:40:00,241.606,241.657,241.305,241.556,36
2008-12-04 13:41:00,241.305,241.707,241.305,241.556,28
2008-12-04 13:42:00,240.803,241.255,240.752,241.255,45
2008-12-04 13:43:00,240.702,240.903,240.501,240.752,56
2008-12-04 13:44:00,240.551,240.853,240.451,240.802,12
2008-12-04 13:45:00,240.551,240.551,240.199,240.501,22
2008-12-04 13:46:00,241.254,241.455,240.551,240.601,45
2008-12-04 13:47:00,240.501,241.355,240.4,241.305,33
2008-12-04 13:48:00,240.802,240.852,240.551,240.551,25
2008-12-04 13:49:00,240.601,240.953,240.501,240.852,17
2008-12-04 13:50:00,240.35,240.551,240.099,240.551,41
2008-12-04 13:51:00,239.998,240.3,239.797,240.3,51
2008-12-04 13:52:00,239.697,240.249,239.646,240.048,59
2008-12-04 13:53:00,239.596,239.797,239.496,239.747,12
2008-12-04 13:54:00,239.445,239.596,239.395,239.546,15
2008-12-04 13:55:00,239.395,239.797,239.395,239.596,27
2008-12-04 13:56:00,239.244,239.345,238.842,239.345,57
2008-12-04 13:57:00,239.194,239.495,239.144,239.295,30
2008-12-04 13:58:00,239.244,239.294,239.094,239.244,15
2008-12-04 13:59:00,239.395,239.495,239.194,239.294,39
2008-12-04 14:00:00,239.345,239.596,239.244,239.345,28
2008-12-04 14:01:00,239.345,239.395,239.194,239.294,13
2008-12-04 14:02:00,239.445,239.746,239.395,239.395,14
2008-12-04 14:03:00,239.696,239.696,239.445,239.495,11
2008-12-04 14:04:00,239.897,239.897,239.746,239.746,5
2008-12-04 14:05:00,240.198,240.299,239.696,239.797,28
2008-12-04 14:06:00,240.651,240.751,240.249,240.249,34
2008-12-04 14:07:00,240.801,240.902,240.6,240.6,13
2008-12-04 14:08:00,240.55,240.801,240.5,240.751,16
2008-12-04 14:09:00,240.349,240.5,240.148,240.449,16
2008-12-04 14:10:00,240.399,240.449,240.299,240.299,12
2008-12-04 14:11:00,240.349,240.65,240.299,240.449,25
2008-12-04 14:12:00,240.449,240.55,240.198,240.299,14
2008-12-04 14:13:00,240.7,240.7,240.399,240.399,14
2008-12-04 14:14:00,240.6,240.901,240.449,240.65,48
2008-12-04 14:15:00,240.55,240.851,240.55,240.65,16
2008-12-04 14:16:00,240.549,240.75,240.449,240.65,13
2008-12-04 14:17:00,240.75,240.851,240.549,240.6,12
2008-12-04 14:18:00,240.851,241.102,240.851,240.851,20
2008-12-04 14:19:00,240.801,240.951,240.65,240.901,13
2008-12-04 14:20:00,240.549,240.901,240.499,240.851,13
2008-12-04 14:21:00,240.047,240.6,240.047,240.6,32
2008-12-04 14:22:00,240.348,240.398,240.097,240.097,14
2008-12-04 14:23:00,240.047,240.348,240.047,240.298,19
2008-12-04 14:24:00,240.298,240.298,240.097,240.147,9
2008-12-04 14:25:00,240.197,240.248,240.147,240.248,6
2008-12-04 14:26:00,240.248,240.298,240.197,240.298,5
2008-12-04 14:27:00,240.398,240.398,240.298,240.348,6
2008-12-04 14:28:00,240.448,240.448,240.298,240.348,5
2008-12-04 14:29:00,240.247,240.448,240.247,240.398,6
2008-12-04 14:30:00,240.599,240.699,240.097,240.348,41
2008-12-04 14:31:00,241.353,241.453,240.499,240.499,47
2008-12-04 14:32:00,241.352,241.503,241.101,241.302,30
2008-12-04 14:33:00,241.001,241.604,240.9,241.403,43
2008-12-04 14:34:00,241.302,241.704,241.001,241.051,49
2008-12-04 14:35:00,241.855,241.955,241.302,241.403,30
2008-12-04 14:36:00,241.704,241.905,241.654,241.754,32
2008-12-04 14:37:00,241.603,241.955,241.503,241.754,37
2008-12-04 14:38:00,241.453,241.503,240.95,241.453,73
2008-12-04 14:39:00,242.106,242.106,241.252,241.352,48
2008-12-04 14:40:00,242.759,242.859,242.106,242.156,72
2008-12-04 14:41:00,242.909,243.161,242.708,242.809,46
2008-12-04 14:42:00,242.558,243.161,242.457,242.809,31
2008-12-04 14:43:00,243.11,243.11,242.658,242.658,40
2008-12-04 14:44:00,242.608,243.06,242.507,243.06,50
2008-12-04 14:45:00,242.156,242.859,242.055,242.558,46
2008-12-04 14:46:00,243.01,243.01,242.005,242.105,45
2008-12-04 14:47:00,243.311,243.311,242.959,243.06,44
2008-12-04 14:48:00,242.658,243.512,242.658,243.361,47
2008-12-04 14:49:00,243.11,243.21,242.407,242.608,72
2008-12-04 14:50:00,244.115,244.115,243.16,243.16,53
2008-12-04 14:51:00,244.165,244.215,243.612,244.014,47
2008-12-04 14:52:00,244.366,244.416,244.014,244.115,32
2008-12-04 14:53:00,244.567,244.717,244.215,244.316,41
2008-12-04 14:54:00,243.763,244.567,243.763,244.516,57
2008-12-04 14:55:00,243.512,243.763,243.512,243.713,25
2008-12-04 14:56:00,244.165,244.165,243.512,243.562,29
2008-12-04 14:57:00,244.165,244.265,243.964,244.265,26
2008-12-04 14:58:00,243.913,244.366,243.863,244.265,15
2008-12-04 14:59:00,243.612,243.863,243.411,243.863,39
2008-12-04 15:00:00,243.109,243.712,242.908,243.511,69
2008-12-04 15:01:00,243.963,244.064,243.009,243.009,45
2008-12-04 15:02:00,244.717,244.767,243.913,243.913,59
2008-12-04 15:03:00,244.817,245.219,244.516,244.667,56
2008-12-04 15:04:00,244.717,245.32,244.667,244.767,53
2008-12-04 15:05:00,245.068,245.068,244.516,244.667,35
2008-12-04 15:06:00,244.365,245.068,244.315,245.018,66
2008-12-04 15:07:00,243.913,244.466,243.611,244.265,54
2008-12-04 15:08:00,243.461,244.013,243.36,244.013,34
2008-12-04 15:09:00,243.41,243.862,243.109,243.41,54
2008-12-04 15:10:00,243.762,244.164,243.461,243.461,70
2008-12-04 15:11:00,243.36,243.762,243.059,243.712,40
2008-12-04 15:12:00,243.109,243.46,242.657,243.41,47
2008-12-04 15:13:00,242.657,243.31,242.657,243.159,63
2008-12-04 15:14:00,242.506,242.757,242.305,242.606,53
2008-12-04 15:15:00,242.757,242.807,242.556,242.556,32
2008-12-04 15:16:00,242.254,242.807,242.254,242.707,23
2008-12-04 15:17:00,242.656,242.656,241.802,242.204,59
2008-12-04 15:18:00,242.907,243.008,242.405,242.606,44
2008-12-04 15:19:00,242.505,242.958,242.455,242.958,34
2008-12-04 15:20:00,242.505,242.556,242.254,242.556,29
2008-12-04 15:21:00,243.158,243.259,242.304,242.405,52
2008-12-04 15:22:00,243.711,243.812,242.958,243.108,42
2008-12-04 15:23:00,244.264,244.264,243.661,243.812,47
2008-12-04 15:24:00,243.761,244.364,243.61,244.314,44
2008-12-04 15:25:00,243.962,244.063,243.56,243.61,34
2008-12-04 15:26:00,243.46,243.912,243.46,243.912,27
2008-12-04 15:27:00,243.309,243.56,242.957,243.56,37
2008-12-04 15:28:00,243.259,243.56,242.957,243.359,50
2008-12-04 15:29:00,242.706,243.208,242.706,243.108,51
2008-12-04 15:30:00,243.007,243.058,242.605,242.756,22
2008-12-04 15:31:00,243.208,243.208,242.907,242.957,12
2008-12-04 15:32:00,242.605,243.057,242.354,243.057,39
2008-12-04 15:33:00,242.555,242.806,242.454,242.455,23
2008-12-04 15:34:00,243.007,243.309,242.555,242.605,25
2008-12-04 15:35:00,243.258,243.66,243.057,243.057,30
2008-12-04 15:36:00,242.806,243.359,242.806,243.158,37
2008-12-04 15:37:00,242.555,242.906,242.505,242.756,38
2008-12-04 15:38:00,243.409,243.409,242.655,242.655,28
2008-12-04 15:39:00,243.61,243.861,243.409,243.459,42
2008-12-04 15:40:00,243.559,243.861,243.509,243.559,34
2008-12-04 15:41:00,243.861,244.062,243.409,243.459,38
2008-12-04 15:42:00,243.911,244.212,243.76,243.76,38
2008-12-04 15:43:00,244.011,244.162,243.66,244.011,38
2008-12-04 15:44:00,243.559,244.112,243.358,244.112,32
2008-12-04 15:45:00,243.358,243.559,243.006,243.509,62
2008-12-04 15:46:00,244.061,244.061,243.308,243.308,47
2008-12-04 15:47:00,243.308,243.86,243.006,243.81,36
2008-12-04 15:48:00,243.308,243.609,243.207,243.358,32
2008-12-04 15:49:00,243.056,243.659,243.006,243.358,28
2008-12-04 15:50:00,242.805,243.107,242.554,243.006,46
2008-12-04 15:51:00,243.157,243.207,242.604,242.755,36
2008-12-04 15:52:00,243.559,243.659,243.207,243.257,27
2008-12-04 15:53:00,243.76,244.011,243.408,243.609,55
2008-12-04 15:54:00,243.508,243.709,243.257,243.709,34
2008-12-04 15:55:00,244.061,244.212,243.458,243.458,32
2008-12-04 15:56:00,243.96,244.212,243.86,244.011,25
2008-12-04 15:57:00,244.664,244.664,243.96,244.011,27
2008-12-04 15:58:00,244.764,244.865,244.362,244.714,28
2008-12-04 15:59:00,244.664,244.764,244.513,244.714,21
2008-12-04 16:00:00,244.915,245.015,244.613,244.613,43
2008-12-04 16:01:00,244.663,244.864,244.513,244.864,28
2008-12-04 16:02:00,244.613,244.915,244.613,244.814,32
2008-12-04 16:03:00,244.814,244.814,244.513,244.663,27
2008-12-04 16:04:00,244.814,244.965,244.663,244.714,20
2008-12-04 16:05:00,244.161,244.814,244.161,244.764,28
2008-12-04 16:06:00,244.111,244.261,243.809,244.261,29
2008-12-04 16:07:00,243.96,244.211,243.709,244.06,30
2008-12-04 16:08:00,243.608,244.01,243.608,243.91,34
2008-12-04 16:09:00,243.407,243.709,243.206,243.709,40
2008-12-04 16:10:00,242.804,243.357,242.603,243.357,37
2008-12-04 16:11:00,242.603,242.955,242.603,242.854,23
2008-12-04 16:12:00,242.352,242.653,242.251,242.653,29
2008-12-04 16:13:00,242.904,242.904,242.302,242.402,27
2008-12-04 16:14:00,242.804,243.005,242.804,242.955,23
2008-12-04 16:15:00,243.055,243.256,242.904,242.904,22
2008-12-04 16:16:00,243.507,243.507,243.005,243.105,16
2008-12-04 16:17:00,243.055,243.457,242.955,243.457,39
2008-12-04 16:18:00,243.155,243.306,242.653,243.005,35
2008-12-04 16:19:00,242.804,243.155,242.603,243.105,41
2008-12-04 16:20:00,242.603,242.904,242.301,242.753,29
2008-12-04 16:21:00,243.205,243.205,242.502,242.653,27
2008-12-04 16:22:00,243.607,243.607,243.205,243.256,34
2008-12-04 16:23:00,243.205,243.658,243.105,243.658,36
2008-12-04 16:24:00,243.557,243.607,243.105,243.155,42
2008-12-04 16:25:00,243.456,243.708,243.306,243.657,30
2008-12-04 16:26:00,243.657,243.708,243.255,243.406,29
2008-12-04 16:27:00,243.657,243.909,243.607,243.708,28
2008-12-04 16:28:00,243.255,244.059,243.105,243.708,80
2008-12-04 16:29:00,242.904,243.456,242.904,243.306,52
2008-12-04 16:30:00,242.451,242.954,242.451,242.803,39
2008-12-04 16:31:00,242.2,242.502,242.1,242.401,32
2008-12-04 16:32:00,242.451,242.753,241.999,242.401,38
2008-12-04 16:33:00,242.301,242.853,242.301,242.502,17
2008-12-04 16:34:00,242.3,242.753,242.15,242.25,35
2008-12-04 16:35:00,241.698,242.401,241.547,242.25,28
2008-12-04 16:36:00,241.446,241.547,241.145,241.497,16
2008-12-04 16:37:00,241.748,241.898,241.497,241.547,9
2008-12-04 16:38:00,241.898,242.2,241.798,241.798,20
2008-12-04 16:39:00,241.396,241.848,241.396,241.848,7
2008-12-04 16:40:00,241.295,241.346,241.094,241.346,12
2008-12-04 16:41:00,241.346,241.647,241.346,241.547,5
2008-12-04 16:42:00,240.843,241.446,240.843,241.446,5
2008-12-04 16:43:00,240.743,240.743,240.592,240.692,10
2008-12-04 16:44:00,239.939,240.692,239.889,240.642,12
2008-12-04 16:45:00,239.989,240.19,239.989,239.989,7
2008-12-04 16:46:00,240.542,240.542,240.29,240.29,5
2008-12-04 16:47:00,240.742,240.742,240.341,240.391,6
2008-12-04 16:48:00,240.994,241.195,240.843,240.843,6
2008-12-04 16:49:00,240.943,241.094,240.843,241.094,5
2008-12-04 16:50:00,240.843,240.893,240.843,240.893,2
2008-12-04 16:51:00,240.792,240.792,240.792,240.792,1
2008-12-04 16:52:00,241.245,241.245,241.194,241.194,2
2008-12-04 16:53:00,240.742,241.295,240.742,241.194,9
2008-12-04 16:55:00,241.797,241.847,241.144,241.144,5
2008-12-04 16:56:00,241.948,241.948,241.797,241.948,3
2008-12-04 16:57:00,242.249,242.249,242.149,242.149,2
2008-12-04 16:58:00,241.747,242.098,241.747,242.098,3
2008-12-04 16:59:00,241.395,241.847,241.345,241.847,5
2008-12-04 17:01:00,240.792,241.194,240.792,241.194,4
2008-12-04 17:02:00,240.691,240.691,240.541,240.641,5
2008-12-04 17:03:00,240.49,240.49,240.49,240.49,1
2008-12-04 17:05:00,240.139,240.189,240.139,240.189,2
2008-12-04 17:06:00,239.938,240.139,239.938,240.038,4
2008-12-04 17:07:00,239.837,239.837,239.837,239.837,1
2008-12-04 17:08:00,240.038,240.038,239.887,239.887,2
2008-12-04 17:09:00,240.189,240.189,240.138,240.138,2
2008-12-04 17:10:00,240.44,240.44,240.339,240.339,2
2008-12-04 17:11:00,240.138,240.239,240.138,240.239,2
2008-12-04 17:12:00,240.239,240.239,240.138,240.239,3
2008-12-04 17:13:00,240.138,240.138,240.138,240.138,1
2008-12-04 17:14:00,239.987,240.54,239.987,240.188,7
2008-12-05 07:00:00,238.286,238.286,237.985,237.985,4
2008-12-05 07:01:00,239.09,239.09,238.638,238.788,5
2008-12-05 07:02:00,238.838,239.29,238.838,238.989,7
2008-12-05 07:03:00,238.989,239.089,238.989,239.039,3
2008-12-05 07:05:00,238.989,239.089,238.989,239.089,2
2008-12-05 07:06:00,239.29,239.29,239.24,239.24,2
2008-12-05 07:07:00,239.089,239.089,238.989,238.989,2
2008-12-05 07:08:00,239.541,239.541,239.089,239.29,4
2008-12-05 07:09:00,239.19,239.29,239.089,239.29,4
2008-12-05 07:10:00,239.089,239.19,239.089,239.139,4
2008-12-05 07:13:00,238.888,238.888,238.888,238.888,1
2008-12-05 07:15:00,239.089,239.089,239.039,239.039,2
2008-12-05 07:17:00,239.29,239.29,239.189,239.189,2
2008-12-05 07:19:00,239.641,239.792,239.49,239.49,4
2008-12-05 07:21:00,239.993,239.993,239.641,239.792,10
2008-12-05 07:22:00,239.892,239.892,239.641,239.641,5
2008-12-05 07:23:00,240.143,240.445,240.043,240.043,5
2008-12-05 07:24:00,240.093,240.093,240.093,240.093,1
2008-12-05 07:26:00,240.043,240.043,239.691,239.691,4
2008-12-05 07:28:00,240.093,240.093,239.942,239.942,2
2008-12-05 07:29:00,239.842,239.942,239.842,239.942,2
2008-12-05 07:30:00,239.54,239.641,239.54,239.641,2
2008-12-05 07:31:00,239.44,239.44,239.44,239.44,1
2008-12-05 07:32:00,239.289,239.289,239.289,239.289,1
2008-12-05 07:33:00,239.59,239.59,239.49,239.49,2
2008-12-05 07:35:00,239.841,240.092,239.841,239.841,3
2008-12-05 07:36:00,239.891,239.891,239.891,239.891,1
2008-12-05 07:39:00,240.142,240.142,240.142,240.142,1
2008-12-05 07:41:00,240.092,240.092,239.891,239.891,2
2008-12-05 07:44:00,239.991,239.991,239.991,239.991,1
2008-12-05 07:45:00,239.79,239.79,239.79,239.79,1
2008-12-05 07:47:00,239.439,239.439,239.439,239.439,1
2008-12-05 07:48:00,239.288,239.288,239.288,239.288,1
2008-12-05 07:49:00,239.137,239.439,239.137,239.439,7
2008-12-05 07:51:00,239.439,239.439,239.187,239.187,2
2008-12-05 07:52:00,239.69,239.69,239.288,239.288,3
2008-12-05 07:53:00,239.74,239.74,239.74,239.74,1
2008-12-05 07:57:00,239.639,239.689,239.639,239.689,2
2008-12-05 07:58:00,240.041,240.041,239.639,239.689,5
2008-12-05 07:59:00,240.292,240.292,239.991,240.091,4
2008-12-05 08:00:00,240.493,241.146,239.79,240.091,114
2008-12-05 08:01:00,240.292,240.844,240.292,240.443,47
2008-12-05 08:02:00,240.141,240.493,240.141,240.242,32
2008-12-05 08:03:00,239.89,240.091,239.538,240.091,36
2008-12-05 08:04:00,239.538,239.89,239.488,239.84,16
2008-12-05 08:05:00,239.438,239.789,239.388,239.589,57
2008-12-05 08:06:00,238.986,239.388,238.885,239.388,32
2008-12-05 08:07:00,239.086,239.237,238.935,238.935,43
2008-12-05 08:08:00,238.734,239.337,238.734,239.136,55
2008-12-05 08:09:00,238.684,238.935,238.634,238.835,39
2008-12-05 08:10:00,238.785,238.785,238.383,238.634,52
2008-12-05 08:11:00,239.237,239.337,238.684,238.684,43
2008-12-05 08:12:00,238.935,239.488,238.935,239.287,68
2008-12-05 08:13:00,238.885,238.985,238.584,238.885,33
2008-12-05 08:14:00,239.538,239.588,238.835,238.835,41
2008-12-05 08:15:00,239.789,239.839,239.488,239.488,31
2008-12-05 08:16:00,240.09,240.191,239.839,239.839,37
2008-12-05 08:17:00,239.739,240.09,239.688,240.04,29
2008-12-05 08:18:00,240.09,240.14,239.437,239.789,70
2008-12-05 08:19:00,240.19,240.391,239.99,240.04,50
2008-12-05 08:20:00,240.241,240.391,240.19,240.291,32
2008-12-05 08:21:00,240.843,240.944,240.291,240.291,45
2008-12-05 08:22:00,240.14,240.944,239.989,240.894,49
2008-12-05 08:23:00,239.788,240.341,239.738,240.09,34
2008-12-05 08:24:00,239.788,239.889,239.387,239.738,51
2008-12-05 08:25:00,239.839,240.039,239.537,239.839,40
2008-12-05 08:26:00,239.738,239.939,239.587,239.788,29
2008-12-05 08:27:00,239.889,240.039,239.788,239.838,10
2008-12-05 08:28:00,239.437,239.889,239.386,239.838,27
2008-12-05 08:29:00,239.085,239.587,238.984,239.386,42
2008-12-05 08:30:00,238.934,239.386,238.683,239.035,65
2008-12-05 08:31:00,238.984,239.085,238.683,238.984,35
2008-12-05 08:32:00,238.934,239.035,238.834,238.934,23
2008-12-05 08:33:00,238.582,239.085,238.582,238.884,32
2008-12-05 08:34:00,237.477,238.532,237.477,238.532,80
2008-12-05 08:35:00,237.377,237.879,237.377,237.578,47
2008-12-05 08:36:00,237.477,237.578,236.925,237.276,62
2008-12-05 08:37:00,237.075,237.578,236.925,237.527,40
2008-12-05 08:38:00,237.678,237.678,237.075,237.176,33
2008-12-05 08:39:00,238.03,238.08,237.628,237.728,31
2008-12-05 08:40:00,237.477,238.281,237.477,237.979,38
2008-12-05 08:41:00,236.824,237.527,236.774,237.427,37
2008-12-05 08:42:00,236.372,236.824,236.02,236.724,66
2008-12-05 08:43:00,237.326,237.427,236.422,236.422,54
2008-12-05 08:44:00,237.226,237.376,236.975,237.376,16
2008-12-05 08:45:00,237.075,237.175,236.975,237.075,17
2008-12-05 08:46:00,236.522,237.025,236.322,237.025,22
2008-12-05 08:47:00,236.171,236.623,236.171,236.623,36
2008-12-05 08:48:00,236.522,236.573,236.02,236.221,46
2008-12-05 08:49:00,237.075,237.075,236.522,236.573,16
2008-12-05 08:50:00,237.075,237.075,236.924,237.025,12
2008-12-05 08:51:00,237.225,237.326,237.075,237.175,17
2008-12-05 08:52:00,236.924,237.276,236.874,237.276,19
2008-12-05 08:53:00,236.874,236.974,236.773,236.974,9
2008-12-05 08:54:00,236.773,236.874,236.723,236.773,7
2008-12-05 08:55:00,236.773,236.974,236.622,236.823,29
2008-12-05 08:56:00,236.572,236.723,236.271,236.723,24
2008-12-05 08:57:00,236.622,236.823,236.472,236.622,26
2008-12-05 08:58:00,236.421,236.673,236.02,236.673,61
2008-12-05 08:59:00,236.522,236.773,236.472,236.472,37
2008-12-05 09:00:00,236.421,236.622,235.869,236.472,84
2008-12-05 09:01:00,236.873,236.873,236.471,236.522,41
2008-12-05 09:02:00,237.024,237.175,236.723,236.773,56
2008-12-05 09:03:00,237.325,237.325,236.923,237.124,26
2008-12-05 09:04:00,237.375,237.626,237.124,237.225,28
2008-12-05 09:05:00,237.526,237.777,237.426,237.426,29
2008-12-05 09:06:00,237.225,237.727,237.024,237.576,47
2008-12-05 09:07:00,237.526,237.677,237.174,237.275,32
2008-12-05 09:08:00,238.028,238.179,237.526,237.576,25
2008-12-05 09:09:00,237.928,237.978,237.727,237.978,22
2008-12-05 09:10:00,237.928,238.028,237.827,237.827,9
2008-12-05 09:11:00,237.475,237.978,237.475,237.877,15
2008-12-05 09:12:00,237.274,237.425,237.074,237.425,23
2008-12-05 09:13:00,237.274,237.375,237.074,237.325,21
2008-12-05 09:14:00,237.676,237.676,237.073,237.224,18
2008-12-05 09:15:00,237.676,237.676,237.525,237.576,8
2008-12-05 09:16:00,237.525,237.726,237.425,237.726,8
2008-12-05 09:17:00,237.475,237.676,237.375,237.475,18
2008-12-05 09:18:00,237.475,237.626,237.174,237.525,44
2008-12-05 09:19:00,237.525,237.676,237.475,237.525,15
2008-12-05 09:20:00,237.525,237.626,237.475,237.475,9
2008-12-05 09:21:00,238.228,238.279,237.676,237.676,21
2008-12-05 09:22:00,238.178,238.479,238.128,238.329,24
2008-12-05 09:23:00,238.73,238.881,238.228,238.228,23
2008-12-05 09:24:00,238.329,238.881,238.228,238.781,30
2008-12-05 09:25:00,238.529,238.73,238.329,238.379,22
2008-12-05 09:26:00,238.73,238.781,238.63,238.63,13
2008-12-05 09:27:00,239.082,239.283,238.73,238.781,33
2008-12-05 09:28:00,239.132,239.232,238.881,239.132,17
2008-12-05 09:29:00,239.232,239.383,239.082,239.182,27
2008-12-05 09:30:00,238.579,239.182,238.579,239.182,27
2008-12-05 09:31:00,238.63,238.63,238.228,238.529,21
2008-12-05 09:32:00,238.479,238.529,238.479,238.529,4
2008-12-05 09:33:00,238.328,238.529,238.278,238.328,8
2008-12-05 09:34:00,238.629,238.78,238.378,238.378,21
2008-12-05 09:35:00,238.73,238.981,238.529,238.579,12
2008-12-05 09:36:00,238.529,238.78,238.479,238.78,7
2008-12-05 09:37:00,238.479,238.73,238.428,238.479,12
2008-12-05 09:38:00,238.177,238.378,238.027,238.378,33
2008-12-05 09:39:00,238.227,238.378,238.177,238.227,13
2008-12-05 09:40:00,238.579,238.579,238.177,238.177,9
2008-12-05 09:41:00,238.077,238.478,237.976,238.478,16
2008-12-05 09:42:00,237.775,238.277,237.725,238.277,27
2008-12-05 09:43:00,237.775,237.825,237.675,237.825,8
2008-12-05 09:44:00,237.524,237.775,237.524,237.725,11
2008-12-05 09:45:00,237.875,237.875,237.574,237.624,11
2008-12-05 09:46:00,238.227,238.227,237.875,237.926,9
2008-12-05 09:47:00,238.327,238.428,238.177,238.428,10
2008-12-05 09:48:00,238.83,238.83,238.378,238.378,15
2008-12-05 09:49:00,238.528,238.83,238.528,238.779,16
2008-12-05 09:50:00,238.528,238.629,238.378,238.478,13
2008-12-05 09:51:00,238.026,238.629,238.026,238.629,13
2008-12-05 09:52:00,237.976,237.976,237.775,237.976,10
2008-12-05 09:53:00,237.925,238.076,237.624,237.925,24
2008-12-05 09:54:00,237.925,237.925,237.724,237.875,10
2008-12-05 09:55:00,237.774,237.975,237.724,237.875,22
2008-12-05 09:56:00,237.774,237.825,237.674,237.724,5
2008-12-05 09:57:00,237.975,238.026,237.825,237.825,16
2008-12-05 09:58:00,238.327,238.327,237.875,238.026,34
2008-12-05 09:59:00,238.025,238.176,238.025,238.176,3
2008-12-05 10:00:00,238.025,238.277,238.025,238.176,5
2008-12-05 10:01:00,238.076,238.226,237.975,238.126,11
2008-12-05 10:02:00,238.276,238.327,238.126,238.126,14
2008-12-05 10:03:00,238.327,238.327,238.276,238.327,3
2008-12-05 10:04:00,238.477,238.527,238.276,238.276,16
2008-12-05 10:05:00,238.377,238.477,238.377,238.377,6
2008-12-05 10:06:00,238.326,238.678,238.276,238.427,35
2008-12-05 10:07:00,238.226,238.377,237.925,238.377,28
2008-12-05 10:08:00,238.628,238.628,238.176,238.176,9
2008-12-05 10:09:00,238.226,238.577,238.226,238.577,9
2008-12-05 10:10:00,237.975,238.276,237.924,238.176,17
2008-12-05 10:11:00,237.774,238.075,237.623,238.075,14
2008-12-05 10:12:00,237.824,237.824,237.723,237.824,4
2008-12-05 10:13:00,237.623,237.774,237.623,237.774,8
2008-12-05 10:14:00,238.075,238.075,237.623,237.673,9
2008-12-05 10:15:00,237.824,238.276,237.773,238.025,11
2008-12-05 10:16:00,237.824,238.025,237.723,237.723,11
2008-12-05 10:17:00,237.271,237.773,237.221,237.773,19
2008-12-05 10:18:00,237.321,237.371,237.12,237.321,12
2008-12-05 10:19:00,237.07,237.221,237.02,237.171,8
2008-12-05 10:20:00,236.769,237.07,236.718,237.02,23
2008-12-05 10:21:00,236.869,236.969,236.819,236.919,9
2008-12-05 10:22:00,236.919,237.02,236.819,236.819,14
2008-12-05 10:23:00,236.618,237.07,236.517,236.969,29
2008-12-05 10:24:00,236.517,236.568,236.266,236.568,19
2008-12-05 10:25:00,236.718,236.718,236.367,236.568,21
2008-12-05 10:26:00,237.07,237.07,236.668,236.668,16
2008-12-05 10:27:00,236.869,237.12,236.618,237.019,20
2008-12-05 10:28:00,236.969,236.969,236.668,236.768,21
2008-12-05 10:29:00,237.07,237.12,236.919,236.919,5
2008-12-05 10:30:00,236.768,236.969,236.668,236.969,23
2008-12-05 10:31:00,236.316,236.668,236.165,236.668,39
2008-12-05 10:32:00,236.366,236.366,236.165,236.216,11
2008-12-05 10:33:00,236.768,236.868,236.467,236.467,36
2008-12-05 10:34:00,236.517,236.718,236.517,236.718,7
2008-12-05 10:35:00,236.416,236.768,236.416,236.667,18
2008-12-05 10:36:00,236.617,236.868,236.266,236.366,17
2008-12-05 10:37:00,236.718,236.868,236.567,236.818,18
2008-12-05 10:38:00,236.316,236.717,236.316,236.667,18
2008-12-05 10:39:00,236.516,236.918,236.265,236.366,31
2008-12-05 10:40:00,236.567,236.667,236.516,236.567,21
2008-12-05 10:41:00,236.366,236.768,236.366,236.617,14
2008-12-05 10:42:00,236.315,236.416,236.215,236.265,8
2008-12-05 10:43:00,236.466,236.466,236.265,236.265,13
2008-12-05 10:44:00,236.617,236.667,236.466,236.516,8
2008-12-05 10:45:00,236.818,236.818,236.516,236.667,7
2008-12-05 10:46:00,236.817,236.968,236.817,236.868,7
2008-12-05 10:47:00,236.767,236.918,236.667,236.767,12
2008-12-05 10:48:00,236.918,236.918,236.817,236.817,3
2008-12-05 10:49:00,236.717,236.868,236.667,236.868,11
2008-12-05 10:51:00,236.667,236.867,236.667,236.767,14
2008-12-05 10:52:00,237.018,237.068,236.667,236.717,22
2008-12-05 10:53:00,236.968,237.068,236.867,237.068,9
2008-12-05 10:54:00,236.867,237.018,236.817,237.018,6
2008-12-05 10:55:00,236.917,236.968,236.917,236.918,3
2008-12-05 10:56:00,236.767,236.867,236.717,236.817,6
2008-12-05 10:57:00,236.767,236.767,236.666,236.717,4
2008-12-05 10:58:00,236.867,236.917,236.817,236.817,6
2008-12-05 10:59:00,236.616,236.817,236.264,236.767,38
2008-12-05 11:00:00,236.616,236.616,236.315,236.566,19
2008-12-05 11:01:00,236.566,236.716,236.515,236.566,12
2008-12-05 11:02:00,236.666,236.766,236.666,236.666,7
2008-12-05 11:03:00,236.616,236.616,236.616,236.616,1
2008-12-05 11:04:00,236.666,236.666,236.666,236.666,1
2008-12-05 11:05:00,236.616,236.616,236.465,236.616,9
2008-12-05 11:06:00,236.616,236.616,236.465,236.565,8
2008-12-05 11:07:00,236.515,236.716,236.465,236.565,8
2008-12-05 11:08:00,236.415,236.565,236.264,236.565,13
2008-12-05 11:09:00,236.515,236.565,236.264,236.364,15
2008-12-05 11:10:00,236.414,236.465,236.414,236.465,2
2008-12-05 11:11:00,236.414,236.565,236.414,236.515,5
2008-12-05 11:12:00,236.615,236.615,236.364,236.364,8
2008-12-05 11:13:00,236.716,236.766,236.665,236.665,4
2008-12-05 11:14:00,236.866,236.916,236.716,236.816,6
2008-12-05 11:15:00,236.866,236.916,236.816,236.816,4
2008-12-05 11:16:00,236.665,236.816,236.615,236.816,9
2008-12-05 11:17:00,236.766,236.766,236.766,236.766,1
2008-12-05 11:18:00,236.464,236.665,236.364,236.665,10
2008-12-05 11:19:00,236.364,236.414,236.263,236.414,6
2008-12-05 11:20:00,236.615,236.615,236.414,236.414,8
2008-12-05 11:22:00,236.313,236.565,236.213,236.565,10
2008-12-05 11:23:00,236.464,236.464,236.213,236.364,19
2008-12-05 11:24:00,236.313,236.464,236.163,236.414,11
2008-12-05 11:25:00,236.163,236.263,236.112,236.213,9
2008-12-05 11:26:00,236.363,236.363,236.162,236.263,10
2008-12-05 11:27:00,236.313,236.313,236.263,236.313,5
2008-12-05 11:28:00,236.263,236.363,236.263,236.363,3
2008-12-05 11:29:00,236.263,236.363,236.213,236.363,9
2008-12-05 11:30:00,236.012,236.363,235.911,236.213,25
2008-12-05 11:31:00,236.012,236.062,235.911,236.062,14
2008-12-05 11:32:00,236.212,236.212,235.961,236.062,12
2008-12-05 11:33:00,236.212,236.313,236.112,236.263,8
2008-12-05 11:34:00,236.212,236.363,236.212,236.263,7
2008-12-05 11:35:00,236.313,236.363,236.212,236.313,7
2008-12-05 11:36:00,236.363,236.363,236.313,236.363,3
2008-12-05 11:37:00,236.513,236.513,236.313,236.313,6
2008-12-05 11:38:00,236.463,236.564,236.463,236.463,5
2008-12-05 11:39:00,236.614,236.614,236.413,236.513,5
2008-12-05 11:40:00,236.564,236.664,236.463,236.664,5
2008-12-05 11:41:00,236.714,236.764,236.513,236.614,8
2008-12-05 11:42:00,236.764,236.764,236.664,236.664,4
2008-12-05 11:43:00,236.815,236.815,236.714,236.815,5
2008-12-05 11:44:00,236.865,236.865,236.764,236.764,2
2008-12-05 11:45:00,236.563,236.764,236.563,236.714,12
2008-12-05 11:46:00,236.362,236.513,236.362,236.513,5
2008-12-05 11:47:00,236.312,236.413,236.262,236.312,10
2008-12-05 11:48:00,236.312,236.312,236.212,236.262,8
2008-12-05 11:49:00,236.563,236.563,236.262,236.262,5
2008-12-05 11:50:00,236.563,236.563,236.463,236.513,3
2008-12-05 11:51:00,236.563,236.613,236.563,236.613,2
2008-12-05 11:52:00,236.663,236.764,236.563,236.663,9
2008-12-05 11:53:00,236.914,236.914,236.764,236.814,5
2008-12-05 11:54:00,236.814,236.965,236.663,236.965,12
2008-12-05 11:55:00,236.914,237.165,236.914,236.965,13
2008-12-05 11:56:00,237.065,237.115,236.814,237.015,18
2008-12-05 11:57:00,237.316,237.416,237.065,237.115,16
2008-12-05 11:58:00,237.366,237.366,237.165,237.266,8
2008-12-05 11:59:00,237.467,237.517,237.316,237.316,12
2008-12-05 12:00:00,237.015,237.366,236.814,237.366,41
2008-12-05 12:01:00,237.014,237.065,236.864,236.964,12
2008-12-05 12:02:00,236.512,236.964,236.512,236.964,19
2008-12-05 12:03:00,236.361,236.562,236.361,236.562,8
2008-12-05 12:04:00,236.512,236.914,236.311,236.412,26
2008-12-05 12:05:00,236.412,236.864,236.412,236.713,13
2008-12-05 12:06:00,236.411,236.562,236.16,236.512,12
2008-12-05 12:07:00,236.16,236.311,235.959,236.311,13
2008-12-05 12:08:00,236.06,236.261,235.909,236.06,16
2008-12-05 12:09:00,236.311,236.311,236.21,236.21,3
2008-12-05 12:10:00,236.311,236.311,236.11,236.21,8
2008-12-05 12:11:00,235.859,236.21,235.859,236.21,24
2008-12-05 12:12:00,235.758,236.06,235.557,235.758,42
2008-12-05 12:13:00,235.758,235.808,235.708,235.808,7
2008-12-05 12:14:00,236.06,236.06,235.708,235.808,10
2008-12-05 12:15:00,235.708,236.059,235.708,236.009,10
2008-12-05 12:16:00,235.959,235.959,235.758,235.758,7
2008-12-05 12:17:00,235.758,235.858,235.758,235.858,5
2008-12-05 12:18:00,235.758,235.808,235.607,235.808,10
2008-12-05 12:19:00,235.808,235.808,235.808,235.808,1
2008-12-05 12:20:00,235.708,235.959,235.557,235.909,29
2008-12-05 12:21:00,235.406,235.808,235.406,235.758,17
2008-12-05 12:22:00,235.456,235.657,235.306,235.306,17
2008-12-05 12:23:00,235.758,235.758,235.406,235.406,18
2008-12-05 12:24:00,235.758,235.858,235.758,235.858,6
2008-12-05 12:25:00,235.506,235.758,235.456,235.707,15
2008-12-05 12:26:00,235.406,235.456,235.406,235.456,2
2008-12-05 12:27:00,235.305,235.406,235.305,235.356,6
2008-12-05 12:28:00,235.607,235.707,235.356,235.406,12
2008-12-05 12:29:00,235.607,235.607,235.556,235.557,4
2008-12-05 12:30:00,235.958,236.109,235.657,235.657,22
2008-12-05 12:31:00,236.159,236.159,236.008,236.008,4
2008-12-05 12:32:00,236.109,236.31,236.109,236.26,10
2008-12-05 12:33:00,236.008,236.259,236.008,236.209,7
2008-12-05 12:34:00,235.908,236.058,235.908,236.058,3
2008-12-05 12:35:00,235.908,235.958,235.707,235.958,6
2008-12-05 12:36:00,235.908,235.908,235.807,235.807,5
2008-12-05 12:37:00,235.757,235.757,235.757,235.757,1
2008-12-05 12:38:00,235.807,235.908,235.807,235.908,3
2008-12-05 12:39:00,235.958,235.958,235.757,235.757,4
2008-12-05 12:40:00,236.159,236.159,236.008,236.008,3
2008-12-05 12:41:00,236.008,236.159,236.008,236.108,8
2008-12-05 12:42:00,236.209,236.209,236.108,236.108,3
2008-12-05 12:43:00,235.907,236.108,235.857,236.108,12
2008-12-05 12:44:00,235.857,235.907,235.857,235.857,3
2008-12-05 12:45:00,235.957,236.008,235.706,235.807,21
2008-12-05 12:46:00,235.857,236.008,235.857,236.008,8
2008-12-05 12:47:00,235.756,235.756,235.756,235.756,1
2008-12-05 12:48:00,236.108,236.158,235.907,235.957,9
2008-12-05 12:49:00,236.158,236.208,236.058,236.058,6
2008-12-05 12:50:00,236.259,236.359,236.158,236.208,8
2008-12-05 12:51:00,236.058,236.208,235.857,236.208,12
2008-12-05 12:52:00,235.857,236.058,235.857,236.007,8
2008-12-05 12:53:00,235.857,235.907,235.806,235.806,8
2008-12-05 12:54:00,235.907,236.007,235.806,235.806,7
2008-12-05 12:55:00,235.907,235.907,235.806,235.856,5
2008-12-05 12:56:00,235.806,235.806,235.756,235.806,3
2008-12-05 12:57:00,235.605,235.907,235.555,235.907,12
2008-12-05 12:58:00,235.957,235.957,235.605,235.655,14
2008-12-05 12:59:00,235.957,235.957,235.756,235.856,8
2008-12-05 13:00:00,235.706,235.906,235.706,235.906,15
2008-12-05 13:01:00,235.655,235.806,235.605,235.756,8
2008-12-05 13:02:00,235.705,235.806,235.555,235.555,11
2008-12-05 13:03:00,235.555,235.655,235.504,235.555,7
2008-12-05 13:04:00,235.655,235.705,235.504,235.504,5
2008-12-05 13:05:00,235.605,235.755,235.605,235.705,5
2008-12-05 13:06:00,235.605,235.705,235.605,235.655,6
2008-12-05 13:07:00,235.504,235.605,235.454,235.555,8
2008-12-05 13:08:00,235.504,235.554,235.404,235.554,5
2008-12-05 13:09:00,235.303,235.454,235.102,235.454,31
2008-12-05 13:10:00,235.102,235.303,235.102,235.253,7
2008-12-05 13:11:00,235.353,235.353,235.152,235.203,11
2008-12-05 13:12:00,235.102,235.404,235.052,235.404,15
2008-12-05 13:13:00,235.102,235.152,234.951,235.152,11
2008-12-05 13:14:00,235.102,235.203,234.951,235.052,16
2008-12-05 13:15:00,235.253,235.253,235.052,235.152,5
2008-12-05 13:16:00,235.303,235.353,235.202,235.202,9
2008-12-05 13:17:00,235.303,235.353,235.303,235.353,2
2008-12-05 13:18:00,235.554,235.604,235.253,235.353,16
2008-12-05 13:19:00,235.554,235.654,235.504,235.604,10
2008-12-05 13:20:00,235.654,235.654,235.504,235.504,3
2008-12-05 13:21:00,235.654,235.755,235.604,235.704,9
2008-12-05 13:22:00,235.704,235.855,235.654,235.704,11
2008-12-05 13:23:00,235.805,235.805,235.654,235.654,8
2008-12-05 13:24:00,236.056,236.056,235.805,235.855,10
2008-12-05 13:25:00,235.955,236.106,235.955,236.106,11
2008-12-05 13:26:00,235.704,236.006,235.704,235.855,9
2008-12-05 13:27:00,235.955,236.106,235.654,235.754,18
2008-12-05 13:28:00,235.654,235.905,235.654,235.905,10
2008-12-05 13:29:00,234.599,235.804,233.394,235.503,128
2008-12-05 13:30:00,232.64,235.001,232.238,234.649,313
2008-12-05 13:31:00,233.293,233.293,232.339,232.741,136
2008-12-05 13:32:00,233.645,233.745,232.741,233.193,115
2008-12-05 13:33:00,233.444,234.348,233.142,233.695,113
2008-12-05 13:34:00,232.992,233.795,232.791,233.293,98
2008-12-05 13:35:00,232.891,233.193,232.64,233.042,85
2008-12-05 13:36:00,232.238,232.891,232.238,232.841,52
2008-12-05 13:37:00,231.786,232.489,231.635,232.288,101
2008-12-05 13:38:00,232.138,232.339,231.736,231.887,69
2008-12-05 13:39:00,232.64,232.64,231.937,232.087,55
2008-12-05 13:40:00,232.489,232.59,232.288,232.59,44
2008-12-05 13:41:00,232.238,232.439,231.736,232.439,94
2008-12-05 13:42:00,231.736,232.188,231.685,232.137,56
2008-12-05 13:43:00,232.037,232.288,231.786,231.786,57
2008-12-05 13:44:00,232.137,232.338,231.736,231.886,59
2008-12-05 13:45:00,232.288,232.439,232.087,232.087,40
2008-12-05 13:46:00,232.238,232.388,232.037,232.338,42
2008-12-05 13:47:00,232.238,232.388,232.087,232.288,29
2008-12-05 13:48:00,232.238,232.288,231.936,232.137,31
2008-12-05 13:49:00,231.936,232.288,231.836,232.187,21
2008-12-05 13:50:00,232.037,232.187,231.785,231.886,39
2008-12-05 13:51:00,232.639,232.74,232.037,232.087,42
2008-12-05 13:52:00,232.589,232.689,232.438,232.689,19
2008-12-05 13:53:00,233.192,233.342,232.488,232.488,59
2008-12-05 13:54:00,233.644,233.644,233.141,233.292,51
2008-12-05 13:55:00,233.593,233.844,233.392,233.593,58
2008-12-05 13:56:00,233.141,233.543,232.99,233.493,34
2008-12-05 13:57:00,233.342,233.342,233.041,233.091,28
2008-12-05 13:58:00,233.342,233.442,233.191,233.242,27
2008-12-05 13:59:00,233.693,233.744,233.392,233.392,35
2008-12-05 14:00:00,233.392,233.794,233.392,233.744,20
2008-12-05 14:01:00,232.689,233.292,232.689,233.292,52
2008-12-05 14:02:00,232.689,233.04,232.588,232.639,28
2008-12-05 14:03:00,232.99,233.091,232.739,232.739,40
2008-12-05 14:04:00,233.342,233.643,232.99,233.091,55
2008-12-05 14:05:00,233.342,233.543,233.342,233.392,18
2008-12-05 14:06:00,233.291,233.442,233.241,233.291,12
2008-12-05 14:07:00,233.04,233.342,233.04,233.342,21
2008-12-05 14:08:00,233.09,233.241,232.839,232.94,27
2008-12-05 14:09:00,233.392,233.492,232.839,232.99,27
2008-12-05 14:10:00,233.693,233.693,233.341,233.442,16
2008-12-05 14:11:00,233.994,233.994,233.693,233.743,21
2008-12-05 14:12:00,234.145,234.245,233.793,233.944,33
2008-12-05 14:13:00,233.994,234.095,233.944,234.044,18
2008-12-05 14:14:00,233.793,234.095,233.743,234.044,20
2008-12-05 14:15:00,233.693,233.944,233.592,233.843,23
2008-12-05 14:16:00,233.693,233.793,233.542,233.642,13
2008-12-05 14:17:00,233.441,233.843,233.441,233.592,40
2008-12-05 14:18:00,233.793,233.893,233.542,233.542,24
2008-12-05 14:19:00,233.843,233.843,233.542,233.743,24
2008-12-05 14:20:00,233.793,233.944,233.642,233.944,17
2008-12-05 14:21:00,233.943,233.943,233.743,233.843,9
2008-12-05 14:22:00,234.044,234.144,233.843,233.994,17
2008-12-05 14:23:00,233.692,233.994,233.692,233.994,13
2008-12-05 14:24:00,233.692,233.793,233.642,233.742,12
2008-12-05 14:25:00,233.29,233.642,233.14,233.642,27
2008-12-05 14:26:00,233.29,233.29,233.089,233.24,16
2008-12-05 14:27:00,233.24,233.34,233.19,233.24,6
2008-12-05 14:28:00,233.34,233.391,233.14,233.19,8
2008-12-05 14:29:00,233.441,233.541,233.34,233.391,19
2008-12-05 14:30:00,233.642,233.692,233.24,233.391,43
2008-12-05 14:31:00,234.094,234.094,233.591,233.692,32
2008-12-05 14:32:00,233.842,234.395,233.842,234.144,46
2008-12-05 14:33:00,234.043,234.144,233.491,233.742,47
2008-12-05 14:34:00,234.093,234.495,233.993,234.144,45
2008-12-05 14:35:00,234.244,234.545,234.043,234.043,45
2008-12-05 14:36:00,233.541,234.345,233.491,234.345,67
2008-12-05 14:37:00,233.993,234.043,233.591,233.641,82
2008-12-05 14:38:00,234.696,234.897,234.043,234.043,95
2008-12-05 14:39:00,234.897,234.997,234.746,234.746,28
2008-12-05 14:40:00,235.047,235.55,234.947,234.947,74
2008-12-05 14:41:00,235.047,235.298,234.595,235.098,54
2008-12-05 14:42:00,234.897,235.148,234.646,234.997,67
2008-12-05 14:43:00,234.445,234.947,234.244,234.846,44
2008-12-05 14:44:00,234.043,234.696,234.043,234.394,33
2008-12-05 14:45:00,233.992,234.093,233.591,233.992,47
2008-12-05 14:46:00,233.892,234.244,233.691,234.043,33
2008-12-05 14:47:00,234.093,234.243,233.641,233.791,53
2008-12-05 14:48:00,233.44,234.093,233.39,234.043,26
2008-12-05 14:49:00,233.138,233.741,232.988,233.339,45
2008-12-05 14:50:00,233.389,233.641,232.887,233.088,57
2008-12-05 14:51:00,233.59,233.59,233.138,233.339,40
2008-12-05 14:52:00,233.691,233.992,233.641,233.641,34
2008-12-05 14:53:00,233.59,233.691,233.44,233.64,22
2008-12-05 14:54:00,233.59,233.942,233.138,233.44,68
2008-12-05 14:55:00,233.088,233.64,232.937,233.54,31
2008-12-05 14:56:00,232.736,233.088,232.535,233.038,46
2008-12-05 14:57:00,232.284,232.736,232.284,232.686,58
2008-12-05 14:58:00,232.535,232.636,232.284,232.334,40
2008-12-05 14:59:00,232.133,232.686,232.083,232.585,41
2008-12-05 15:00:00,231.983,232.485,231.882,232.184,62
2008-12-05 15:01:00,232.585,232.585,231.932,231.932,36
2008-12-05 15:02:00,232.184,232.636,232.033,232.535,35
2008-12-05 15:03:00,232.033,232.384,232.033,232.284,28
2008-12-05 15:04:00,232.234,232.635,232.033,232.083,44
2008-12-05 15:05:00,232.686,232.736,232.234,232.284,54
2008-12-05 15:06:00,232.083,232.736,232.033,232.585,47
2008-12-05 15:07:00,232.183,232.284,232.033,232.133,22
2008-12-05 15:08:00,232.635,232.685,232.133,232.284,31
2008-12-05 15:09:00,232.183,232.635,232.183,232.585,33
2008-12-05 15:10:00,231.932,232.284,231.882,232.233,27
2008-12-05 15:11:00,232.083,232.083,231.681,231.882,43
2008-12-05 15:12:00,231.731,232.384,231.681,232.133,38
2008-12-05 15:13:00,231.831,231.932,231.379,231.631,62
2008-12-05 15:14:00,231.48,231.781,231.379,231.731,29
2008-12-05 15:15:00,231.63,232.082,231.379,231.43,68
2008-12-05 15:16:00,231.681,232.133,231.58,231.781,40
2008-12-05 15:17:00,231.63,231.781,231.229,231.58,53
2008-12-05 15:18:00,231.429,231.781,231.329,231.58,43
2008-12-05 15:19:00,231.078,231.731,231.078,231.48,48
2008-12-05 15:20:00,230.726,231.128,230.676,231.027,97
2008-12-05 15:21:00,230.224,230.977,230.174,230.776,75
2008-12-05 15:22:00,230.475,230.475,230.073,230.174,63
2008-12-05 15:23:00,229.922,230.475,229.621,230.324,85
2008-12-05 15:24:00,230.073,230.173,229.822,229.973,59
2008-12-05 15:25:00,230.324,230.374,229.973,230.123,54
2008-12-05 15:26:00,231.027,231.027,230.274,230.274,47
2008-12-05 15:27:00,230.826,231.077,230.726,230.977,36
2008-12-05 15:28:00,231.027,231.027,230.726,230.876,38
2008-12-05 15:29:00,230.826,230.977,230.475,230.876,49
2008-12-05 15:30:00,230.223,230.776,230.223,230.776,51
2008-12-05 15:31:00,230.876,230.926,230.274,230.274,43
2008-12-05 15:32:00,230.725,231.077,230.474,230.926,35
2008-12-05 15:33:00,231.328,231.328,230.474,230.776,39
2008-12-05 15:34:00,230.926,231.429,230.776,231.278,48
2008-12-05 15:35:00,230.524,230.876,230.324,230.876,43
2008-12-05 15:36:00,230.474,230.474,229.922,230.424,37
2008-12-05 15:37:00,230.323,230.625,230.323,230.524,24
2008-12-05 15:38:00,230.022,230.273,230.022,230.273,16
2008-12-05 15:39:00,230.122,230.122,229.821,229.922,16
2008-12-05 15:40:00,229.62,230.122,229.52,230.072,37
2008-12-05 15:41:00,229.57,230.022,229.319,229.67,90
2008-12-05 15:42:00,229.721,229.871,229.469,229.62,32
2008-12-05 15:43:00,229.118,229.67,228.816,229.67,76
2008-12-05 15:44:00,229.118,229.369,228.967,229.068,36
2008-12-05 15:45:00,229.57,229.57,228.867,229.068,54
2008-12-05 15:46:00,230.172,230.323,229.519,229.519,43
2008-12-05 15:47:00,230.474,230.675,230.172,230.223,59
2008-12-05 15:48:00,230.775,230.825,230.122,230.524,45
2008-12-05 15:49:00,230.976,230.976,230.624,230.725,33
2008-12-05 15:50:00,231.076,231.177,230.524,230.875,43
2008-12-05 15:51:00,230.674,231.126,230.574,231.126,28
2008-12-05 15:52:00,230.674,231.026,230.574,230.725,38
2008-12-05 15:53:00,231.026,231.176,230.524,230.775,59
2008-12-05 15:54:00,230.975,231.327,230.925,231.076,28
2008-12-05 15:55:00,231.377,231.377,231.026,231.026,23
2008-12-05 15:56:00,231.126,231.528,231.026,231.277,37
2008-12-05 15:57:00,231.277,231.277,231.026,231.176,23
2008-12-05 15:58:00,231.025,231.578,231.025,231.327,48
2008-12-05 15:59:00,230.674,231.076,230.573,231.076,33
2008-12-05 16:00:00,230.172,231.076,230.071,230.724,34
2008-12-05 16:01:00,231.025,231.226,230.272,230.372,32
2008-12-05 16:02:00,231.025,231.176,230.724,231.126,22
2008-12-05 16:03:00,231.126,231.477,230.875,230.975,36
2008-12-05 16:04:00,230.674,231.226,230.423,231.226,24
2008-12-05 16:05:00,230.724,231.025,230.573,230.623,26
2008-12-05 16:06:00,230.573,230.724,230.372,230.674,21
2008-12-05 16:07:00,231.427,231.577,230.523,230.623,36
2008-12-05 16:08:00,230.975,231.527,230.774,231.477,39
2008-12-05 16:09:00,231.276,231.276,230.925,230.925,15
2008-12-05 16:10:00,231.176,231.477,230.824,231.326,35
2008-12-05 16:11:00,231.276,231.577,231.125,231.226,18
2008-12-05 16:12:00,231.828,231.929,231.226,231.326,29
2008-12-05 16:13:00,232.079,232.18,231.828,231.879,44
2008-12-05 16:14:00,231.728,232.13,231.477,232.029,46
2008-12-05 16:15:00,231.577,231.979,231.376,231.828,38
2008-12-05 16:16:00,231.326,231.678,231.326,231.477,38
2008-12-05 16:17:00,230.974,231.477,230.974,231.276,39
2008-12-05 16:18:00,230.623,231.125,230.522,231.025,42
2008-12-05 16:19:00,231.426,231.426,230.623,230.723,36
2008-12-05 16:20:00,231.577,231.727,231.125,231.376,34
2008-12-05 16:21:00,231.426,231.627,231.376,231.627,19
2008-12-05 16:22:00,231.225,231.426,231.175,231.376,23
2008-12-05 16:23:00,231.275,231.577,231.225,231.275,36
2008-12-05 16:24:00,231.074,231.376,230.974,231.326,39
2008-12-05 16:25:00,230.924,231.175,230.924,231.125,24
2008-12-05 16:26:00,230.572,230.924,230.522,230.873,40
2008-12-05 16:27:00,230.522,230.622,230.421,230.522,38
2008-12-05 16:28:00,230.823,230.823,230.421,230.472,45
2008-12-05 16:29:00,230.773,230.924,230.622,230.773,61
2008-12-05 16:30:00,230.923,231.225,230.723,230.723,50
2008-12-05 16:31:00,230.873,230.873,230.522,230.723,63
2008-12-05 16:32:00,230.823,230.974,230.722,230.923,38
2008-12-05 16:33:00,230.622,230.823,230.471,230.773,47
2008-12-05 16:34:00,230.773,230.873,230.521,230.572,57
2008-12-05 16:35:00,230.672,230.773,230.622,230.722,11
2008-12-05 16:36:00,230.521,230.772,230.471,230.622,14
2008-12-05 16:37:00,230.471,230.772,230.471,230.622,8
2008-12-05 16:38:00,230.32,230.622,230.22,230.521,8
2008-12-05 16:39:00,230.823,230.873,230.27,230.27,20
2008-12-05 16:40:00,230.923,230.923,230.772,230.873,9
2008-12-05 16:41:00,230.873,231.174,230.873,231.023,12
2008-12-05 16:42:00,230.722,230.822,230.672,230.822,7
2008-12-05 16:43:00,231.525,231.525,230.873,230.873,8
2008-12-05 16:44:00,231.174,231.475,231.174,231.425,10
2008-12-05 16:45:00,231.375,231.475,231.274,231.274,7
2008-12-05 16:46:00,231.324,231.425,231.324,231.425,3
2008-12-05 16:47:00,231.626,231.626,231.375,231.375,4
2008-12-05 16:48:00,231.726,231.776,231.525,231.776,6
2008-12-05 16:49:00,231.274,231.676,231.274,231.676,6
2008-12-05 16:50:00,231.726,231.726,231.224,231.224,12
2008-12-05 16:51:00,231.776,231.776,231.776,231.776,1
2008-12-05 16:52:00,232.077,232.077,231.927,231.927,8
2008-12-05 16:53:00,232.328,232.328,232.128,232.128,8
2008-12-05 16:54:00,232.178,232.228,232.178,232.228,2
2008-12-05 16:55:00,232.529,232.529,232.178,232.278,11
2008-12-05 16:56:00,232.178,232.479,232.127,232.479,7
2008-12-05 16:57:00,232.328,232.479,232.228,232.278,10
2008-12-05 16:58:00,232.378,232.378,232.228,232.228,6
2008-12-05 16:59:00,232.529,232.529,232.278,232.278,3
2008-12-05 17:00:00,232.579,232.579,232.479,232.479,3
2008-12-05 17:01:00,232.479,232.479,232.479,232.479,1
2008-12-05 17:02:00,232.428,232.529,232.428,232.529,3
2008-12-05 17:03:00,232.378,232.378,232.328,232.328,2
2008-12-05 17:04:00,232.529,232.529,232.529,232.529,1
2008-12-05 17:06:00,231.976,232.378,231.826,232.378,3
2008-12-05 17:07:00,231.976,231.976,231.876,231.876,2
2008-12-05 17:08:00,233.131,233.131,232.679,232.679,7
2008-12-05 17:09:00,233.885,233.885,233.181,233.181,7
2008-12-05 17:10:00,233.332,233.332,233.332,233.332,1
2008-12-05 17:12:00,232.83,233.884,232.83,233.884,3
2008-12-05 17:13:00,233.533,233.533,232.629,232.629,9
2008-12-05 17:14:00,233.683,233.985,233.583,233.583,9
2008-12-08 07:00:00,246.087,246.338,244.883,244.883,29
2008-12-08 07:01:00,245.987,246.89,245.786,246.188,22
2008-12-08 07:02:00,245.886,246.539,245.686,245.886,27
2008-12-08 07:03:00,246.037,246.137,245.736,245.736,21
2008-12-08 07:04:00,245.936,246.137,245.936,245.987,16
2008-12-08 07:05:00,245.936,245.936,245.736,245.886,9
2008-12-08 07:06:00,246.338,246.338,245.886,245.886,3
2008-12-08 07:07:00,246.589,246.639,246.388,246.388,4
2008-12-08 07:08:00,246.488,246.689,246.488,246.639,7
2008-12-08 07:09:00,247.04,247.04,246.689,246.689,5
2008-12-08 07:10:00,247.592,247.592,247.141,247.141,5
2008-12-08 07:11:00,247.442,247.442,247.442,247.442,1
2008-12-08 07:12:00,248.144,248.345,247.492,247.492,16
2008-12-08 07:13:00,247.993,248.144,247.793,247.793,9
2008-12-08 07:14:00,247.742,247.893,247.742,247.893,2
2008-12-08 07:15:00,248.194,248.244,247.692,247.692,7
2008-12-08 07:16:00,248.395,248.395,248.094,248.094,6
2008-12-08 07:17:00,248.194,248.395,248.194,248.344,7
2008-12-08 07:18:00,247.792,248.294,247.792,248.144,6
2008-12-08 07:19:00,247.742,247.742,247.692,247.692,6
2008-12-08 07:20:00,248.043,248.344,247.893,248.144,8
2008-12-08 07:21:00,248.244,248.244,247.792,248.244,8
2008-12-08 07:22:00,248.294,248.294,248.093,248.294,7
2008-12-08 07:23:00,248.444,248.444,248.294,248.394,4
2008-12-08 07:24:00,248.093,248.244,248.093,248.244,2
2008-12-08 07:25:00,248.043,248.294,247.993,248.294,6
2008-12-08 07:26:00,248.143,248.193,247.892,247.943,4
2008-12-08 07:27:00,248.143,248.193,248.143,248.193,2
2008-12-08 07:28:00,247.742,248.043,247.742,248.043,8
2008-12-08 07:29:00,247.792,247.892,247.792,247.892,2
2008-12-08 07:30:00,247.842,247.842,247.842,247.842,1
2008-12-08 07:31:00,247.842,247.992,247.792,247.792,8
2008-12-08 07:32:00,247.942,248.143,247.892,247.892,9
2008-12-08 07:34:00,247.44,247.892,247.44,247.892,7
2008-12-08 07:35:00,247.39,247.49,247.39,247.49,3
2008-12-08 07:36:00,247.49,247.49,247.49,247.49,1
2008-12-08 07:37:00,247.49,247.54,247.49,247.54,2
2008-12-08 07:39:00,247.49,247.49,247.289,247.289,2
2008-12-08 07:40:00,247.39,247.39,247.39,247.39,1
2008-12-08 07:41:00,247.289,247.34,247.289,247.34,2
2008-12-08 07:42:00,247.39,247.39,247.39,247.39,1
2008-12-08 07:43:00,247.289,247.289,247.289,247.289,1
2008-12-08 07:44:00,247.64,247.64,247.49,247.49,2
2008-12-08 07:45:00,247.54,247.891,247.54,247.891,2
2008-12-08 07:46:00,247.891,247.891,247.64,247.64,2
2008-12-08 07:47:00,247.59,247.69,247.49,247.69,3
2008-12-08 07:48:00,247.841,247.841,247.289,247.289,9
2008-12-08 07:49:00,247.941,247.991,247.841,247.991,3
2008-12-08 07:50:00,248.192,248.192,247.891,247.991,4
2008-12-08 07:51:00,248.092,248.092,247.841,247.941,4
2008-12-08 07:52:00,247.841,247.841,247.841,247.841,1
2008-12-08 07:53:00,247.891,247.941,247.891,247.941,2
2008-12-08 07:54:00,247.489,247.841,247.289,247.841,12
2008-12-08 07:55:00,247.489,247.59,247.138,247.539,24
2008-12-08 07:56:00,247.288,247.69,247.288,247.59,14
2008-12-08 07:57:00,247.288,247.439,247.138,247.339,7
2008-12-08 07:58:00,247.188,247.188,247.088,247.188,4
2008-12-08 07:59:00,246.686,247.339,246.536,247.288,27
2008-12-08 08:00:00,248.844,248.844,246.586,246.586,150
2008-12-08 08:01:00,248.292,249.797,247.941,248.794,125
2008-12-08 08:02:00,247.439,248.141,247.288,248.091,93
2008-12-08 08:03:00,247.087,247.439,246.887,247.288,65
2008-12-08 08:04:00,246.937,247.439,246.887,247.138,85
2008-12-08 08:05:00,246.887,247.288,246.836,246.887,86
2008-12-08 08:06:00,246.084,247.037,246.084,246.987,61
2008-12-08 08:07:00,246.786,246.836,245.933,246.335,95
2008-12-08 08:08:00,246.535,246.836,246.535,246.636,48
2008-12-08 08:09:00,246.334,246.635,246.234,246.585,46
2008-12-08 08:10:00,246.234,246.435,246.134,246.284,24
2008-12-08 08:11:00,246.334,246.485,246.134,246.284,46
2008-12-08 08:12:00,246.234,246.535,246.184,246.384,25
2008-12-08 08:13:00,245.933,246.384,245.933,246.184,39
2008-12-08 08:14:00,245.782,245.983,245.481,245.883,50
2008-12-08 08:15:00,245.481,245.983,245.381,245.832,45
2008-12-08 08:16:00,245.481,245.631,245.18,245.33,73
2008-12-08 08:17:00,245.531,245.631,245.28,245.531,66
2008-12-08 08:18:00,245.531,245.682,245.33,245.431,47
2008-12-08 08:19:00,245.23,245.581,245.23,245.581,16
2008-12-08 08:20:00,245.431,245.581,245.18,245.28,44
2008-12-08 08:21:00,245.28,245.531,245.28,245.33,33
2008-12-08 08:22:00,245.581,245.681,245.23,245.43,35
2008-12-08 08:23:00,245.531,245.832,245.481,245.631,36
2008-12-08 08:24:00,245.531,245.731,245.48,245.581,30
2008-12-08 08:25:00,245.581,245.631,245.23,245.48,32
2008-12-08 08:26:00,246.032,246.083,245.531,245.531,45
2008-12-08 08:27:00,245.832,246.083,245.731,246.083,27
2008-12-08 08:28:00,245.781,245.882,245.581,245.781,26
2008-12-08 08:29:00,246.082,246.183,245.731,245.832,24
2008-12-08 08:30:00,245.581,246.133,245.48,246.133,41
2008-12-08 08:31:00,245.631,245.731,245.58,245.681,15
2008-12-08 08:32:00,245.781,245.781,245.631,245.681,17
2008-12-08 08:33:00,245.681,245.831,245.631,245.681,25
2008-12-08 08:34:00,245.078,245.731,245.078,245.731,26
2008-12-08 08:35:00,245.078,245.129,244.878,244.978,44
2008-12-08 08:36:00,245.279,245.53,245.028,245.129,32
2008-12-08 08:37:00,245.229,245.229,245.028,245.229,13
2008-12-08 08:38:00,245.078,245.179,245.028,245.179,9
2008-12-08 08:39:00,245.53,245.53,245.028,245.028,33
2008-12-08 08:40:00,245.279,245.58,245.229,245.48,26
2008-12-08 08:41:00,245.178,245.329,245.128,245.329,14
2008-12-08 08:42:00,244.928,245.329,244.777,245.229,24
2008-12-08 08:43:00,245.078,245.329,244.978,244.978,20
2008-12-08 08:44:00,244.827,245.028,244.777,245.028,9
2008-12-08 08:45:00,245.128,245.128,244.877,244.877,10
2008-12-08 08:46:00,245.63,245.63,245.028,245.078,24
2008-12-08 08:47:00,244.626,245.529,244.225,245.529,76
2008-12-08 08:48:00,244.726,244.777,244.526,244.576,37
2008-12-08 08:49:00,244.576,244.827,244.576,244.676,16
2008-12-08 08:50:00,244.827,244.827,244.476,244.526,12
2008-12-08 08:51:00,244.676,244.927,244.676,244.877,8
2008-12-08 08:52:00,245.078,245.128,244.776,244.776,23
2008-12-08 08:53:00,244.977,245.178,244.927,245.128,13
2008-12-08 08:54:00,244.977,245.027,244.827,245.027,8
2008-12-08 08:55:00,244.676,244.877,244.626,244.877,14
2008-12-08 08:56:00,245.228,245.278,244.626,244.726,23
2008-12-08 08:57:00,245.077,245.579,245.027,245.278,40
2008-12-08 08:58:00,245.228,245.278,244.927,245.027,15
2008-12-08 08:59:00,245.479,245.679,245.178,245.278,23
2008-12-08 09:00:00,245.88,245.88,245.479,245.529,41
2008-12-08 09:01:00,245.93,246.03,245.83,245.93,14
2008-12-08 09:02:00,246.181,246.331,246.03,246.03,30
2008-12-08 09:03:00,245.93,246.331,245.93,246.131,24
2008-12-08 09:04:00,245.98,246.08,245.93,246.03,9
2008-12-08 09:05:00,245.98,246.181,245.779,246.03,27
2008-12-08 09:06:00,246.08,246.231,246.08,246.131,12
2008-12-08 09:07:00,246.482,246.532,246.03,246.03,18
2008-12-08 09:08:00,246.532,246.682,246.432,246.432,19
2008-12-08 09:09:00,246.482,246.632,246.482,246.582,11
2008-12-08 09:10:00,246.582,246.632,246.532,246.582,7
2008-12-08 09:11:00,246.582,246.732,246.482,246.682,13
2008-12-08 09:12:00,246.632,246.732,246.582,246.632,8
2008-12-08 09:13:00,246.481,246.582,246.331,246.582,14
2008-12-08 09:14:00,246.381,246.532,246.331,246.532,9
2008-12-08 09:15:00,246.18,246.381,246.18,246.331,6
2008-12-08 09:16:00,245.879,246.23,245.779,246.23,26
2008-12-08 09:17:00,245.628,245.829,245.478,245.829,19
2008-12-08 09:18:00,245.528,245.728,245.427,245.678,26
2008-12-08 09:19:00,245.578,245.578,245.277,245.478,18
2008-12-08 09:20:00,245.779,245.829,245.528,245.528,18
2008-12-08 09:21:00,245.678,245.728,245.628,245.678,6
2008-12-08 09:22:00,245.778,245.879,245.628,245.778,11
2008-12-08 09:23:00,245.728,245.829,245.678,245.829,9
2008-12-08 09:24:00,245.628,245.678,245.527,245.678,7
2008-12-08 09:25:00,245.477,245.678,245.427,245.678,12
2008-12-08 09:26:00,245.778,245.778,245.427,245.578,17
2008-12-08 09:27:00,245.778,245.879,245.577,245.678,16
2008-12-08 09:28:00,245.778,245.878,245.628,245.728,27
2008-12-08 09:29:00,246.129,246.129,245.678,245.678,22
2008-12-08 09:30:00,245.778,246.23,245.778,246.029,34
2008-12-08 09:31:00,245.678,245.928,245.678,245.828,13
2008-12-08 09:32:00,245.477,245.627,245.276,245.627,38
2008-12-08 09:33:00,245.226,245.427,245.176,245.427,23
2008-12-08 09:34:00,244.774,245.226,244.674,245.176,38
2008-12-08 09:35:00,244.724,245.075,244.423,244.724,50
2008-12-08 09:36:00,244.523,244.874,244.473,244.624,23
2008-12-08 09:37:00,244.623,244.724,244.423,244.473,31
2008-12-08 09:38:00,244.473,244.623,244.222,244.573,28
2008-12-08 09:39:00,244.523,244.623,244.423,244.523,24
2008-12-08 09:40:00,244.322,244.523,244.272,244.473,17
2008-12-08 09:41:00,244.423,244.623,244.322,244.372,21
2008-12-08 09:42:00,244.924,244.974,244.372,244.372,29
2008-12-08 09:43:00,244.924,244.924,244.673,244.824,15
2008-12-08 09:44:00,244.874,244.974,244.824,244.874,9
2008-12-08 09:45:00,244.272,244.824,244.171,244.824,35
2008-12-08 09:46:00,243.87,244.171,243.72,244.171,56
2008-12-08 09:47:00,243.67,243.92,243.619,243.82,18
2008-12-08 09:48:00,243.72,243.87,243.67,243.72,14
2008-12-08 09:49:00,243.419,243.87,243.419,243.669,19
2008-12-08 09:50:00,243.368,243.419,243.268,243.368,20
2008-12-08 09:51:00,243.117,243.368,243.017,243.268,28
2008-12-08 09:52:00,243.469,243.619,243.017,243.017,36
2008-12-08 09:53:00,243.468,243.519,243.368,243.418,13
2008-12-08 09:54:00,243.167,243.418,243.167,243.418,11
2008-12-08 09:55:00,243.669,243.82,243.117,243.218,37
2008-12-08 09:56:00,243.518,243.719,243.268,243.719,31
2008-12-08 09:57:00,243.769,243.97,243.318,243.418,28
2008-12-08 09:58:00,243.92,244.02,243.769,243.82,30
2008-12-08 09:59:00,244.02,244.02,243.719,243.819,12
2008-12-08 10:00:00,244.171,244.321,243.97,244.07,21
2008-12-08 10:01:00,243.92,244.271,243.869,244.271,10
2008-12-08 10:02:00,243.819,243.92,243.769,243.869,8
2008-12-08 10:03:00,243.618,243.669,243.568,243.669,6
2008-12-08 10:04:00,243.618,243.719,243.468,243.568,13
2008-12-08 10:05:00,243.317,243.669,243.267,243.669,14
2008-12-08 10:06:00,243.317,243.518,243.217,243.468,12
2008-12-08 10:07:00,243.267,243.367,243.267,243.367,4
2008-12-08 10:08:00,243.267,243.267,243.167,243.217,7
2008-12-08 10:09:00,243.769,243.769,243.217,243.217,28
2008-12-08 10:10:00,243.518,243.668,243.317,243.618,16
2008-12-08 10:11:00,243.066,243.468,243.066,243.468,15
2008-12-08 10:12:00,243.016,243.217,242.966,243.116,15
2008-12-08 10:13:00,243.166,243.217,243.116,243.116,4
2008-12-08 10:14:00,243.518,243.518,242.966,243.066,14
2008-12-08 10:15:00,243.367,243.618,243.317,243.467,25
2008-12-08 10:16:00,243.216,243.317,243.116,243.317,20
2008-12-08 10:17:00,243.266,243.317,243.166,243.166,9
2008-12-08 10:18:00,242.965,243.216,242.965,243.216,8
2008-12-08 10:19:00,243.266,243.467,243.016,243.066,16
2008-12-08 10:20:00,243.818,243.818,243.367,243.367,15
2008-12-08 10:21:00,243.818,243.868,243.618,243.868,14
2008-12-08 10:22:00,243.668,243.768,243.567,243.768,11
2008-12-08 10:23:00,243.918,244.019,243.668,243.718,12
2008-12-08 10:24:00,243.818,244.069,243.818,243.969,8
2008-12-08 10:25:00,243.718,243.768,243.517,243.768,9
2008-12-08 10:26:00,243.718,243.718,243.467,243.617,11
2008-12-08 10:27:00,243.667,243.868,243.667,243.667,10
2008-12-08 10:28:00,243.768,243.818,243.517,243.718,20
2008-12-08 10:29:00,243.667,243.818,243.517,243.818,12
2008-12-08 10:30:00,243.818,244.069,243.818,243.868,12
2008-12-08 10:31:00,243.717,243.868,243.667,243.768,10
2008-12-08 10:32:00,243.968,244.018,243.667,243.767,9
2008-12-08 10:33:00,243.868,243.918,243.767,243.918,5
2008-12-08 10:34:00,243.868,243.868,243.767,243.767,3
2008-12-08 10:35:00,243.466,243.818,243.466,243.818,12
2008-12-08 10:36:00,243.717,243.918,243.416,243.416,22
2008-12-08 10:37:00,244.068,244.068,243.717,243.817,12
2008-12-08 10:38:00,244.419,244.57,244.118,244.118,24
2008-12-08 10:39:00,244.219,244.319,244.068,244.269,11
2008-12-08 10:40:00,244.219,244.369,244.168,244.369,9
2008-12-08 10:41:00,244.319,244.319,244.269,244.269,2
2008-12-08 10:42:00,244.269,244.419,244.269,244.369,7
2008-12-08 10:43:00,244.369,244.369,244.168,244.319,6
2008-12-08 10:44:00,244.319,244.319,244.218,244.319,4
2008-12-08 10:45:00,244.319,244.369,244.319,244.369,6
2008-12-08 10:46:00,244.519,244.57,244.218,244.218,10
2008-12-08 10:47:00,244.62,244.67,244.419,244.62,15
2008-12-08 10:48:00,244.469,244.67,244.419,244.569,8
2008-12-08 10:49:00,244.118,244.369,244.068,244.369,9
2008-12-08 10:50:00,244.168,244.268,244.118,244.168,5
2008-12-08 10:51:00,244.268,244.318,244.218,244.268,6
2008-12-08 10:52:00,244.318,244.369,244.318,244.369,2
2008-12-08 10:53:00,244.268,244.419,244.168,244.268,11
2008-12-08 10:54:00,244.268,244.268,244.218,244.218,2
2008-12-08 10:55:00,244.268,244.318,244.268,244.318,2
2008-12-08 10:56:00,244.368,244.569,244.268,244.318,6
2008-12-08 10:57:00,244.418,244.418,244.318,244.318,2
2008-12-08 10:58:00,244.218,244.318,244.168,244.318,3
2008-12-08 10:59:00,244.117,244.167,244.017,244.067,6
2008-12-08 11:00:00,244.569,244.619,244.167,244.167,14
2008-12-08 11:01:00,244.468,244.468,244.468,244.468,1
2008-12-08 11:02:00,244.719,244.769,244.519,244.519,10
2008-12-08 11:03:00,244.82,245.221,244.769,244.769,44
2008-12-08 11:04:00,244.468,244.87,244.468,244.87,11
2008-12-08 11:05:00,244.217,244.418,244.167,244.418,10
2008-12-08 11:06:00,244.167,244.217,244.017,244.167,9
2008-12-08 11:07:00,244.167,244.217,244.117,244.117,5
2008-12-08 11:08:00,243.966,244.067,243.916,244.067,13
2008-12-08 11:09:00,243.866,243.966,243.866,243.866,4
2008-12-08 11:10:00,243.866,243.916,243.765,243.916,5
2008-12-08 11:11:00,244.016,244.217,243.866,243.916,15
2008-12-08 11:12:00,244.217,244.317,243.966,243.966,7
2008-12-08 11:13:00,244.116,244.167,244.016,244.167,8
2008-12-08 11:14:00,244.217,244.568,243.916,244.367,30
2008-12-08 11:15:00,244.468,244.518,244.066,244.267,10
2008-12-08 11:16:00,244.317,244.317,244.317,244.317,1
2008-12-08 11:17:00,244.518,244.518,244.317,244.367,6
2008-12-08 11:18:00,244.568,244.568,244.417,244.417,9
2008-12-08 11:19:00,244.718,244.718,244.518,244.518,6
2008-12-08 11:20:00,244.668,244.768,244.668,244.768,3
2008-12-08 11:21:00,244.517,244.618,244.317,244.618,19
2008-12-08 11:22:00,244.668,244.668,244.467,244.467,5
2008-12-08 11:23:00,244.467,244.618,244.467,244.618,2
2008-12-08 11:24:00,244.517,244.517,244.417,244.417,2
2008-12-08 11:25:00,244.266,244.417,244.266,244.417,3
2008-12-08 11:26:00,244.618,244.718,244.367,244.367,9
2008-12-08 11:27:00,244.367,244.567,244.367,244.567,3
2008-12-08 11:28:00,244.266,244.567,244.266,244.417,6
2008-12-08 11:29:00,244.116,244.216,244.015,244.166,7
2008-12-08 11:30:00,244.065,244.316,243.815,244.015,21
2008-12-08 11:31:00,244.015,244.065,243.965,244.015,5
2008-12-08 11:32:00,244.015,244.015,243.865,243.965,5
2008-12-08 11:33:00,244.115,244.115,243.915,243.965,7
2008-12-08 11:34:00,243.864,243.965,243.864,243.965,7
2008-12-08 11:35:00,244.015,244.065,243.915,243.965,8
2008-12-08 11:36:00,244.316,244.316,244.115,244.115,5
2008-12-08 11:37:00,244.316,244.316,244.216,244.216,2
2008-12-08 11:38:00,244.316,244.366,244.316,244.366,2
2008-12-08 11:39:00,244.416,244.567,244.366,244.416,16
2008-12-08 11:40:00,244.316,244.567,244.316,244.466,16
2008-12-08 11:41:00,244.617,244.667,244.416,244.416,11
2008-12-08 11:42:00,244.617,244.717,244.617,244.717,3
2008-12-08 11:43:00,244.566,244.717,244.516,244.567,10
2008-12-08 11:44:00,245.018,245.018,244.667,244.667,20
2008-12-08 11:45:00,245.018,245.269,244.918,244.968,15
2008-12-08 11:46:00,245.018,245.118,244.867,244.968,11
2008-12-08 11:47:00,245.168,245.168,244.867,245.068,7
2008-12-08 11:48:00,245.269,245.269,245.168,245.219,3
2008-12-08 11:49:00,245.068,245.218,244.968,245.218,12
2008-12-08 11:50:00,245.168,245.168,245.018,245.018,6
2008-12-08 11:51:00,245.419,245.419,245.168,245.218,8
2008-12-08 11:52:00,245.319,245.419,245.218,245.218,6
2008-12-08 11:53:00,245.319,245.319,245.268,245.268,2
2008-12-08 11:54:00,245.268,245.319,245.268,245.268,3
2008-12-08 11:55:00,245.268,245.268,245.218,245.218,4
2008-12-08 11:56:00,245.168,245.218,245.118,245.218,8
2008-12-08 11:57:00,245.318,245.569,245.218,245.218,14
2008-12-08 11:58:00,245.569,245.569,245.268,245.268,11
2008-12-08 11:59:00,245.469,245.519,245.419,245.519,7
2008-12-08 12:00:00,245.519,245.569,245.368,245.519,8
2008-12-08 12:01:00,245.218,245.519,245.218,245.469,9
2008-12-08 12:02:00,245.168,245.418,245.168,245.168,14
2008-12-08 12:03:00,245.318,245.469,245.218,245.218,11
2008-12-08 12:04:00,245.268,245.418,245.268,245.268,8
2008-12-08 12:05:00,245.519,245.669,245.268,245.318,26
2008-12-08 12:06:00,245.619,245.619,245.569,245.569,2
2008-12-08 12:07:00,245.569,245.769,245.519,245.569,10
2008-12-08 12:08:00,245.669,245.719,245.619,245.619,4
2008-12-08 12:09:00,245.619,245.619,245.619,245.619,1
2008-12-08 12:10:00,245.719,245.719,245.418,245.518,9
2008-12-08 12:11:00,245.669,245.669,245.468,245.619,7
2008-12-08 12:12:00,245.669,245.719,245.518,245.719,5
2008-12-08 12:13:00,245.568,245.619,245.518,245.619,7
2008-12-08 12:14:00,245.568,245.568,245.518,245.518,2
2008-12-08 12:15:00,245.368,245.719,245.368,245.619,11
2008-12-08 12:16:00,245.066,245.418,245.066,245.418,8
2008-12-08 12:17:00,244.816,245.117,244.816,245.117,15
2008-12-08 12:18:00,244.314,244.866,244.314,244.866,21
2008-12-08 12:19:00,244.615,244.665,244.364,244.364,7
2008-12-08 12:20:00,244.464,244.615,244.464,244.564,5
2008-12-08 12:21:00,244.665,244.765,244.514,244.514,7
2008-12-08 12:22:00,244.815,244.815,244.665,244.715,5
2008-12-08 12:23:00,244.916,244.966,244.765,244.765,9
2008-12-08 12:24:00,245.116,245.116,244.916,244.966,6
2008-12-08 12:25:00,245.116,245.116,244.915,245.066,10
2008-12-08 12:26:00,244.915,245.066,244.915,245.066,12
2008-12-08 12:27:00,244.865,245.016,244.865,244.865,8
2008-12-08 12:28:00,244.664,244.765,244.664,244.765,2
2008-12-08 12:29:00,244.965,244.965,244.715,244.715,7
2008-12-08 12:30:00,244.413,244.915,244.313,244.915,17
2008-12-08 12:31:00,244.464,244.614,244.413,244.464,7
2008-12-08 12:32:00,244.413,244.463,244.363,244.363,5
2008-12-08 12:33:00,244.664,244.714,244.313,244.363,14
2008-12-08 12:34:00,244.564,244.564,244.564,244.564,1
2008-12-08 12:35:00,244.714,244.764,244.614,244.614,8
2008-12-08 12:36:00,244.714,244.815,244.614,244.764,15
2008-12-08 12:37:00,244.513,244.614,244.463,244.564,12
2008-12-08 12:38:00,244.162,244.262,244.162,244.262,6
2008-12-08 12:39:00,244.563,244.563,244.012,244.112,14
2008-12-08 12:40:00,244.162,244.513,244.162,244.463,15
2008-12-08 12:41:00,244.212,244.413,244.212,244.212,6
2008-12-08 12:42:00,244.112,244.262,244.061,244.262,9
2008-12-08 12:43:00,244.262,244.262,244.061,244.061,9
2008-12-08 12:44:00,244.262,244.312,244.112,244.162,13
2008-12-08 12:45:00,244.061,244.212,244.061,244.212,3
2008-12-08 12:46:00,244.312,244.362,244.011,244.011,11
2008-12-08 12:47:00,244.412,244.413,244.162,244.362,13
2008-12-08 12:48:00,244.513,244.563,244.362,244.362,6
2008-12-08 12:49:00,244.613,244.613,244.212,244.463,17
2008-12-08 12:50:00,244.613,244.663,244.412,244.563,7
2008-12-08 12:52:00,244.914,244.964,244.663,244.663,6
2008-12-08 12:53:00,244.864,245.064,244.814,244.964,10
2008-12-08 12:54:00,245.064,245.064,244.864,244.914,24
2008-12-08 12:55:00,245.416,245.416,244.964,245.014,28
2008-12-08 12:56:00,245.365,245.365,245.265,245.365,9
2008-12-08 12:57:00,245.114,245.315,245.114,245.315,6
2008-12-08 12:58:00,245.064,245.064,244.914,245.014,5
2008-12-08 12:59:00,244.914,245.114,244.914,245.114,4
2008-12-08 13:00:00,244.964,245.064,244.713,244.964,14
2008-12-08 13:01:00,244.813,244.964,244.713,244.914,10
2008-12-08 13:02:00,245.064,245.114,244.813,244.863,6
2008-12-08 13:03:00,244.713,245.014,244.662,245.014,10
2008-12-08 13:04:00,244.662,244.662,244.662,244.662,1
2008-12-08 13:05:00,244.963,245.114,244.713,244.713,8
2008-12-08 13:06:00,245.164,245.264,244.913,244.913,9
2008-12-08 13:07:00,245.867,245.867,245.114,245.214,30
2008-12-08 13:08:00,245.766,246.067,245.616,245.816,29
2008-12-08 13:09:00,245.816,245.967,245.766,245.816,16
2008-12-08 13:10:00,245.866,245.866,245.766,245.766,6
2008-12-08 13:11:00,246.268,246.318,245.716,245.716,17
2008-12-08 13:12:00,246.067,246.218,245.967,246.167,15
2008-12-08 13:13:00,245.766,246.117,245.716,246.117,16
2008-12-08 13:14:00,245.866,245.967,245.716,245.716,21
2008-12-08 13:15:00,245.866,245.916,245.816,245.816,6
2008-12-08 13:16:00,246.267,246.267,245.866,245.916,11
2008-12-08 13:17:00,246.167,246.518,246.167,246.217,32
2008-12-08 13:18:00,246.217,246.318,246.217,246.267,6
2008-12-08 13:19:00,246.167,246.317,246.117,246.167,11
2008-12-08 13:20:00,246.167,246.368,246.167,246.368,6
2008-12-08 13:21:00,246.217,246.317,246.117,246.117,6
2008-12-08 13:22:00,246.117,246.267,246.117,246.117,9
2008-12-08 13:23:00,246.117,246.117,246.066,246.066,2
2008-12-08 13:24:00,246.167,246.317,246.117,246.167,10
2008-12-08 13:25:00,246.167,246.217,246.167,246.217,2
2008-12-08 13:26:00,246.267,246.367,246.116,246.217,10
2008-12-08 13:27:00,246.267,246.317,246.217,246.317,4
2008-12-08 13:28:00,246.467,246.467,246.217,246.217,7
2008-12-08 13:29:00,246.367,246.568,246.367,246.518,14
2008-12-08 13:30:00,246.317,246.417,246.116,246.317,24
2008-12-08 13:31:00,246.467,246.568,246.267,246.267,9
2008-12-08 13:32:00,246.768,246.768,246.467,246.517,27
2008-12-08 13:33:00,246.919,247.22,246.718,246.718,53
2008-12-08 13:34:00,247.119,247.22,246.869,246.869,23
2008-12-08 13:35:00,247.069,247.22,247.069,247.069,15
2008-12-08 13:36:00,247.119,247.119,247.019,247.119,11
2008-12-08 13:37:00,247.27,247.27,247.169,247.169,9
2008-12-08 13:38:00,247.42,247.42,247.069,247.22,20
2008-12-08 13:39:00,247.621,247.621,247.32,247.47,20
2008-12-08 13:40:00,247.621,247.872,247.521,247.571,46
2008-12-08 13:41:00,247.721,247.822,247.521,247.721,23
2008-12-08 13:42:00,247.42,247.721,247.219,247.621,48
2008-12-08 13:43:00,247.269,247.47,247.169,247.47,17
2008-12-08 13:44:00,247.219,247.32,247.119,247.219,16
2008-12-08 13:45:00,247.219,247.219,247.019,247.169,15
2008-12-08 13:46:00,247.42,247.57,247.219,247.269,25
2008-12-08 13:47:00,247.621,247.621,247.37,247.37,22
2008-12-08 13:48:00,247.37,247.57,247.219,247.57,25
2008-12-08 13:49:00,247.52,247.52,247.269,247.269,25
2008-12-08 13:50:00,247.52,247.62,247.42,247.47,15
2008-12-08 13:51:00,247.67,247.67,247.47,247.57,8
2008-12-08 13:52:00,247.42,247.721,247.369,247.721,34
2008-12-08 13:53:00,247.219,247.57,247.068,247.47,17
2008-12-08 13:54:00,246.918,247.219,246.817,247.118,25
2008-12-08 13:55:00,246.667,246.867,246.516,246.867,25
2008-12-08 13:56:00,246.265,246.667,246.265,246.617,15
2008-12-08 13:57:00,246.466,246.466,246.315,246.315,12
2008-12-08 13:58:00,246.616,246.616,246.416,246.516,11
2008-12-08 13:59:00,246.516,246.717,246.466,246.566,12
2008-12-08 14:00:00,246.666,246.717,246.516,246.566,17
2008-12-08 14:01:00,246.516,246.616,246.466,246.616,8
2008-12-08 14:02:00,246.265,246.466,246.265,246.466,9
2008-12-08 14:03:00,246.165,246.315,245.964,246.315,23
2008-12-08 14:04:00,246.064,246.064,245.964,246.064,4
2008-12-08 14:05:00,246.014,246.114,245.914,246.014,12
2008-12-08 14:06:00,246.465,246.465,245.964,245.964,8
2008-12-08 14:07:00,246.365,246.415,246.114,246.365,15
2008-12-08 14:08:00,246.515,246.515,246.114,246.164,12
2008-12-08 14:09:00,246.365,246.415,246.214,246.415,6
2008-12-08 14:10:00,246.064,246.365,246.064,246.315,21
2008-12-08 14:11:00,245.963,246.064,245.813,246.014,13
2008-12-08 14:12:00,246.114,246.114,246.064,246.064,4
2008-12-08 14:13:00,245.562,245.863,245.512,245.863,11
2008-12-08 14:14:00,245.311,245.512,245.261,245.462,12
2008-12-08 14:15:00,245.16,245.261,245.11,245.261,19
2008-12-08 14:16:00,245.11,245.16,244.859,245.11,21
2008-12-08 14:17:00,244.96,245.16,244.859,245.16,11
2008-12-08 14:18:00,245.01,245.11,244.959,245.01,10
2008-12-08 14:19:00,245.361,245.411,245.06,245.06,18
2008-12-08 14:20:00,245.461,245.561,245.311,245.311,15
2008-12-08 14:21:00,245.511,245.511,245.311,245.511,18
2008-12-08 14:22:00,245.561,245.561,245.411,245.411,7
2008-12-08 14:23:00,245.862,246.013,245.561,245.612,11
2008-12-08 14:24:00,245.662,245.913,245.662,245.913,7
2008-12-08 14:25:00,245.361,245.712,245.361,245.712,12
2008-12-08 14:26:00,245.21,245.36,245.21,245.31,6
2008-12-08 14:27:00,245.31,245.36,245.11,245.26,16
2008-12-08 14:28:00,245.16,245.26,245.059,245.21,10
2008-12-08 14:29:00,245.109,245.36,245.059,245.21,17
2008-12-08 14:30:00,245.009,245.21,244.859,245.059,33
2008-12-08 14:31:00,244.708,244.959,244.658,244.959,30
2008-12-08 14:32:00,244.306,244.658,244.256,244.658,30
2008-12-08 14:33:00,244.557,244.708,244.156,244.256,35
2008-12-08 14:34:00,244.708,245.26,244.607,244.658,36
2008-12-08 14:35:00,244.657,245.009,244.457,244.758,51
2008-12-08 14:36:00,245.109,245.41,244.457,244.708,53
2008-12-08 14:37:00,245.862,245.862,245.159,245.209,39
2008-12-08 14:38:00,245.51,245.962,245.46,245.912,27
2008-12-08 14:39:00,245.711,245.711,245.41,245.611,24
2008-12-08 14:40:00,245.861,246.112,245.611,245.661,42
2008-12-08 14:41:00,246.363,246.363,245.811,245.912,37
2008-12-08 14:42:00,246.965,246.965,246.413,246.413,37
2008-12-08 14:43:00,246.965,247.015,246.815,246.915,33
2008-12-08 14:44:00,247.166,247.166,246.815,246.865,25
2008-12-08 14:45:00,246.815,247.216,246.764,247.116,21
2008-12-08 14:46:00,246.413,246.865,246.162,246.865,40
2008-12-08 14:47:00,246.212,246.513,246.112,246.463,54
2008-12-08 14:48:00,246.162,246.564,246.012,246.162,46
2008-12-08 14:49:00,246.664,246.965,246.162,246.212,60
2008-12-08 14:50:00,246.312,246.764,246.312,246.563,51
2008-12-08 14:51:00,246.413,246.563,246.062,246.363,22
2008-12-08 14:52:00,246.061,246.363,246.011,246.363,41
2008-12-08 14:53:00,245.911,246.212,245.861,246.112,50
2008-12-08 14:54:00,245.61,245.911,245.509,245.861,37
2008-12-08 14:55:00,245.861,245.911,245.61,245.71,30
2008-12-08 14:56:00,245.459,246.011,245.359,245.911,44
2008-12-08 14:57:00,245.409,245.509,245.108,245.409,42
2008-12-08 14:58:00,245.61,245.86,245.509,245.509,24
2008-12-08 14:59:00,245.258,245.911,245.258,245.509,36
2008-12-08 15:00:00,245.359,245.609,245.108,245.308,42
2008-12-08 15:01:00,245.158,245.359,245.007,245.258,17
2008-12-08 15:02:00,244.907,245.208,244.807,245.108,27
2008-12-08 15:03:00,244.706,244.907,244.556,244.857,42
2008-12-08 15:04:00,245.057,245.258,244.756,244.756,38
2008-12-08 15:05:00,245.208,245.459,245.007,245.007,43
2008-12-08 15:06:00,245.81,245.86,245.308,245.308,25
2008-12-08 15:07:00,246.111,246.161,245.459,245.76,48
2008-12-08 15:08:00,246.01,246.211,245.96,246.211,22
2008-12-08 15:09:00,246.061,246.462,245.96,245.96,26
2008-12-08 15:10:00,245.91,246.161,245.709,245.91,42
2008-12-08 15:11:00,245.559,245.91,245.308,245.86,42
2008-12-08 15:12:00,245.508,245.709,245.308,245.408,38
2008-12-08 15:13:00,245.458,245.709,245.308,245.458,24
2008-12-08 15:14:00,245.659,245.709,245.358,245.508,34
2008-12-08 15:15:00,245.558,245.809,245.408,245.609,31
2008-12-08 15:16:00,245.609,246.11,245.408,245.609,36
2008-12-08 15:17:00,245.358,245.558,245.157,245.558,22
2008-12-08 15:18:00,245.107,245.458,245.107,245.458,17
2008-12-08 15:19:00,245.558,245.659,244.956,245.057,32
2008-12-08 15:20:00,246.11,246.311,245.358,245.458,27
2008-12-08 15:21:00,246.21,246.311,246.06,246.261,15
2008-12-08 15:22:00,246.913,247.013,246.261,246.261,53
2008-12-08 15:23:00,246.612,247.114,246.511,246.963,36
2008-12-08 15:24:00,246.963,246.963,246.562,246.562,19
2008-12-08 15:25:00,246.561,247.013,246.511,247.013,26
2008-12-08 15:26:00,247.113,247.364,246.662,246.662,60
2008-12-08 15:27:00,246.862,247.264,246.612,247.063,60
2008-12-08 15:28:00,247.113,247.113,246.712,246.812,30
2008-12-08 15:29:00,247.113,247.314,246.762,247.063,56
2008-12-08 15:30:00,247.163,247.314,246.963,247.063,40
2008-12-08 15:31:00,247.715,247.715,247.013,247.213,44
2008-12-08 15:32:00,248.418,248.418,247.565,247.665,53
2008-12-08 15:33:00,248.317,248.518,248.116,248.468,48
2008-12-08 15:34:00,248.518,248.618,248.167,248.217,47
2008-12-08 15:35:00,248.167,248.668,248.167,248.568,31
2008-12-08 15:36:00,248.166,248.267,248.016,248.217,18
2008-12-08 15:37:00,248.467,248.518,248.016,248.116,27
2008-12-08 15:38:00,248.518,248.718,248.417,248.568,56
2008-12-08 15:39:00,248.869,248.969,248.467,248.467,32
2008-12-08 15:40:00,248.869,249.069,248.768,248.819,49
2008-12-08 15:41:00,248.768,248.819,248.517,248.819,31
2008-12-08 15:42:00,249.27,249.27,248.568,248.718,26
2008-12-08 15:43:00,249.621,249.621,249.119,249.22,61
2008-12-08 15:44:00,249.721,249.772,249.571,249.671,59
2008-12-08 15:45:00,250.374,250.474,249.621,249.621,48
2008-12-08 15:46:00,249.922,250.424,249.922,250.424,58
2008-12-08 15:47:00,249.972,250.073,249.822,250.022,27
2008-12-08 15:48:00,250.022,250.374,249.922,250.022,49
2008-12-08 15:49:00,249.721,250.072,249.52,249.922,32
2008-12-08 15:50:00,249.972,250.323,249.52,249.671,67
2008-12-08 15:51:00,250.022,250.122,249.621,249.922,44
2008-12-08 15:52:00,249.771,250.173,249.671,249.972,33
2008-12-08 15:53:00,249.47,249.771,249.32,249.671,31
2008-12-08 15:54:00,249.018,249.52,248.968,249.42,26
2008-12-08 15:55:00,249.47,249.62,248.868,248.968,43
2008-12-08 15:56:00,249.119,249.47,249.018,249.42,22
2008-12-08 15:57:00,249.018,249.119,248.918,249.069,17
2008-12-08 15:58:00,249.119,249.269,249.018,249.068,14
2008-12-08 15:59:00,249.269,249.269,249.018,249.068,50
2008-12-08 16:00:00,249.57,249.62,249.219,249.219,45
2008-12-08 16:01:00,249.369,249.62,249.219,249.62,20
2008-12-08 16:02:00,249.419,249.52,249.269,249.319,13
2008-12-08 16:03:00,249.219,249.52,249.219,249.319,27
2008-12-08 16:04:00,249.369,249.62,249.269,249.269,32
2008-12-08 16:05:00,249.269,249.62,249.269,249.469,18
2008-12-08 16:06:00,249.068,249.319,249.018,249.219,27
2008-12-08 16:07:00,248.667,249.068,248.667,249.018,39
2008-12-08 16:08:00,248.466,248.667,248.365,248.616,28
2008-12-08 16:09:00,248.566,248.717,248.516,248.566,19
2008-12-08 16:10:00,248.566,248.616,248.466,248.516,17
2008-12-08 16:11:00,248.415,248.616,248.315,248.616,21
2008-12-08 16:12:00,249.017,249.068,248.365,248.365,32
2008-12-08 16:13:00,249.068,249.218,249.068,249.068,19
2008-12-08 16:14:00,248.867,249.218,248.817,249.118,30
2008-12-08 16:15:00,248.817,249.067,248.766,248.967,39
2008-12-08 16:16:00,249.268,249.368,248.817,248.867,42
2008-12-08 16:17:00,249.569,249.77,249.168,249.168,45
2008-12-08 16:18:00,249.469,249.82,249.419,249.519,40
2008-12-08 16:19:00,249.418,249.569,249.218,249.419,35
2008-12-08 16:20:00,249.268,249.418,249.218,249.318,23
2008-12-08 16:21:00,249.469,249.469,249.268,249.318,25
2008-12-08 16:22:00,249.82,249.82,249.469,249.519,39
2008-12-08 16:23:00,249.669,249.82,249.519,249.77,34
2008-12-08 16:24:00,249.569,249.719,249.519,249.619,22
2008-12-08 16:25:00,249.518,249.87,249.468,249.468,25
2008-12-08 16:26:00,248.967,249.468,248.866,249.468,55
2008-12-08 16:27:00,249.067,249.167,248.916,249.017,53
2008-12-08 16:28:00,248.966,249.267,248.966,249.117,40
2008-12-08 16:29:00,248.615,249.167,248.565,249.017,73
2008-12-08 16:30:00,249.769,249.769,248.665,248.665,76
2008-12-08 16:31:00,249.568,249.769,249.267,249.669,65
2008-12-08 16:32:00,249.418,249.869,249.368,249.618,61
2008-12-08 16:33:00,249.317,249.869,248.866,249.468,80
2008-12-08 16:34:00,249.117,249.669,248.565,249.418,74
2008-12-08 16:35:00,248.565,249.317,248.565,249.066,23
2008-12-08 16:36:00,248.314,248.665,248.264,248.615,12
2008-12-08 16:37:00,248.364,248.615,248.364,248.414,8
2008-12-08 16:38:00,248.615,248.615,247.962,248.314,28
2008-12-08 16:39:00,248.715,248.916,248.564,248.564,13
2008-12-08 16:40:00,248.765,248.815,248.564,248.615,17
2008-12-08 16:41:00,248.063,248.665,248.063,248.665,14
2008-12-08 16:42:00,248.414,248.464,248.012,248.113,19
2008-12-08 16:43:00,248.363,248.363,248.163,248.313,3
2008-12-08 16:44:00,248.163,248.313,248.163,248.163,6
2008-12-08 16:45:00,248.564,248.564,248.263,248.263,4
2008-12-08 16:46:00,248.715,248.715,248.715,248.715,1
2008-12-08 16:47:00,248.564,248.664,248.564,248.664,2
2008-12-08 16:48:00,248.564,248.564,248.363,248.464,4
2008-12-08 16:49:00,248.564,248.664,248.313,248.464,7
2008-12-08 16:50:00,248.162,248.313,248.162,248.313,4
2008-12-08 16:51:00,248.112,248.112,248.112,248.112,1
2008-12-08 16:52:00,248.012,248.012,247.861,248.012,8
2008-12-08 16:53:00,247.911,247.962,247.911,247.911,3
2008-12-08 16:54:00,248.062,248.062,248.062,248.062,1
2008-12-08 16:55:00,248.012,248.212,248.012,248.112,5
2008-12-08 16:56:00,247.811,247.961,247.66,247.961,7
2008-12-08 16:57:00,247.71,247.761,247.51,247.761,6
2008-12-08 16:58:00,247.761,247.911,247.761,247.761,8
2008-12-08 16:59:00,247.61,247.61,247.56,247.56,2
2008-12-08 17:00:00,248.162,248.162,247.911,248.011,4
2008-12-08 17:01:00,248.312,248.312,248.011,248.112,5
2008-12-08 17:02:00,248.613,248.613,248.413,248.413,4
2008-12-08 17:03:00,248.613,248.613,248.563,248.563,2
2008-12-08 17:04:00,248.312,248.312,248.312,248.312,1
2008-12-08 17:05:00,248.061,248.362,248.061,248.362,2
2008-12-08 17:06:00,247.911,248.111,247.911,247.961,5
2008-12-08 17:07:00,247.71,247.961,247.71,247.961,4
2008-12-08 17:08:00,247.459,247.559,247.459,247.559,2
2008-12-08 17:09:00,247.459,247.559,247.459,247.559,2
2008-12-08 17:10:00,247.459,247.559,247.459,247.559,2
2008-12-08 17:11:00,247.359,247.409,247.359,247.409,2
2008-12-08 17:13:00,247.258,247.509,247.258,247.509,5
2008-12-08 17:14:00,247.158,247.509,247.158,247.509,10
2008-12-09 07:00:00,247.263,247.765,247.112,247.765,7
2008-12-09 07:01:00,247.163,247.313,247.112,247.313,3
2008-12-09 07:02:00,247.413,247.413,247.313,247.313,2
2008-12-09 07:04:00,247.313,247.564,247.313,247.564,2
2008-12-09 07:05:00,247.212,247.212,247.212,247.212,1
2008-12-09 07:09:00,247.012,247.112,247.012,247.112,2
2008-12-09 07:10:00,247.112,247.112,247.112,247.112,1
2008-12-09 07:11:00,247.262,247.262,247.262,247.262,1
2008-12-09 07:12:00,247.162,247.212,247.162,247.212,2
2008-12-09 07:14:00,247.011,247.011,247.011,247.011,1
2008-12-09 07:15:00,247.061,247.061,247.061,247.061,1
2008-12-09 07:16:00,247.212,247.212,247.162,247.162,4
2008-12-09 07:17:00,247.111,247.111,246.961,246.961,2
2008-12-09 07:18:00,246.861,246.861,246.861,246.861,1
2008-12-09 07:19:00,246.81,246.81,246.81,246.81,1
2008-12-09 07:21:00,246.81,246.911,246.76,246.911,5
2008-12-09 07:23:00,246.459,246.61,246.459,246.61,2
2008-12-09 07:24:00,246.409,246.409,246.359,246.359,2
2008-12-09 07:26:00,246.66,246.66,246.258,246.258,5
2008-12-09 07:27:00,246.81,246.81,246.81,246.81,1
2008-12-09 07:33:00,246.609,246.609,246.459,246.459,2
2008-12-09 07:36:00,246.308,246.308,246.308,246.308,1
2008-12-09 07:38:00,246.709,246.709,246.609,246.609,2
2008-12-09 07:39:00,246.659,246.809,246.659,246.759,3
2008-12-09 07:40:00,247.11,247.11,246.859,246.859,3
2008-12-09 07:41:00,247.261,247.361,247.261,247.361,2
2008-12-09 07:42:00,247.411,247.411,247.311,247.311,2
2008-12-09 07:44:00,247.311,247.311,247.311,247.311,1
2008-12-09 07:45:00,247.11,247.11,247.11,247.11,1
2008-12-09 07:47:00,247.11,247.11,247.01,247.01,2
2008-12-09 07:48:00,247.31,247.31,247.31,247.31,1
2008-12-09 07:49:00,247.561,247.611,247.461,247.461,4
2008-12-09 07:50:00,247.611,247.611,247.611,247.611,1
2008-12-09 07:51:00,247.36,247.411,247.36,247.411,2
2008-12-09 07:52:00,247.411,247.411,247.411,247.411,1
2008-12-09 07:53:00,246.859,246.859,246.859,246.859,1
2008-12-09 07:54:00,246.959,246.959,246.959,246.959,1
2008-12-09 07:56:00,246.808,246.859,246.808,246.859,2
2008-12-09 07:57:00,246.758,246.758,246.457,246.457,3
2008-12-09 07:58:00,246.959,246.959,246.959,246.959,1
2008-12-09 07:59:00,246.507,247.109,246.357,246.858,11
2008-12-09 08:00:00,245.454,246.608,245.153,246.357,99
2008-12-09 08:01:00,245.303,245.805,245.203,245.554,59
2008-12-09 08:02:00,245.403,245.704,245.303,245.353,59
2008-12-09 08:03:00,246.005,246.106,245.303,245.303,44
2008-12-09 08:04:00,245.955,246.306,245.955,245.955,35
2008-12-09 08:05:00,245.303,246.055,245.303,246.055,46
2008-12-09 08:06:00,245.203,245.403,245.102,245.353,51
2008-12-09 08:07:00,245.604,245.804,245.203,245.253,32
2008-12-09 08:08:00,245.855,245.955,245.604,245.654,37
2008-12-09 08:09:00,246.005,246.156,245.855,245.905,30
2008-12-09 08:10:00,246.206,246.356,245.804,246.105,40
2008-12-09 08:11:00,246.507,246.607,246.155,246.155,42
2008-12-09 08:12:00,246.557,246.757,246.406,246.607,33
2008-12-09 08:13:00,246.908,247.008,246.607,246.607,35
2008-12-09 08:14:00,247.058,247.259,246.807,246.807,48
2008-12-09 08:15:00,247.359,247.409,247.108,247.108,26
2008-12-09 08:16:00,247.259,247.409,246.958,247.409,48
2008-12-09 08:17:00,247.058,247.209,246.857,247.209,27
2008-12-09 08:18:00,246.707,247.158,246.707,247.008,32
2008-12-09 08:19:00,246.406,246.807,246.406,246.757,29
2008-12-09 08:20:00,246.155,246.456,246.055,246.456,37
2008-12-09 08:21:00,246.406,246.456,246.155,246.205,32
2008-12-09 08:22:00,246.054,246.406,246.004,246.356,26
2008-12-09 08:23:00,245.553,246.155,245.553,246.004,39
2008-12-09 08:24:00,245.854,245.904,245.402,245.603,32
2008-12-09 08:25:00,245.854,245.904,245.753,245.904,10
2008-12-09 08:26:00,245.904,245.954,245.803,245.803,6
2008-12-09 08:27:00,245.954,246.255,245.803,246.004,32
2008-12-09 08:28:00,245.603,246.054,245.603,246.004,27
2008-12-09 08:29:00,245.853,245.853,245.603,245.703,27
2008-12-09 08:30:00,245.853,246.004,245.452,245.803,42
2008-12-09 08:31:00,246.004,246.154,245.803,245.803,20
2008-12-09 08:32:00,246.054,246.204,245.903,245.954,18
2008-12-09 08:33:00,246.255,246.405,246.054,246.104,17
2008-12-09 08:34:00,246.004,246.255,246.004,246.204,12
2008-12-09 08:35:00,245.903,246.254,245.903,246.054,19
2008-12-09 08:36:00,246.004,246.004,245.753,245.853,17
2008-12-09 08:37:00,246.104,246.254,245.953,246.054,19
2008-12-09 08:38:00,246.405,246.405,246.154,246.154,18
2008-12-09 08:39:00,246.304,246.405,246.204,246.355,18
2008-12-09 08:40:00,246.605,246.605,246.054,246.254,19
2008-12-09 08:41:00,246.756,246.956,246.655,246.655,19
2008-12-09 08:42:00,247.007,247.157,246.806,246.856,34
2008-12-09 08:43:00,247.057,247.057,246.906,246.956,6
2008-12-09 08:44:00,247.107,247.207,247.057,247.107,15
2008-12-09 08:45:00,247.909,247.909,247.207,247.207,30
2008-12-09 08:46:00,247.357,247.909,247.307,247.809,43
2008-12-09 08:47:00,247.959,248.16,247.408,247.408,32
2008-12-09 08:48:00,248.31,248.411,247.859,248.01,40
2008-12-09 08:49:00,248.662,248.712,248.21,248.26,29
2008-12-09 08:50:00,248.36,248.712,248.31,248.712,34
2008-12-09 08:51:00,248.912,248.912,248.31,248.31,30
2008-12-09 08:52:00,248.762,249.314,248.762,248.862,51
2008-12-09 08:53:00,248.711,248.762,248.411,248.712,29
2008-12-09 08:54:00,248.862,249.063,248.762,248.762,27
2008-12-09 08:55:00,248.461,248.912,248.461,248.812,42
2008-12-09 08:56:00,248.36,248.561,248.31,248.41,20
2008-12-09 08:57:00,247.708,248.36,247.658,248.31,47
2008-12-09 08:58:00,247.808,247.959,247.658,247.808,40
2008-12-09 08:59:00,247.507,247.708,247.457,247.708,10
2008-12-09 09:00:00,247.557,247.658,247.206,247.557,39
2008-12-09 09:01:00,247.658,247.758,247.507,247.507,26
2008-12-09 09:02:00,247.858,248.009,247.758,247.758,22
2008-12-09 09:03:00,247.758,247.858,247.657,247.808,11
2008-12-09 09:04:00,248.51,248.51,247.858,247.908,26
2008-12-09 09:05:00,248.41,248.51,248.31,248.46,13
2008-12-09 09:06:00,249.062,249.112,248.56,248.56,24
2008-12-09 09:07:00,248.51,249.062,248.51,249.012,20
2008-12-09 09:08:00,248.861,248.911,248.46,248.46,22
2008-12-09 09:09:00,248.711,249.012,248.711,248.811,24
2008-12-09 09:10:00,248.761,248.811,248.51,248.761,30
2008-12-09 09:11:00,248.51,248.911,248.51,248.811,20
2008-12-09 09:12:00,248.761,248.861,248.51,248.56,18
2008-12-09 09:13:00,249.162,249.162,248.761,248.811,42
2008-12-09 09:14:00,249.212,249.262,249.061,249.112,32
2008-12-09 09:15:00,248.861,249.162,248.76,249.112,27
2008-12-09 09:16:00,248.861,248.911,248.811,248.811,14
2008-12-09 09:17:00,248.76,248.911,248.66,248.911,8
2008-12-09 09:18:00,248.911,248.911,248.61,248.66,9
2008-12-09 09:19:00,249.462,249.462,248.81,248.961,29
2008-12-09 09:20:00,249.462,249.462,248.81,249.412,75
2008-12-09 09:21:00,249.212,249.563,249.161,249.412,32
2008-12-09 09:22:00,249.412,249.563,249.262,249.262,17
2008-12-09 09:23:00,249.914,249.964,249.462,249.462,35
2008-12-09 09:24:00,250.365,250.466,249.914,249.964,79
2008-12-09 09:25:00,250.265,250.465,250.164,250.415,38
2008-12-09 09:26:00,250.315,250.315,250.164,250.315,8
2008-12-09 09:27:00,249.964,250.365,249.964,250.265,19
2008-12-09 09:28:00,249.763,250.014,249.613,250.014,30
2008-12-09 09:29:00,249.412,249.813,249.412,249.813,15
2008-12-09 09:30:00,249.261,249.612,248.96,249.462,51
2008-12-09 09:31:00,249.161,249.412,248.91,249.362,20
2008-12-09 09:32:00,249.211,249.211,249.06,249.061,8
2008-12-09 09:33:00,249.562,249.562,249.311,249.311,7
2008-12-09 09:34:00,249.712,249.863,249.662,249.662,10
2008-12-09 09:35:00,249.913,249.913,249.763,249.813,9
2008-12-09 09:36:00,249.562,249.863,249.512,249.863,17
2008-12-09 09:37:00,249.813,249.813,249.512,249.512,6
2008-12-09 09:38:00,249.612,249.762,249.612,249.762,6
2008-12-09 09:39:00,249.712,249.712,249.512,249.562,7
2008-12-09 09:40:00,249.662,249.662,249.411,249.662,24
2008-12-09 09:41:00,249.812,250.013,249.461,249.511,33
2008-12-09 09:42:00,249.812,250.013,249.712,249.712,17
2008-12-09 09:43:00,250.013,250.013,249.963,250.013,3
2008-12-09 09:44:00,249.812,250.013,249.812,249.913,16
2008-12-09 09:45:00,250.464,250.464,249.862,249.862,22
2008-12-09 09:46:00,250.665,250.715,250.414,250.514,19
2008-12-09 09:47:00,250.665,250.765,250.514,250.615,21
2008-12-09 09:48:00,250.564,250.615,250.414,250.615,7
2008-12-09 09:49:00,250.414,250.514,250.364,250.464,11
2008-12-09 09:50:00,250.464,250.464,250.113,250.364,26
2008-12-09 09:51:00,250.915,250.966,250.414,250.414,19
2008-12-09 09:52:00,251.467,251.467,250.966,250.966,35
2008-12-09 09:53:00,251.367,251.567,251.317,251.417,36
2008-12-09 09:54:00,251.467,251.467,251.317,251.417,20
2008-12-09 09:55:00,251.567,251.618,251.367,251.517,22
2008-12-09 09:56:00,251.918,251.918,251.617,251.618,21
2008-12-09 09:57:00,251.718,251.918,251.668,251.868,23
2008-12-09 09:58:00,251.467,251.668,251.316,251.668,25
2008-12-09 09:59:00,251.818,251.818,251.216,251.417,37
2008-12-09 10:00:00,251.667,251.768,251.116,251.718,93
2008-12-09 10:01:00,251.366,251.667,251.366,251.567,24
2008-12-09 10:02:00,251.266,251.366,251.015,251.316,18
2008-12-09 10:03:00,251.115,251.216,251.065,251.166,18
2008-12-09 10:04:00,250.965,251.266,250.965,251.166,10
2008-12-09 10:05:00,250.764,251.015,250.664,251.015,14
2008-12-09 10:06:00,250.614,250.764,250.563,250.664,10
2008-12-09 10:07:00,251.165,251.266,250.563,250.563,29
2008-12-09 10:08:00,251.065,251.165,250.965,251.115,12
2008-12-09 10:09:00,250.914,251.015,250.764,251.015,9
2008-12-09 10:10:00,251.015,251.065,251.015,251.015,5
2008-12-09 10:11:00,250.714,251.065,250.664,250.965,15
2008-12-09 10:12:00,250.413,250.764,250.413,250.764,19
2008-12-09 10:13:00,250.513,250.613,250.362,250.362,8
2008-12-09 10:14:00,250.864,250.864,250.413,250.463,18
2008-12-09 10:15:00,250.914,251.315,250.714,250.764,31
2008-12-09 10:16:00,250.914,250.964,250.914,250.964,4
2008-12-09 10:17:00,251.115,251.165,250.964,250.964,17
2008-12-09 10:18:00,251.165,251.365,251.115,251.215,21
2008-12-09 10:19:00,251.215,251.315,251.165,251.315,10
2008-12-09 10:20:00,251.265,251.466,251.165,251.165,14
2008-12-09 10:21:00,251.365,251.415,251.365,251.365,5
2008-12-09 10:22:00,251.817,251.917,251.466,251.466,23
2008-12-09 10:23:00,251.867,251.867,251.616,251.716,10
2008-12-09 10:24:00,251.766,251.817,251.666,251.817,7
2008-12-09 10:25:00,251.816,251.817,251.666,251.666,12
2008-12-09 10:26:00,252.268,252.519,251.766,251.766,46
2008-12-09 10:27:00,252.468,252.619,252.218,252.318,42
2008-12-09 10:28:00,252.619,252.82,252.468,252.569,31
2008-12-09 10:29:00,252.769,252.87,252.468,252.669,31
2008-12-09 10:30:00,252.97,253.02,252.619,252.82,31
2008-12-09 10:31:00,253.321,253.421,253.02,253.02,37
2008-12-09 10:32:00,253.622,253.672,253.271,253.371,32
2008-12-09 10:33:00,254.073,254.324,253.672,253.672,38
2008-12-09 10:34:00,253.672,254.124,253.672,254.023,30
2008-12-09 10:35:00,253.521,253.722,253.521,253.622,18
2008-12-09 10:36:00,253.722,253.772,253.572,253.572,23
2008-12-09 10:37:00,253.622,253.973,253.572,253.622,20
2008-12-09 10:38:00,253.571,253.672,253.471,253.572,9
2008-12-09 10:39:00,253.27,253.622,253.27,253.622,29
2008-12-09 10:40:00,253.321,253.321,253.17,253.321,23
2008-12-09 10:41:00,253.02,253.27,252.969,253.27,11
2008-12-09 10:42:00,252.718,253.12,252.668,252.919,21
2008-12-09 10:43:00,252.919,252.969,252.769,252.769,12
2008-12-09 10:44:00,253.27,253.421,252.969,252.969,19
2008-12-09 10:45:00,253.32,253.32,253.22,253.22,9
2008-12-09 10:46:00,253.521,253.671,253.32,253.37,19
2008-12-09 10:47:00,253.922,253.922,253.471,253.471,18
2008-12-09 10:48:00,253.922,254.223,253.872,253.872,37
2008-12-09 10:49:00,254.022,254.123,253.822,253.872,23
2008-12-09 10:50:00,254.173,254.273,253.972,253.972,14
2008-12-09 10:51:00,254.574,254.825,254.223,254.223,52
2008-12-09 10:52:00,254.423,254.724,254.223,254.624,53
2008-12-09 10:53:00,255.126,255.326,254.373,254.373,33
2008-12-09 10:54:00,254.825,255.075,254.674,255.075,31
2008-12-09 10:55:00,254.674,254.825,254.574,254.774,22
2008-12-09 10:56:00,254.825,254.875,254.524,254.624,18
2008-12-09 10:57:00,254.824,254.925,254.774,254.774,13
2008-12-09 10:58:00,254.724,254.875,254.624,254.774,27
2008-12-09 10:59:00,254.323,254.774,254.273,254.774,30
2008-12-09 11:00:00,254.172,254.423,254.072,254.373,21
2008-12-09 11:01:00,254.072,254.172,253.921,254.122,25
2008-12-09 11:02:00,254.423,254.473,254.172,254.172,20
2008-12-09 11:03:00,254.423,254.423,254.373,254.373,2
2008-12-09 11:04:00,254.373,254.473,254.373,254.473,7
2008-12-09 11:05:00,254.272,254.373,254.222,254.322,12
2008-12-09 11:06:00,254.072,254.322,254.072,254.222,21
2008-12-09 11:07:00,254.322,254.423,254.021,254.021,13
2008-12-09 11:08:00,254.172,254.272,254.172,254.272,7
2008-12-09 11:09:00,254.071,254.272,254.071,254.222,7
2008-12-09 11:10:00,254.523,254.523,254.121,254.121,17
2008-12-09 11:11:00,254.473,254.623,254.322,254.623,11
2008-12-09 11:12:00,254.523,254.623,254.422,254.422,7
2008-12-09 11:13:00,254.573,254.573,254.422,254.472,7
2008-12-09 11:14:00,254.623,254.623,254.623,254.623,1
2008-12-09 11:15:00,254.723,255.024,254.673,254.723,27
2008-12-09 11:16:00,254.673,254.823,254.573,254.673,10
2008-12-09 11:17:00,254.372,254.773,254.372,254.723,27
2008-12-09 11:18:00,254.171,254.422,254.121,254.422,17
2008-12-09 11:19:00,254.372,254.673,254.322,254.322,22
2008-12-09 11:20:00,254.121,254.322,253.97,254.271,13
2008-12-09 11:21:00,253.82,254.071,253.77,254.021,19
2008-12-09 11:22:00,253.669,253.82,253.669,253.72,16
2008-12-09 11:23:00,253.92,253.97,253.619,253.619,19
2008-12-09 11:24:00,253.77,254.121,253.619,253.97,30
2008-12-09 11:25:00,253.669,253.82,253.669,253.669,8
2008-12-09 11:26:00,253.368,253.669,253.368,253.619,18
2008-12-09 11:27:00,253.418,253.468,253.318,253.418,11
2008-12-09 11:28:00,253.418,253.519,253.268,253.318,16
2008-12-09 11:29:00,253.468,253.468,253.217,253.368,15
2008-12-09 11:30:00,253.669,253.769,253.318,253.368,20
2008-12-09 11:31:00,253.819,253.819,253.468,253.719,22
2008-12-09 11:32:00,253.769,253.819,253.518,253.719,10
2008-12-09 11:33:00,253.117,253.819,253.117,253.819,35
2008-12-09 11:34:00,253.217,253.418,253.167,253.167,12
2008-12-09 11:35:00,252.966,253.267,252.966,253.267,13
2008-12-09 11:36:00,252.916,253.016,252.816,252.916,17
2008-12-09 11:37:00,252.966,253.217,252.766,252.816,21
2008-12-09 11:38:00,252.816,252.966,252.816,252.916,8
2008-12-09 11:39:00,252.565,252.866,252.414,252.765,26
2008-12-09 11:40:00,252.665,252.866,252.565,252.665,19
2008-12-09 11:41:00,252.816,252.916,252.565,252.615,13
2008-12-09 11:42:00,252.916,253.016,252.715,252.765,24
2008-12-09 11:43:00,253.066,253.066,252.866,252.966,10
2008-12-09 11:44:00,252.815,253.066,252.765,253.016,16
2008-12-09 11:45:00,252.916,252.966,252.765,252.865,19
2008-12-09 11:46:00,253.568,253.568,252.966,252.966,40
2008-12-09 11:47:00,253.467,253.618,253.267,253.517,25
2008-12-09 11:48:00,253.517,253.568,253.166,253.517,33
2008-12-09 11:49:00,253.417,253.467,253.367,253.467,8
2008-12-09 11:50:00,253.668,253.668,253.467,253.467,13
2008-12-09 11:51:00,253.567,253.718,253.417,253.618,13
2008-12-09 11:52:00,253.567,253.617,253.567,253.617,2
2008-12-09 11:53:00,253.668,253.718,253.567,253.617,9
2008-12-09 11:54:00,253.517,253.567,253.367,253.467,10
2008-12-09 11:55:00,253.316,253.467,253.316,253.467,8
2008-12-09 11:56:00,253.517,253.567,253.467,253.467,5
2008-12-09 11:57:00,253.316,253.567,253.316,253.567,7
2008-12-09 11:58:00,253.467,253.467,253.216,253.266,7
2008-12-09 11:59:00,253.316,253.517,253.216,253.517,10
2008-12-09 12:00:00,253.467,253.567,253.366,253.366,21
2008-12-09 12:01:00,253.366,253.617,253.366,253.517,12
2008-12-09 12:02:00,253.316,253.517,253.316,253.316,12
2008-12-09 12:03:00,253.466,253.567,253.366,253.366,5
2008-12-09 12:04:00,253.316,253.517,253.316,253.517,5
2008-12-09 12:05:00,253.516,253.516,253.366,253.366,6
2008-12-09 12:06:00,253.416,253.466,253.366,253.466,3
2008-12-09 12:07:00,253.466,253.516,253.466,253.516,2
2008-12-09 12:08:00,253.566,253.566,253.516,253.516,4
2008-12-09 12:09:00,253.566,253.566,253.466,253.516,3
2008-12-09 12:10:00,253.767,253.817,253.616,253.616,18
2008-12-09 12:11:00,253.767,253.817,253.717,253.717,4
2008-12-09 12:12:00,253.917,254.018,253.817,253.817,10
2008-12-09 12:13:00,253.867,253.867,253.817,253.867,5
2008-12-09 12:14:00,253.717,253.817,253.717,253.817,5
2008-12-09 12:15:00,253.967,254.118,253.717,253.767,13
2008-12-09 12:16:00,253.967,254.068,253.917,253.917,8
2008-12-09 12:17:00,253.817,254.017,253.767,254.017,15
2008-12-09 12:18:00,253.867,253.917,253.867,253.867,5
2008-12-09 12:19:00,253.867,253.867,253.817,253.817,6
2008-12-09 12:20:00,254.017,254.017,253.867,253.917,4
2008-12-09 12:21:00,253.917,253.967,253.816,253.967,5
2008-12-09 12:22:00,253.666,253.917,253.616,253.867,11
2008-12-09 12:23:00,253.716,253.816,253.566,253.616,10
2008-12-09 12:24:00,253.816,253.867,253.766,253.766,6
2008-12-09 12:25:00,253.866,253.917,253.866,253.866,3
2008-12-09 12:26:00,253.766,253.816,253.766,253.816,2
2008-12-09 12:27:00,253.967,254.167,253.816,253.816,17
2008-12-09 12:28:00,254.117,254.167,253.866,253.866,14
2008-12-09 12:29:00,254.267,254.468,254.067,254.167,32
2008-12-09 12:30:00,254.318,254.368,254.167,254.167,7
2008-12-09 12:31:00,254.217,254.468,254.217,254.368,10
2008-12-09 12:32:00,254.117,254.318,254.067,254.318,10
2008-12-09 12:33:00,254.016,254.167,254.016,254.167,4
2008-12-09 12:34:00,254.016,254.117,253.966,253.966,7
2008-12-09 12:35:00,253.916,254.067,253.916,253.966,8
2008-12-09 12:36:00,253.816,254.016,253.816,253.966,14
2008-12-09 12:37:00,253.565,253.765,253.515,253.715,12
2008-12-09 12:38:00,253.765,253.765,253.464,253.515,9
2008-12-09 12:39:00,253.866,253.916,253.715,253.715,7
2008-12-09 12:40:00,253.916,253.966,253.765,253.815,7
2008-12-09 12:41:00,253.765,253.866,253.765,253.866,4
2008-12-09 12:42:00,253.765,253.765,253.715,253.715,2
2008-12-09 12:43:00,253.715,253.715,253.715,253.715,1
2008-12-09 12:44:00,253.865,253.916,253.765,253.765,5
2008-12-09 12:45:00,253.815,253.865,253.615,253.765,13
2008-12-09 12:46:00,254.016,254.066,253.915,253.915,10
2008-12-09 12:47:00,253.915,253.966,253.915,253.966,2
2008-12-09 12:48:00,253.915,253.965,253.865,253.965,4
2008-12-09 12:49:00,253.865,253.865,253.815,253.815,4
2008-12-09 12:50:00,253.915,253.915,253.915,253.915,1
2008-12-09 12:51:00,253.815,253.965,253.815,253.965,4
2008-12-09 12:53:00,253.614,253.765,253.614,253.765,11
2008-12-09 12:54:00,253.764,253.764,253.664,253.664,3
2008-12-09 12:55:00,253.664,253.714,253.664,253.714,2
2008-12-09 12:56:00,253.463,253.614,253.413,253.614,6
2008-12-09 12:57:00,253.413,253.514,253.413,253.514,3
2008-12-09 12:58:00,253.162,253.413,253.112,253.313,19
2008-12-09 12:59:00,253.212,253.263,253.062,253.112,10
2008-12-09 13:00:00,252.811,253.162,252.811,253.162,15
2008-12-09 13:01:00,252.661,252.861,252.41,252.761,28
2008-12-09 13:02:00,252.209,252.61,252.159,252.61,22
2008-12-09 13:03:00,252.209,252.259,252.109,252.159,17
2008-12-09 13:04:00,252.209,252.359,252.109,252.259,13
2008-12-09 13:05:00,252.209,252.309,252.058,252.159,18
2008-12-09 13:06:00,252.108,252.209,252.058,252.159,8
2008-12-09 13:07:00,252.058,252.159,252.008,252.159,14
2008-12-09 13:08:00,251.908,252.058,251.807,252.008,20
2008-12-09 13:09:00,251.958,251.958,251.858,251.958,7
2008-12-09 13:10:00,251.556,251.958,251.556,251.908,24
2008-12-09 13:11:00,251.356,251.607,251.356,251.506,22
2008-12-09 13:12:00,251.255,251.406,251.205,251.306,25
2008-12-09 13:13:00,251.306,251.506,251.055,251.306,26
2008-12-09 13:14:00,251.205,251.506,251.155,251.356,26
2008-12-09 13:15:00,250.804,251.105,250.804,251.105,17
2008-12-09 13:16:00,250.754,251.004,250.703,250.904,24
2008-12-09 13:17:00,250.854,250.904,250.703,250.804,10
2008-12-09 13:18:00,250.753,250.904,250.753,250.754,10
2008-12-09 13:19:00,250.452,250.804,250.402,250.804,31
2008-12-09 13:20:00,250.503,250.603,250.302,250.503,28
2008-12-09 13:21:00,250.553,250.653,250.503,250.553,8
2008-12-09 13:22:00,250.402,250.553,250.302,250.502,20
2008-12-09 13:23:00,250.151,250.502,250.101,250.452,10
2008-12-09 13:24:00,249.951,250.101,249.9,250.101,16
2008-12-09 13:25:00,249.8,250.051,249.8,249.9,20
2008-12-09 13:26:00,249.599,249.8,249.549,249.75,21
2008-12-09 13:27:00,249.85,249.85,249.399,249.549,35
2008-12-09 13:28:00,250.101,250.201,249.8,249.8,19
2008-12-09 13:29:00,250.402,250.402,250.151,250.151,23
2008-12-09 13:30:00,250.301,250.552,250.251,250.452,19
2008-12-09 13:31:00,251.004,251.004,250.402,250.402,19
2008-12-09 13:32:00,251.004,251.104,250.903,250.953,14
2008-12-09 13:33:00,251.505,251.555,250.953,250.953,22
2008-12-09 13:34:00,251.505,251.505,251.355,251.405,17
2008-12-09 13:35:00,251.555,251.706,251.455,251.555,25
2008-12-09 13:36:00,251.655,251.956,251.605,251.605,18
2008-12-09 13:37:00,252.057,252.057,251.705,251.756,20
2008-12-09 13:38:00,251.806,251.956,251.705,251.956,16
2008-12-09 13:39:00,251.555,251.806,251.505,251.756,18
2008-12-09 13:40:00,251.304,251.555,251.254,251.505,30
2008-12-09 13:41:00,251.204,251.304,251.204,251.254,12
2008-12-09 13:42:00,251.153,251.204,251.103,251.103,7
2008-12-09 13:43:00,250.903,251.204,250.852,251.103,20
2008-12-09 13:44:00,250.602,251.003,250.602,250.802,23
2008-12-09 13:45:00,250.2,250.802,250.2,250.652,25
2008-12-09 13:46:00,250.0,250.25,249.899,250.15,31
2008-12-09 13:47:00,250.601,250.601,249.899,249.949,22
2008-12-09 13:48:00,250.3,250.652,250.2,250.652,18
2008-12-09 13:49:00,250.3,250.501,250.25,250.351,17
2008-12-09 13:50:00,249.849,250.3,249.799,250.25,22
2008-12-09 13:51:00,249.849,249.899,249.698,249.899,6
2008-12-09 13:52:00,249.498,249.849,249.498,249.799,11
2008-12-09 13:53:00,249.498,249.698,249.498,249.548,11
2008-12-09 13:54:00,249.548,249.748,249.397,249.447,22
2008-12-09 13:55:00,249.648,249.748,249.497,249.497,15
2008-12-09 13:56:00,249.798,249.798,249.648,249.698,17
2008-12-09 13:57:00,249.848,249.999,249.748,249.748,21
2008-12-09 13:58:00,249.848,249.999,249.798,249.899,28
2008-12-09 13:59:00,249.949,249.999,249.698,249.798,15
2008-12-09 14:00:00,250.801,250.851,249.999,249.999,42
2008-12-09 14:01:00,250.3,250.701,250.199,250.701,22
2008-12-09 14:02:00,250.249,250.3,250.149,250.249,9
2008-12-09 14:03:00,250.651,250.701,250.3,250.3,18
2008-12-09 14:04:00,250.35,250.6,250.35,250.6,11
2008-12-09 14:05:00,250.199,250.299,250.049,250.299,13
2008-12-09 14:06:00,250.099,250.149,250.049,250.049,5
2008-12-09 14:07:00,250.149,250.349,250.049,250.049,10
2008-12-09 14:08:00,249.798,250.199,249.798,250.199,8
2008-12-09 14:09:00,249.747,249.848,249.697,249.848,7
2008-12-09 14:10:00,249.647,249.898,249.647,249.697,16
2008-12-09 14:11:00,249.647,249.747,249.547,249.597,13
2008-12-09 14:12:00,249.898,250.149,249.747,249.747,22
2008-12-09 14:13:00,250.098,250.098,249.797,249.948,9
2008-12-09 14:14:00,250.098,250.349,250.048,250.148,18
2008-12-09 14:15:00,250.349,250.399,250.098,250.148,14
2008-12-09 14:16:00,250.048,250.299,250.048,250.249,16
2008-12-09 14:17:00,250.148,250.148,250.048,250.098,3
2008-12-09 14:18:00,250.048,250.198,249.797,250.198,15
2008-12-09 14:19:00,249.847,249.998,249.797,249.998,8
2008-12-09 14:20:00,250.048,250.048,249.797,249.797,5
2008-12-09 14:21:00,249.998,249.998,249.897,249.947,3
2008-12-09 14:22:00,249.947,249.947,249.847,249.897,3
2008-12-09 14:23:00,250.098,250.248,249.998,249.998,10
2008-12-09 14:24:00,250.298,250.399,250.048,250.048,10
2008-12-09 14:25:00,250.499,250.649,250.349,250.349,15
2008-12-09 14:26:00,250.549,250.649,250.499,250.599,10
2008-12-09 14:27:00,250.499,250.499,250.449,250.499,9
2008-12-09 14:28:00,250.348,250.649,250.348,250.549,10
2008-12-09 14:29:00,250.699,250.8,250.248,250.298,25
2008-12-09 14:30:00,249.746,250.75,249.746,250.75,23
2008-12-09 14:31:00,249.596,250.198,249.546,249.796,35
2008-12-09 14:32:00,249.245,249.646,249.245,249.646,29
2008-12-09 14:33:00,249.194,249.445,248.994,249.295,45
2008-12-09 14:34:00,249.395,249.495,249.144,249.245,26
2008-12-09 14:35:00,249.445,249.596,249.144,249.345,47
2008-12-09 14:36:00,249.746,249.796,249.244,249.495,34
2008-12-09 14:37:00,250.197,250.298,249.696,249.796,29
2008-12-09 14:38:00,250.097,250.247,249.946,250.247,19
2008-12-09 14:39:00,250.749,250.849,250.147,250.147,50
2008-12-09 14:40:00,250.297,250.849,250.297,250.699,37
2008-12-09 14:41:00,250.749,250.799,250.097,250.348,55
2008-12-09 14:42:00,251.25,251.351,250.799,250.849,43
2008-12-09 14:43:00,251.451,251.451,251.05,251.351,22
2008-12-09 14:44:00,251.451,251.752,251.451,251.652,36
2008-12-09 14:45:00,251.551,251.652,251.3,251.401,23
2008-12-09 14:46:00,252.003,252.103,251.401,251.501,35
2008-12-09 14:47:00,252.103,252.153,251.952,252.053,17
2008-12-09 14:48:00,251.902,252.203,251.852,252.053,19
2008-12-09 14:49:00,251.802,251.852,251.651,251.852,22
2008-12-09 14:50:00,251.852,252.153,251.852,251.852,25
2008-12-09 14:51:00,252.504,252.504,251.852,251.902,31
2008-12-09 14:52:00,251.902,252.705,251.802,252.554,34
2008-12-09 14:53:00,251.25,251.952,251.049,251.952,83
2008-12-09 14:54:00,251.4,251.4,251.149,251.2,21
2008-12-09 14:55:00,251.601,251.701,251.35,251.45,15
2008-12-09 14:56:00,251.45,251.651,251.45,251.551,10
2008-12-09 14:57:00,251.35,251.551,251.199,251.551,9
2008-12-09 14:58:00,250.698,251.3,250.597,251.25,25
2008-12-09 14:59:00,250.748,250.748,250.497,250.648,31
2008-12-09 15:00:00,251.4,252.052,250.898,250.898,65
2008-12-09 15:01:00,252.102,252.102,251.4,251.45,39
2008-12-09 15:02:00,251.851,252.102,251.5,252.052,34
2008-12-09 15:03:00,252.002,252.102,251.751,251.901,26
2008-12-09 15:04:00,252.553,252.604,252.052,252.052,35
2008-12-09 15:05:00,252.704,252.804,252.252,252.453,30
2008-12-09 15:06:00,252.252,252.754,252.252,252.754,33
2008-12-09 15:07:00,252.252,252.453,252.052,252.353,32
2008-12-09 15:08:00,252.603,252.754,252.052,252.202,35
2008-12-09 15:09:00,252.503,252.754,252.352,252.653,22
2008-12-09 15:10:00,252.904,253.105,252.653,252.653,31
2008-12-09 15:11:00,253.606,253.656,253.055,253.055,31
2008-12-09 15:12:00,253.606,253.707,253.406,253.556,30
2008-12-09 15:13:00,253.506,253.907,253.506,253.656,24
2008-12-09 15:14:00,253.807,253.807,253.406,253.556,25
2008-12-09 15:15:00,254.108,254.158,253.656,253.857,35
2008-12-09 15:16:00,254.258,254.358,253.957,254.058,41
2008-12-09 15:17:00,254.659,254.709,254.208,254.308,45
2008-12-09 15:18:00,254.76,254.91,254.408,254.609,45
2008-12-09 15:19:00,254.208,254.76,254.057,254.659,30
2008-12-09 15:20:00,254.208,254.308,254.057,254.258,19
2008-12-09 15:21:00,254.107,254.458,253.907,254.158,40
2008-12-09 15:22:00,254.308,254.458,253.857,254.057,29
2008-12-09 15:23:00,254.358,254.609,254.258,254.258,20
2008-12-09 15:24:00,254.258,254.458,254.157,254.308,24
2008-12-09 15:25:00,254.207,254.358,253.957,254.308,29
2008-12-09 15:26:00,254.107,254.609,254.057,254.308,23
2008-12-09 15:27:00,254.007,254.358,254.007,254.057,32
2008-12-09 15:28:00,253.956,254.057,253.956,253.957,15
2008-12-09 15:29:00,254.157,254.257,253.956,254.107,17
2008-12-09 15:30:00,254.257,254.659,254.207,254.207,27
2008-12-09 15:31:00,254.608,254.608,254.207,254.307,22
2008-12-09 15:32:00,254.959,255.06,254.608,254.659,36
2008-12-09 15:33:00,254.959,255.11,254.558,254.909,52
2008-12-09 15:34:00,255.06,255.21,254.909,254.909,26
2008-12-09 15:35:00,255.411,255.611,255.11,255.11,29
2008-12-09 15:36:00,255.31,255.611,255.16,255.461,32
2008-12-09 15:37:00,255.762,255.762,255.21,255.21,22
2008-12-09 15:38:00,255.812,256.012,255.611,255.712,44
2008-12-09 15:39:00,255.109,255.862,255.059,255.862,40
2008-12-09 15:40:00,254.608,255.26,254.608,255.16,35
2008-12-09 15:41:00,255.059,255.21,254.658,254.658,37
2008-12-09 15:42:00,255.059,255.46,254.758,255.109,47
2008-12-09 15:43:00,255.711,255.711,255.159,255.159,34
2008-12-09 15:44:00,255.26,255.611,254.858,255.611,27
2008-12-09 15:45:00,255.912,256.012,255.109,255.109,56
2008-12-09 15:46:00,256.263,256.514,256.012,256.012,108
2008-12-09 15:47:00,256.162,256.413,255.811,256.213,50
2008-12-09 15:48:00,255.611,256.213,255.611,256.112,42
2008-12-09 15:49:00,255.861,255.912,255.46,255.51,30
2008-12-09 15:50:00,256.112,256.263,255.761,255.911,32
2008-12-09 15:51:00,255.911,256.162,255.811,256.162,30
2008-12-09 15:52:00,255.811,256.262,255.811,256.112,19
2008-12-09 15:53:00,255.41,255.861,255.41,255.761,37
2008-12-09 15:54:00,255.961,255.961,255.46,255.46,25
2008-12-09 15:55:00,255.811,256.112,255.761,256.062,43
2008-12-09 15:56:00,256.162,256.312,255.861,255.861,31
2008-12-09 15:57:00,256.513,256.613,256.162,256.212,31
2008-12-09 15:58:00,256.312,256.814,256.262,256.463,50
2008-12-09 15:59:00,256.412,256.513,255.911,256.262,39
2008-12-09 16:00:00,257.215,257.365,256.362,256.362,66
2008-12-09 16:01:00,257.265,257.666,257.165,257.165,57
2008-12-09 16:02:00,256.964,257.365,256.814,257.215,39
2008-12-09 16:03:00,256.763,256.914,256.362,256.914,42
2008-12-09 16:04:00,256.462,256.914,256.312,256.864,27
2008-12-09 16:05:00,256.613,257.064,256.362,256.362,45
2008-12-09 16:06:00,256.362,256.663,256.262,256.512,35
2008-12-09 16:07:00,255.91,256.362,255.86,256.262,43
2008-12-09 16:08:00,255.961,256.161,255.76,255.961,58
2008-12-09 16:09:00,255.961,256.011,255.66,255.86,30
2008-12-09 16:10:00,255.91,256.161,255.81,255.91,26
2008-12-09 16:11:00,255.659,255.96,255.459,255.96,25
2008-12-09 16:12:00,255.86,256.111,255.559,255.609,34
2008-12-09 16:13:00,255.76,256.01,255.71,255.81,22
2008-12-09 16:14:00,255.709,255.96,255.709,255.81,25
2008-12-09 16:15:00,255.86,255.96,255.509,255.659,46
2008-12-09 16:16:00,255.509,255.96,255.509,255.81,33
2008-12-09 16:17:00,255.509,255.609,255.308,255.609,41
2008-12-09 16:18:00,255.258,255.709,255.208,255.458,36
2008-12-09 16:19:00,255.308,255.559,255.157,255.208,33
2008-12-09 16:20:00,255.157,255.408,255.057,255.258,28
2008-12-09 16:21:00,254.756,255.508,254.756,255.207,68
2008-12-09 16:22:00,254.656,254.806,254.254,254.806,61
2008-12-09 16:23:00,253.753,254.605,253.703,254.605,48
2008-12-09 16:24:00,253.602,254.104,253.502,253.803,74
2008-12-09 16:25:00,254.505,254.505,253.502,253.552,47
2008-12-09 16:26:00,254.455,254.555,254.304,254.405,32
2008-12-09 16:27:00,254.706,254.706,254.154,254.405,32
2008-12-09 16:28:00,254.555,254.906,254.505,254.756,34
2008-12-09 16:29:00,254.154,254.756,254.104,254.505,76
2008-12-09 16:30:00,254.856,255.056,254.103,254.103,56
2008-12-09 16:31:00,254.956,255.006,254.705,254.906,36
2008-12-09 16:32:00,254.404,255.157,254.354,254.906,39
2008-12-09 16:33:00,253.953,254.454,253.903,254.354,45
2008-12-09 16:34:00,254.404,254.555,254.003,254.003,25
2008-12-09 16:35:00,254.605,254.605,254.304,254.454,26
2008-12-09 16:36:00,254.153,254.555,254.153,254.555,10
2008-12-09 16:37:00,253.852,254.053,253.802,253.902,17
2008-12-09 16:38:00,253.451,253.802,253.1,253.802,13
2008-12-09 16:39:00,253.802,253.852,253.3,253.351,8
2008-12-09 16:40:00,254.253,254.253,253.802,253.852,10
2008-12-09 16:41:00,254.504,254.504,254.203,254.304,6
2008-12-09 16:42:00,254.053,254.604,254.053,254.554,12
2008-12-09 16:43:00,253.902,254.203,253.902,253.902,5
2008-12-09 16:44:00,254.353,254.454,254.053,254.053,9
2008-12-09 16:45:00,254.654,254.654,254.504,254.504,9
2008-12-09 16:46:00,254.604,254.704,254.404,254.404,5
2008-12-09 16:47:00,254.805,254.805,254.504,254.504,7
2008-12-09 16:48:00,254.704,254.755,254.604,254.755,5
2008-12-09 16:49:00,254.805,254.855,254.504,254.504,8
2008-12-09 16:50:00,254.955,254.955,254.604,254.604,6
2008-12-09 16:51:00,254.855,254.855,254.604,254.654,5
2008-12-09 16:52:00,254.955,254.955,254.905,254.955,3
2008-12-09 16:53:00,254.955,255.055,254.955,255.055,4
2008-12-09 16:54:00,254.704,254.754,254.554,254.704,5
2008-12-09 16:55:00,254.704,254.804,254.704,254.804,2
2008-12-09 16:57:00,254.503,254.553,254.503,254.553,2
2008-12-09 16:58:00,254.704,254.704,254.704,254.704,1
2008-12-09 16:59:00,254.503,254.603,254.503,254.603,3
2008-12-09 17:00:00,254.302,254.302,254.302,254.302,1
2008-12-09 17:02:00,254.352,254.352,254.152,254.352,3
2008-12-09 17:03:00,254.653,254.653,254.653,254.653,1
2008-12-09 17:04:00,254.954,254.954,254.804,254.804,2
2008-12-09 17:05:00,255.004,255.105,255.004,255.105,2
2008-12-09 17:06:00,255.305,255.305,255.155,255.155,2
2008-12-09 17:07:00,254.954,255.205,254.854,254.954,7
2008-12-09 17:08:00,255.305,255.305,255.155,255.155,2
2008-12-09 17:09:00,255.104,255.255,255.104,255.255,3
2008-12-09 17:10:00,255.104,255.205,254.954,255.205,5
2008-12-09 17:11:00,254.954,254.954,254.904,254.954,3
2008-12-09 17:12:00,255.154,255.355,255.154,255.154,5
2008-12-09 17:13:00,255.054,255.255,254.954,255.104,8
2008-12-09 17:14:00,255.104,255.305,255.054,255.154,6
2008-12-10 07:00:00,254.857,255.308,254.606,254.707,10
2008-12-10 07:01:00,254.355,254.757,254.355,254.757,4
2008-12-10 07:03:00,254.456,254.756,254.255,254.255,10
2008-12-10 07:04:00,254.255,254.405,254.054,254.405,5
2008-12-10 07:05:00,254.054,254.405,253.904,254.054,12
2008-12-10 07:09:00,254.706,254.706,254.706,254.706,1
2008-12-10 07:10:00,254.806,254.907,254.405,254.505,18
2008-12-10 07:11:00,254.355,254.706,254.355,254.706,9
2008-12-10 07:12:00,254.455,254.656,253.954,254.555,13
2008-12-10 07:13:00,254.605,254.605,254.555,254.555,2
2008-12-10 07:14:00,254.656,254.656,254.555,254.656,7
2008-12-10 07:15:00,254.655,254.756,254.254,254.756,19
2008-12-10 07:16:00,254.355,254.756,254.204,254.706,19
2008-12-10 07:17:00,254.505,254.505,254.505,254.505,1
2008-12-10 07:18:00,254.405,254.455,254.405,254.455,2
2008-12-10 07:19:00,253.953,254.354,253.803,254.354,16
2008-12-10 07:20:00,254.104,254.304,253.652,253.903,27
2008-12-10 07:21:00,254.254,254.354,254.154,254.304,7
2008-12-10 07:22:00,254.204,254.254,254.053,254.204,14
2008-12-10 07:23:00,253.853,254.254,253.853,254.053,23
2008-12-10 07:24:00,253.853,254.103,253.802,254.103,12
2008-12-10 07:25:00,254.003,254.003,253.802,253.802,3
2008-12-10 07:26:00,254.003,254.153,254.003,254.153,4
2008-12-10 07:27:00,254.053,254.053,254.053,254.053,1
2008-12-10 07:28:00,254.103,254.103,254.003,254.003,3
2008-12-10 07:29:00,254.103,254.153,254.103,254.153,2
2008-12-10 07:30:00,254.354,254.705,254.153,254.153,8
2008-12-10 07:31:00,254.404,254.454,254.404,254.454,2
2008-12-10 07:32:00,254.103,254.253,254.103,254.253,2
2008-12-10 07:33:00,254.153,254.153,254.153,254.153,1
2008-12-10 07:35:00,254.404,254.404,254.353,254.353,2
2008-12-10 07:38:00,254.303,254.303,254.303,254.303,1
2008-12-10 07:39:00,254.504,254.504,254.504,254.504,1
2008-12-10 07:40:00,254.604,254.604,254.454,254.454,3
2008-12-10 07:41:00,254.855,254.855,254.604,254.654,6
2008-12-10 07:42:00,255.306,255.306,255.055,255.055,6
2008-12-10 07:43:00,255.206,255.456,255.206,255.456,7
2008-12-10 07:44:00,255.055,255.105,255.055,255.105,2
2008-12-10 07:45:00,254.854,255.005,254.854,255.005,2
2008-12-10 07:46:00,255.005,255.005,255.005,255.005,1
2008-12-10 07:47:00,255.055,255.055,255.055,255.055,1
2008-12-10 07:48:00,255.356,255.356,255.155,255.155,5
2008-12-10 07:49:00,255.005,255.105,255.005,255.105,3
2008-12-10 07:50:00,254.804,255.055,254.804,255.055,3
2008-12-10 07:51:00,254.704,254.754,254.704,254.754,2
2008-12-10 07:52:00,254.503,254.503,254.503,254.503,1
2008-12-10 07:53:00,254.403,254.553,254.403,254.553,3
2008-12-10 07:54:00,254.653,254.653,254.603,254.603,2
2008-12-10 07:55:00,254.503,254.703,254.503,254.703,5
2008-12-10 07:56:00,254.804,254.804,254.603,254.603,4
2008-12-10 07:57:00,254.653,254.753,254.653,254.753,4
2008-12-10 07:58:00,254.503,254.503,254.503,254.503,1
2008-12-10 07:59:00,254.753,254.753,254.452,254.452,8
2008-12-10 08:00:00,253.7,254.753,253.449,254.202,82
2008-12-10 08:01:00,252.848,253.901,252.848,253.8,69
2008-12-10 08:02:00,252.898,253.148,252.647,252.898,90
2008-12-10 08:03:00,253.499,253.65,252.847,252.847,72
2008-12-10 08:04:00,253.75,254.001,253.499,253.549,69
2008-12-10 08:05:00,254.051,254.051,253.7,253.7,41
2008-12-10 08:06:00,254.552,254.552,254.001,254.001,42
2008-12-10 08:07:00,254.502,254.602,254.302,254.602,48
2008-12-10 08:08:00,254.753,254.753,254.452,254.552,42
2008-12-10 08:09:00,255.003,255.054,254.602,254.803,44
2008-12-10 08:10:00,255.003,255.003,254.953,254.953,2
2008-12-10 08:11:00,256.006,256.056,254.853,254.953,93
2008-12-10 08:12:00,256.006,256.157,255.856,256.056,44
2008-12-10 08:13:00,256.006,256.056,255.906,256.056,20
2008-12-10 08:14:00,256.056,256.257,255.906,255.956,46
2008-12-10 08:15:00,255.856,256.207,255.805,256.006,36
2008-12-10 08:16:00,255.906,256.056,255.805,255.906,27
2008-12-10 08:17:00,255.755,255.856,255.655,255.856,21
2008-12-10 08:18:00,255.204,255.705,255.153,255.705,31
2008-12-10 08:19:00,255.504,255.504,255.053,255.153,27
2008-12-10 08:20:00,255.906,256.006,255.555,255.555,41
2008-12-10 08:21:00,255.755,255.956,255.554,255.956,36
2008-12-10 08:22:00,255.554,255.805,255.404,255.805,34
2008-12-10 08:23:00,255.253,255.604,255.103,255.604,66
2008-12-10 08:24:00,255.153,255.504,254.852,255.203,43
2008-12-10 08:25:00,254.25,255.203,254.05,255.203,37
2008-12-10 08:26:00,254.1,254.451,254.1,254.3,35
2008-12-10 08:27:00,253.999,254.05,253.849,254.05,31
2008-12-10 08:28:00,253.348,254.05,253.348,254.05,43
2008-12-10 08:29:00,253.448,253.648,253.247,253.297,46
2008-12-10 08:30:00,253.047,253.698,253.047,253.398,41
2008-12-10 08:31:00,253.197,253.297,252.946,253.097,21
2008-12-10 08:32:00,252.996,253.297,252.896,253.247,26
2008-12-10 08:33:00,253.046,253.247,252.946,253.147,44
2008-12-10 08:34:00,253.347,253.397,252.846,252.996,27
2008-12-10 08:35:00,253.447,253.598,253.297,253.297,26
2008-12-10 08:36:00,253.999,253.999,253.397,253.397,23
2008-12-10 08:37:00,253.899,254.099,253.798,254.049,27
2008-12-10 08:38:00,253.196,253.949,253.146,253.949,43
2008-12-10 08:39:00,253.297,253.347,253.146,253.146,23
2008-12-10 08:40:00,253.648,253.748,253.247,253.347,25
2008-12-10 08:41:00,253.698,253.848,253.297,253.748,41
2008-12-10 08:42:00,253.698,253.949,253.547,253.648,15
2008-12-10 08:43:00,253.948,253.999,253.497,253.597,24
2008-12-10 08:44:00,253.647,253.848,253.597,253.798,19
2008-12-10 08:45:00,253.497,253.848,253.497,253.497,25
2008-12-10 08:46:00,253.547,253.798,253.296,253.547,26
2008-12-10 08:47:00,253.547,253.798,253.497,253.698,20
2008-12-10 08:48:00,253.146,253.647,253.146,253.647,18
2008-12-10 08:49:00,253.146,253.246,252.995,253.096,21
2008-12-10 08:50:00,252.745,253.196,252.694,253.096,36
2008-12-10 08:51:00,252.795,252.795,252.444,252.694,29
2008-12-10 08:52:00,252.644,252.845,252.494,252.744,16
2008-12-10 08:53:00,252.594,252.945,252.343,252.544,46
2008-12-10 08:54:00,252.243,252.494,252.193,252.494,23
2008-12-10 08:55:00,252.243,252.393,251.892,252.193,55
2008-12-10 08:56:00,252.042,252.443,251.992,252.293,34
2008-12-10 08:57:00,252.293,252.343,252.092,252.092,19
2008-12-10 08:58:00,252.243,252.243,252.042,252.142,14
2008-12-10 08:59:00,252.995,253.095,252.293,252.293,50
2008-12-10 09:00:00,253.446,253.446,252.945,253.045,26
2008-12-10 09:01:00,253.195,253.446,253.145,253.396,26
2008-12-10 09:02:00,253.195,253.346,253.095,253.145,21
2008-12-10 09:03:00,253.045,253.145,252.894,253.145,17
2008-12-10 09:04:00,253.145,253.295,253.045,253.095,15
2008-12-10 09:05:00,252.894,253.295,252.894,253.295,19
2008-12-10 09:06:00,252.593,252.844,252.543,252.844,20
2008-12-10 09:07:00,252.242,252.693,252.242,252.643,10
2008-12-10 09:08:00,252.142,252.292,251.991,252.292,26
2008-12-10 09:09:00,252.392,252.643,252.192,252.192,33
2008-12-10 09:10:00,252.493,252.543,252.292,252.443,18
2008-12-10 09:11:00,252.643,252.793,252.543,252.543,15
2008-12-10 09:12:00,252.643,252.894,252.593,252.743,24
2008-12-10 09:13:00,252.693,252.743,252.593,252.693,7
2008-12-10 09:14:00,252.944,253.094,252.593,252.643,15
2008-12-10 09:15:00,252.894,252.994,252.843,252.994,6
2008-12-10 09:16:00,252.191,252.743,252.191,252.743,23
2008-12-10 09:17:00,251.991,252.242,251.991,252.242,21
2008-12-10 09:18:00,252.392,252.643,252.041,252.041,26
2008-12-10 09:19:00,252.241,252.492,252.141,252.442,12
2008-12-10 09:20:00,252.291,252.442,252.191,252.292,12
2008-12-10 09:21:00,252.492,252.743,252.241,252.241,25
2008-12-10 09:22:00,252.392,252.492,252.342,252.442,15
2008-12-10 09:23:00,252.341,252.442,252.241,252.442,9
2008-12-10 09:24:00,252.893,252.893,252.442,252.442,23
2008-12-10 09:25:00,252.642,252.843,252.642,252.843,7
2008-12-10 09:26:00,252.943,253.294,252.743,252.743,23
2008-12-10 09:27:00,253.043,253.093,252.893,252.893,6
2008-12-10 09:28:00,252.893,253.244,252.742,253.144,13
2008-12-10 09:29:00,253.194,253.394,252.592,252.793,27
2008-12-10 09:30:00,253.093,253.294,253.093,253.143,13
2008-12-10 09:31:00,253.143,253.143,252.943,253.043,11
2008-12-10 09:32:00,253.043,253.143,253.043,253.093,7
2008-12-10 09:33:00,252.893,253.093,252.842,253.093,9
2008-12-10 09:34:00,252.943,253.043,252.943,252.993,4
2008-12-10 09:35:00,252.943,253.043,252.943,252.993,8
2008-12-10 09:36:00,252.993,253.043,252.491,252.892,27
2008-12-10 09:37:00,252.742,253.043,252.591,252.943,15
2008-12-10 09:38:00,252.591,252.742,252.541,252.692,12
2008-12-10 09:39:00,252.942,253.043,252.591,252.642,26
2008-12-10 09:40:00,252.942,253.043,252.842,252.892,8
2008-12-10 09:41:00,253.143,253.193,253.043,253.143,11
2008-12-10 09:42:00,253.093,253.093,253.043,253.093,3
2008-12-10 09:43:00,253.243,253.293,253.042,253.042,4
2008-12-10 09:44:00,253.444,253.594,253.293,253.293,20
2008-12-10 09:45:00,253.393,253.393,253.243,253.343,14
2008-12-10 09:46:00,253.393,253.494,253.293,253.343,14
2008-12-10 09:47:00,253.694,253.694,253.293,253.343,13
2008-12-10 09:48:00,253.794,254.095,253.694,253.744,27
2008-12-10 09:49:00,253.995,254.095,253.744,253.844,24
2008-12-10 09:50:00,253.794,254.145,253.744,254.045,23
2008-12-10 09:51:00,254.095,254.145,253.694,253.844,29
2008-12-10 09:52:00,253.794,254.095,253.744,253.945,21
2008-12-10 09:53:00,253.694,253.844,253.644,253.744,18
2008-12-10 09:54:00,253.694,253.794,253.694,253.744,3
2008-12-10 09:55:00,253.744,253.844,253.744,253.844,9
2008-12-10 09:56:00,253.343,253.794,253.242,253.794,17
2008-12-10 09:57:00,253.343,253.393,253.343,253.393,2
2008-12-10 09:58:00,253.092,253.242,252.941,253.242,14
2008-12-10 09:59:00,252.941,253.142,252.941,253.142,7
2008-12-10 10:00:00,252.941,252.941,252.841,252.891,4
2008-12-10 10:01:00,253.192,253.342,252.791,252.991,22
2008-12-10 10:02:00,253.342,253.543,253.242,253.292,14
2008-12-10 10:03:00,253.342,253.392,253.292,253.392,6
2008-12-10 10:04:00,253.142,253.292,253.041,253.292,6
2008-12-10 10:05:00,253.493,253.543,253.091,253.091,18
2008-12-10 10:06:00,253.192,253.442,253.141,253.442,19
2008-12-10 10:07:00,253.242,253.342,253.041,253.141,13
2008-12-10 10:08:00,253.392,253.492,253.292,253.292,10
2008-12-10 10:09:00,253.342,253.442,253.292,253.442,5
2008-12-10 10:10:00,253.392,253.492,253.292,253.292,7
2008-12-10 10:11:00,253.442,253.542,253.442,253.542,3
2008-12-10 10:12:00,253.241,253.392,253.241,253.392,6
2008-12-10 10:13:00,253.342,253.342,253.141,253.292,5
2008-12-10 10:14:00,253.793,253.843,253.291,253.291,24
2008-12-10 10:15:00,254.344,254.395,253.743,253.743,31
2008-12-10 10:16:00,254.244,254.445,254.244,254.395,13
2008-12-10 10:17:00,254.244,254.294,254.194,254.194,4
2008-12-10 10:18:00,254.194,254.194,254.194,254.194,1
2008-12-10 10:19:00,254.244,254.244,253.993,254.244,14
2008-12-10 10:20:00,254.194,254.194,254.194,254.194,1
2008-12-10 10:21:00,254.294,254.545,254.244,254.244,13
2008-12-10 10:22:00,253.692,254.244,253.692,254.244,22
2008-12-10 10:23:00,253.993,254.043,253.742,253.742,10
2008-12-10 10:24:00,254.193,254.244,253.842,254.043,23
2008-12-10 10:25:00,254.093,254.193,254.093,254.143,5
2008-12-10 10:26:00,253.993,254.093,253.842,254.043,14
2008-12-10 10:27:00,253.943,253.943,253.842,253.943,8
2008-12-10 10:28:00,254.093,254.143,253.842,253.993,17
2008-12-10 10:29:00,254.143,254.143,253.943,253.993,8
2008-12-10 10:30:00,253.993,254.093,253.792,254.093,17
2008-12-10 10:31:00,253.692,253.842,253.591,253.842,6
2008-12-10 10:32:00,253.641,253.692,253.591,253.641,4
2008-12-10 10:33:00,253.24,253.591,253.24,253.591,10
2008-12-10 10:34:00,253.29,253.491,253.04,253.34,35
2008-12-10 10:35:00,253.391,253.541,253.19,253.34,22
2008-12-10 10:36:00,253.34,253.441,253.24,253.441,8
2008-12-10 10:37:00,253.14,253.24,253.14,253.24,5
2008-12-10 10:38:00,253.39,253.39,252.989,253.19,27
2008-12-10 10:39:00,253.541,253.741,253.44,253.44,21
2008-12-10 10:40:00,253.24,253.641,253.089,253.491,20
2008-12-10 10:41:00,253.34,253.34,253.14,253.19,12
2008-12-10 10:42:00,253.39,253.49,253.29,253.29,6
2008-12-10 10:43:00,252.838,253.34,252.838,253.34,20
2008-12-10 10:44:00,252.889,252.989,252.588,252.788,27
2008-12-10 10:45:00,252.889,252.889,252.788,252.838,10
2008-12-10 10:46:00,252.939,252.939,252.688,252.788,9
2008-12-10 10:47:00,253.34,253.44,253.039,253.039,10
2008-12-10 10:48:00,252.888,253.29,252.838,253.29,7
2008-12-10 10:49:00,253.289,253.44,252.938,252.938,7
2008-12-10 10:50:00,253.39,253.39,253.189,253.34,7
2008-12-10 10:51:00,253.691,253.691,253.289,253.34,9
2008-12-10 10:52:00,253.941,253.941,253.49,253.64,17
2008-12-10 10:53:00,253.891,254.242,253.891,253.891,17
2008-12-10 10:54:00,253.74,253.891,253.69,253.841,14
2008-12-10 10:55:00,253.791,253.841,253.64,253.69,8
2008-12-10 10:56:00,253.54,253.74,253.54,253.74,6
2008-12-10 10:57:00,253.64,253.64,253.59,253.59,4
2008-12-10 10:58:00,254.041,254.041,253.59,253.59,11
2008-12-10 10:59:00,253.941,254.041,253.941,253.991,3
2008-12-10 11:00:00,253.84,254.041,253.84,254.041,4
2008-12-10 11:01:00,253.84,253.84,253.64,253.79,10
2008-12-10 11:02:00,253.84,253.84,253.64,253.64,6
2008-12-10 11:03:00,253.79,253.79,253.74,253.79,3
2008-12-10 11:04:00,253.539,253.74,253.389,253.74,14
2008-12-10 11:05:00,253.74,253.94,253.589,253.589,14
2008-12-10 11:06:00,253.84,253.89,253.69,253.79,8
2008-12-10 11:07:00,254.141,254.141,253.84,253.89,19
2008-12-10 11:08:00,254.191,254.392,254.091,254.091,17
2008-12-10 11:09:00,254.191,254.291,254.141,254.241,6
2008-12-10 11:10:00,254.291,254.341,254.191,254.241,12
2008-12-10 11:11:00,254.793,254.843,254.341,254.341,24
2008-12-10 11:12:00,254.442,254.742,254.442,254.742,15
2008-12-10 11:13:00,254.943,255.043,254.542,254.542,20
2008-12-10 11:14:00,254.943,254.993,254.893,254.993,5
2008-12-10 11:15:00,254.843,254.993,254.843,254.893,5
2008-12-10 11:16:00,254.893,254.993,254.893,254.943,5
2008-12-10 11:17:00,255.444,255.444,254.943,254.943,13
2008-12-10 11:18:00,255.544,255.645,255.394,255.394,20
2008-12-10 11:19:00,255.795,255.845,255.544,255.595,13
2008-12-10 11:20:00,255.544,255.845,255.344,255.845,17
2008-12-10 11:21:00,255.243,255.594,255.243,255.494,19
2008-12-10 11:22:00,255.193,255.243,255.093,255.193,7
2008-12-10 11:23:00,255.544,255.695,255.143,255.143,13
2008-12-10 11:24:00,255.494,255.594,255.494,255.594,5
2008-12-10 11:25:00,255.594,255.644,255.544,255.544,6
2008-12-10 11:26:00,255.644,255.694,255.594,255.694,3
2008-12-10 11:27:00,255.243,255.544,255.243,255.544,9
2008-12-10 11:28:00,254.892,255.193,254.892,255.193,10
2008-12-10 11:29:00,254.942,254.942,254.792,254.842,7
2008-12-10 11:30:00,254.942,254.942,254.741,254.842,5
2008-12-10 11:31:00,255.193,255.243,254.992,254.992,9
2008-12-10 11:32:00,255.042,255.293,255.042,255.293,4
2008-12-10 11:33:00,254.892,255.092,254.842,255.092,6
2008-12-10 11:34:00,254.942,255.042,254.791,254.942,17
2008-12-10 11:35:00,254.892,255.042,254.892,254.992,7
2008-12-10 11:36:00,254.841,255.042,254.841,255.042,3
2008-12-10 11:37:00,254.942,254.992,254.891,254.891,5
2008-12-10 11:39:00,254.992,255.092,254.992,255.092,2
2008-12-10 11:40:00,255.042,255.092,255.042,255.042,3
2008-12-10 11:42:00,254.791,254.991,254.791,254.991,5
2008-12-10 11:43:00,254.741,254.841,254.691,254.741,10
2008-12-10 11:44:00,254.841,254.891,254.841,254.891,2
2008-12-10 11:45:00,255.142,255.142,254.841,254.891,6
2008-12-10 11:47:00,255.142,255.142,255.092,255.092,2
2008-12-10 11:48:00,255.593,255.693,255.091,255.091,20
2008-12-10 11:49:00,255.392,255.643,255.091,255.643,24
2008-12-10 11:50:00,255.643,255.643,255.342,255.442,9
2008-12-10 11:51:00,255.643,255.693,255.442,255.593,9
2008-12-10 11:52:00,255.693,255.793,255.643,255.693,8
2008-12-10 11:53:00,255.793,255.843,255.593,255.743,13
2008-12-10 11:54:00,255.843,255.893,255.743,255.843,15
2008-12-10 11:55:00,255.893,256.194,255.893,255.893,33
2008-12-10 11:56:00,255.994,255.994,255.843,255.843,9
2008-12-10 11:57:00,256.194,256.244,256.094,256.094,13
2008-12-10 11:58:00,255.993,256.395,255.843,256.244,12
2008-12-10 11:59:00,256.144,256.144,255.943,256.044,14
2008-12-10 12:00:00,256.194,256.695,256.044,256.094,40
2008-12-10 12:01:00,256.244,256.796,256.244,256.294,37
2008-12-10 12:02:00,256.244,256.495,256.094,256.344,24
2008-12-10 12:03:00,256.444,256.495,256.444,256.445,5
2008-12-10 12:04:00,256.194,256.495,256.093,256.495,8
2008-12-10 12:05:00,256.344,256.394,256.093,256.144,10
2008-12-10 12:06:00,256.545,256.545,256.244,256.244,10
2008-12-10 12:07:00,256.595,256.595,256.394,256.494,14
2008-12-10 12:08:00,256.795,256.845,256.545,256.545,12
2008-12-10 12:09:00,256.745,256.946,256.745,256.845,9
2008-12-10 12:10:00,256.795,256.895,256.745,256.795,14
2008-12-10 12:11:00,256.895,256.996,256.595,256.595,18
2008-12-10 12:12:00,256.945,257.146,256.895,256.945,20
2008-12-10 12:13:00,256.795,256.945,256.494,256.845,25
2008-12-10 12:14:00,257.046,257.046,256.795,256.845,8
2008-12-10 12:15:00,256.644,257.046,256.594,256.995,22
2008-12-10 12:16:00,255.992,256.594,255.742,256.594,48
2008-12-10 12:17:00,255.792,256.043,255.792,255.942,8
2008-12-10 12:18:00,255.742,255.742,255.591,255.742,20
2008-12-10 12:19:00,255.942,255.992,255.641,255.792,9
2008-12-10 12:20:00,256.042,256.042,255.792,255.842,14
2008-12-10 12:21:00,256.494,256.494,255.942,255.992,15
2008-12-10 12:22:00,256.694,256.895,256.494,256.594,19
2008-12-10 12:23:00,256.594,256.644,256.393,256.644,11
2008-12-10 12:24:00,256.443,256.794,256.443,256.544,23
2008-12-10 12:25:00,256.443,256.493,256.343,256.493,7
2008-12-10 12:26:00,255.992,256.493,255.992,256.493,11
2008-12-10 12:27:00,256.142,256.142,255.992,256.042,8
2008-12-10 12:28:00,256.042,256.192,256.042,256.192,8
2008-12-10 12:29:00,255.791,255.942,255.741,255.942,15
2008-12-10 12:30:00,255.691,255.942,255.691,255.891,12
2008-12-10 12:31:00,255.54,255.791,255.49,255.641,13
2008-12-10 12:32:00,255.59,255.791,255.54,255.59,15
2008-12-10 12:33:00,255.691,255.841,255.54,255.54,7
2008-12-10 12:34:00,255.741,255.741,255.59,255.59,6
2008-12-10 12:35:00,255.791,255.991,255.741,255.791,7
2008-12-10 12:36:00,255.941,255.941,255.891,255.891,2
2008-12-10 12:37:00,255.941,255.991,255.941,255.991,2
2008-12-10 12:38:00,255.891,255.941,255.841,255.841,3
2008-12-10 12:40:00,255.941,255.941,255.841,255.841,3
2008-12-10 12:41:00,255.891,256.041,255.841,256.041,6
2008-12-10 12:42:00,255.941,255.941,255.891,255.941,5
2008-12-10 12:43:00,255.891,255.891,255.891,255.891,1
2008-12-10 12:44:00,255.54,255.84,255.489,255.84,12
2008-12-10 12:45:00,255.69,255.941,255.59,255.64,13
2008-12-10 12:46:00,255.79,255.79,255.79,255.79,1
2008-12-10 12:47:00,255.74,255.74,255.69,255.69,2
2008-12-10 12:48:00,255.89,255.94,255.79,255.79,6
2008-12-10 12:49:00,255.64,255.84,255.64,255.84,7
2008-12-10 12:50:00,255.69,255.79,255.69,255.69,4
2008-12-10 12:51:00,255.639,255.639,255.489,255.539,12
2008-12-10 12:52:00,255.539,255.69,255.489,255.589,11
2008-12-10 12:53:00,255.489,255.589,255.439,255.589,4
2008-12-10 12:54:00,255.489,255.74,255.439,255.539,11
2008-12-10 12:55:00,255.689,255.689,255.389,255.439,6
2008-12-10 12:56:00,255.589,255.639,255.489,255.639,5
2008-12-10 12:57:00,255.138,255.639,255.088,255.639,23
2008-12-10 12:58:00,255.238,255.238,254.937,255.188,15
2008-12-10 12:59:00,254.987,255.188,254.987,255.188,7
2008-12-10 13:00:00,255.037,255.138,254.937,254.937,9
2008-12-10 13:01:00,255.037,255.087,254.987,254.987,5
2008-12-10 13:02:00,255.238,255.238,255.087,255.087,6
2008-12-10 13:03:00,255.238,255.388,255.187,255.187,8
2008-12-10 13:04:00,255.288,255.438,255.137,255.137,13
2008-12-10 13:05:00,255.388,255.388,255.187,255.338,11
2008-12-10 13:06:00,255.338,255.438,255.187,255.438,15
2008-12-10 13:07:00,254.987,255.288,254.786,255.288,21
2008-12-10 13:08:00,254.987,255.087,254.836,255.087,18
2008-12-10 13:09:00,255.037,255.037,254.936,254.936,5
2008-12-10 13:10:00,255.187,255.187,254.886,254.987,9
2008-12-10 13:11:00,255.438,255.588,255.237,255.237,8
2008-12-10 13:12:00,255.638,255.638,255.488,255.538,5
2008-12-10 13:13:00,255.538,255.588,255.488,255.588,4
2008-12-10 13:14:00,255.287,255.438,255.237,255.438,13
2008-12-10 13:15:00,255.337,255.438,255.237,255.237,10
2008-12-10 13:16:00,255.287,255.538,255.237,255.287,12
2008-12-10 13:17:00,255.137,255.488,255.036,255.337,12
2008-12-10 13:18:00,254.936,255.237,254.886,255.237,21
2008-12-10 13:19:00,254.986,254.986,254.936,254.986,3
2008-12-10 13:20:00,255.036,255.086,254.835,255.036,14
2008-12-10 13:21:00,254.886,255.086,254.886,255.086,3
2008-12-10 13:22:00,254.986,254.986,254.835,254.936,5
2008-12-10 13:23:00,255.186,255.186,254.835,254.936,11
2008-12-10 13:24:00,255.036,255.236,254.936,255.236,8
2008-12-10 13:25:00,255.086,255.136,254.885,255.136,6
2008-12-10 13:26:00,255.086,255.136,255.036,255.136,3
2008-12-10 13:27:00,255.286,255.286,255.136,255.136,4
2008-12-10 13:28:00,255.437,255.437,255.337,255.337,2
2008-12-10 13:29:00,255.236,255.387,255.086,255.387,18
2008-12-10 13:30:00,255.236,255.387,255.086,255.387,13
2008-12-10 13:31:00,255.186,255.286,255.086,255.286,6
2008-12-10 13:32:00,255.236,255.236,255.136,255.136,3
2008-12-10 13:33:00,255.236,255.336,255.136,255.286,7
2008-12-10 13:34:00,255.336,255.336,255.286,255.286,4
2008-12-10 13:35:00,255.637,255.637,255.436,255.436,12
2008-12-10 13:36:00,255.637,255.637,255.537,255.587,6
2008-12-10 13:37:00,255.938,255.938,255.687,255.687,8
2008-12-10 13:38:00,256.088,256.188,255.888,255.888,20
2008-12-10 13:39:00,255.988,256.188,255.887,256.188,21
2008-12-10 13:40:00,256.038,256.038,256.038,256.038,1
2008-12-10 13:41:00,256.088,256.138,256.038,256.088,6
2008-12-10 13:42:00,255.937,256.038,255.937,256.038,7
2008-12-10 13:43:00,255.937,255.988,255.887,255.988,6
2008-12-10 13:44:00,255.937,255.987,255.837,255.987,8
2008-12-10 13:45:00,255.937,256.088,255.837,256.038,13
2008-12-10 13:46:00,256.037,256.088,255.887,255.987,12
2008-12-10 13:47:00,256.037,256.138,255.937,255.987,9
2008-12-10 13:48:00,256.188,256.188,256.088,256.088,2
2008-12-10 13:49:00,256.087,256.238,256.037,256.138,7
2008-12-10 13:50:00,255.837,256.037,255.686,256.037,17
2008-12-10 13:51:00,255.837,255.887,255.736,255.787,15
2008-12-10 13:52:00,256.037,256.037,255.887,255.887,4
2008-12-10 13:53:00,256.037,256.087,256.037,256.087,2
2008-12-10 13:54:00,256.338,256.338,255.987,255.987,6
2008-12-10 13:55:00,256.037,256.288,256.037,256.288,5
2008-12-10 13:56:00,255.786,255.987,255.736,255.987,16
2008-12-10 13:57:00,255.586,255.736,255.586,255.736,6
2008-12-10 13:58:00,255.485,255.686,255.485,255.636,12
2008-12-10 13:59:00,255.385,255.535,255.385,255.535,3
2008-12-10 14:00:00,255.686,255.686,255.435,255.435,9
2008-12-10 14:01:00,255.736,255.886,255.636,255.636,15
2008-12-10 14:02:00,255.786,255.786,255.786,255.786,1
2008-12-10 14:03:00,255.686,255.786,255.686,255.736,3
2008-12-10 14:04:00,255.736,255.936,255.585,255.585,10
2008-12-10 14:05:00,255.635,255.736,255.635,255.685,3
2008-12-10 14:06:00,255.585,255.685,255.585,255.685,2
2008-12-10 14:08:00,255.936,255.986,255.635,255.635,14
2008-12-10 14:09:00,255.836,255.836,255.836,255.836,1
2008-12-10 14:10:00,255.836,256.036,255.785,255.886,8
2008-12-10 14:11:00,255.735,255.886,255.635,255.886,7
2008-12-10 14:12:00,255.735,255.735,255.635,255.685,5
2008-12-10 14:13:00,255.835,255.835,255.735,255.785,7
2008-12-10 14:14:00,255.986,255.986,255.885,255.885,5
2008-12-10 14:15:00,255.986,256.086,255.936,256.036,5
2008-12-10 14:16:00,256.236,256.236,256.136,256.136,2
2008-12-10 14:17:00,256.437,256.487,256.236,256.286,16
2008-12-10 14:18:00,256.186,256.387,256.186,256.387,6
2008-12-10 14:19:00,256.186,256.186,255.935,256.136,6
2008-12-10 14:20:00,256.336,256.336,256.286,256.286,2
2008-12-10 14:21:00,256.236,256.437,256.136,256.286,11
2008-12-10 14:22:00,256.386,256.437,256.286,256.286,5
2008-12-10 14:23:00,256.386,256.537,256.286,256.437,10
2008-12-10 14:24:00,255.985,256.336,255.985,256.336,15
2008-12-10 14:25:00,255.935,256.085,255.885,255.935,11
2008-12-10 14:26:00,255.835,255.935,255.734,255.835,9
2008-12-10 14:27:00,255.935,255.935,255.885,255.885,2
2008-12-10 14:28:00,256.035,256.035,255.985,255.985,4
2008-12-10 14:29:00,255.985,256.085,255.885,256.085,14
2008-12-10 14:30:00,255.985,256.286,255.885,256.035,42
2008-12-10 14:31:00,255.483,255.985,255.433,255.885,38
2008-12-10 14:32:00,255.784,255.784,255.483,255.533,29
2008-12-10 14:33:00,255.684,255.834,255.584,255.734,25
2008-12-10 14:34:00,256.586,256.636,255.584,255.734,52
2008-12-10 14:35:00,256.436,256.737,256.386,256.486,55
2008-12-10 14:36:00,256.285,256.386,256.085,256.386,26
2008-12-10 14:37:00,256.436,256.436,256.035,256.235,36
2008-12-10 14:38:00,256.636,256.887,256.335,256.386,52
2008-12-10 14:39:00,256.436,256.937,256.335,256.737,48
2008-12-10 14:40:00,256.185,256.385,255.784,256.385,47
2008-12-10 14:41:00,255.784,256.285,255.733,256.235,42
2008-12-10 14:42:00,255.784,255.834,255.733,255.834,10
2008-12-10 14:43:00,256.034,256.185,255.784,255.834,20
2008-12-10 14:44:00,256.034,256.134,255.784,255.984,17
2008-12-10 14:45:00,256.485,256.485,255.884,255.984,24
2008-12-10 14:46:00,256.385,256.435,256.084,256.385,23
2008-12-10 14:47:00,256.184,256.485,255.884,256.435,32
2008-12-10 14:48:00,255.884,256.134,255.733,256.134,27
2008-12-10 14:49:00,255.332,255.833,255.181,255.833,42
2008-12-10 14:50:00,255.181,255.282,254.931,255.282,54
2008-12-10 14:51:00,255.482,255.532,255.131,255.131,28
2008-12-10 14:52:00,255.833,255.833,255.282,255.432,18
2008-12-10 14:53:00,255.783,256.234,255.783,255.933,32
2008-12-10 14:54:00,255.582,255.733,255.432,255.733,20
2008-12-10 14:55:00,255.181,255.632,255.081,255.632,40
2008-12-10 14:56:00,255.482,255.733,255.031,255.131,29
2008-12-10 14:57:00,255.532,255.783,255.331,255.432,32
2008-12-10 14:58:00,255.382,255.532,255.281,255.432,17
2008-12-10 14:59:00,255.281,255.532,255.03,255.432,29
2008-12-10 15:00:00,255.281,255.381,255.131,255.231,14
2008-12-10 15:01:00,255.632,255.833,255.231,255.331,39
2008-12-10 15:02:00,255.983,255.983,255.582,255.682,22
2008-12-10 15:03:00,256.083,256.234,255.732,256.133,35
2008-12-10 15:04:00,256.334,256.334,255.983,255.983,9
2008-12-10 15:05:00,256.133,256.334,255.983,256.284,23
2008-12-10 15:06:00,256.334,256.434,256.133,256.183,23
2008-12-10 15:07:00,256.584,256.735,256.284,256.284,26
2008-12-10 15:08:00,256.233,256.584,256.183,256.484,27
2008-12-10 15:09:00,256.233,256.484,256.183,256.334,16
2008-12-10 15:10:00,255.983,256.283,255.983,256.283,15
2008-12-10 15:11:00,256.434,256.534,255.932,255.932,22
2008-12-10 15:12:00,256.434,256.534,256.283,256.334,7
2008-12-10 15:13:00,256.434,256.584,256.283,256.534,13
2008-12-10 15:14:00,256.985,256.985,256.384,256.534,30
2008-12-10 15:15:00,257.637,257.637,256.885,256.935,51
2008-12-10 15:16:00,257.336,257.587,257.186,257.587,37
2008-12-10 15:17:00,257.436,257.537,257.236,257.236,26
2008-12-10 15:18:00,257.737,257.938,257.336,257.336,31
2008-12-10 15:19:00,257.888,257.938,257.436,257.837,49
2008-12-10 15:20:00,257.887,258.239,257.887,257.938,41
2008-12-10 15:21:00,257.887,257.938,257.637,257.837,23
2008-12-10 15:22:00,257.637,257.938,257.637,257.837,24
2008-12-10 15:23:00,257.737,257.787,257.486,257.586,29
2008-12-10 15:24:00,257.787,257.887,257.637,257.787,26
2008-12-10 15:25:00,257.436,257.787,257.285,257.737,32
2008-12-10 15:26:00,257.586,257.636,257.336,257.336,13
2008-12-10 15:27:00,257.436,257.536,257.235,257.536,21
2008-12-10 15:28:00,257.235,257.536,257.235,257.386,11
2008-12-10 15:29:00,257.386,257.737,257.285,257.335,45
2008-12-10 15:30:00,257.787,257.987,257.436,257.486,35
2008-12-10 15:31:00,257.636,257.736,257.436,257.736,17
2008-12-10 15:32:00,257.586,257.787,257.536,257.686,20
2008-12-10 15:33:00,257.435,257.536,257.435,257.536,10
2008-12-10 15:34:00,257.786,257.786,257.536,257.536,11
2008-12-10 15:35:00,256.984,257.736,256.934,257.736,47
2008-12-10 15:36:00,257.435,257.435,257.034,257.034,18
2008-12-10 15:37:00,257.435,257.536,257.185,257.385,22
2008-12-10 15:38:00,257.686,257.886,257.485,257.485,31
2008-12-10 15:39:00,257.485,257.736,257.184,257.636,47
2008-12-10 15:40:00,257.485,257.586,257.285,257.586,32
2008-12-10 15:41:00,257.134,257.535,256.984,257.535,28
2008-12-10 15:42:00,256.833,257.234,256.733,257.084,40
2008-12-10 15:43:00,256.482,256.984,256.482,256.783,36
2008-12-10 15:44:00,256.382,256.582,256.231,256.532,40
2008-12-10 15:45:00,256.482,256.683,256.231,256.281,24
2008-12-10 15:46:00,256.332,256.332,255.981,256.332,35
2008-12-10 15:47:00,256.582,256.582,256.181,256.281,25
2008-12-10 15:48:00,256.331,256.733,256.331,256.532,31
2008-12-10 15:49:00,256.432,256.632,256.231,256.281,30
2008-12-10 15:50:00,256.231,256.382,256.231,256.382,16
2008-12-10 15:51:00,255.78,256.181,255.78,256.181,20
2008-12-10 15:52:00,256.08,256.08,255.679,255.83,28
2008-12-10 15:53:00,255.83,256.03,255.83,256.03,16
2008-12-10 15:54:00,255.429,255.78,255.429,255.78,31
2008-12-10 15:55:00,255.679,255.98,255.178,255.378,69
2008-12-10 15:56:00,255.93,256.03,255.579,255.579,42
2008-12-10 15:57:00,255.629,256.08,255.529,255.729,34
2008-12-10 15:58:00,255.579,255.98,255.529,255.679,28
2008-12-10 15:59:00,255.729,255.829,255.529,255.529,18
2008-12-10 16:00:00,255.779,255.93,255.629,255.829,23
2008-12-10 16:01:00,255.278,255.829,255.228,255.829,15
2008-12-10 16:02:00,255.428,255.428,255.027,255.228,25
2008-12-10 16:03:00,255.779,255.829,255.328,255.328,36
2008-12-10 16:04:00,256.08,256.18,255.829,255.829,27
2008-12-10 16:05:00,255.679,256.18,255.679,256.13,23
2008-12-10 16:06:00,256.28,256.28,255.628,255.729,24
2008-12-10 16:07:00,256.23,256.28,255.879,256.23,21
2008-12-10 16:08:00,255.979,256.38,255.678,256.33,21
2008-12-10 16:09:00,255.879,256.33,255.879,255.929,22
2008-12-10 16:10:00,256.079,256.08,255.929,255.929,9
2008-12-10 16:11:00,256.18,256.18,255.728,256.029,18
2008-12-10 16:12:00,256.079,256.38,256.079,256.28,21
2008-12-10 16:13:00,256.48,256.531,255.979,256.029,29
2008-12-10 16:14:00,256.581,256.581,256.18,256.531,20
2008-12-10 16:15:00,256.881,256.881,256.43,256.531,23
2008-12-10 16:16:00,256.681,256.982,256.681,256.982,20
2008-12-10 16:17:00,256.831,256.881,256.53,256.731,14
2008-12-10 16:18:00,256.931,257.182,256.781,256.881,39
2008-12-10 16:19:00,257.232,257.383,256.931,256.982,37
2008-12-10 16:20:00,257.082,257.282,256.981,257.282,15
2008-12-10 16:21:00,257.032,257.132,256.881,257.132,24
2008-12-10 16:22:00,257.082,257.383,257.031,257.132,23
2008-12-10 16:23:00,257.082,257.132,256.981,257.132,7
2008-12-10 16:24:00,257.282,257.282,256.931,257.182,48
2008-12-10 16:25:00,256.831,257.332,256.781,257.332,37
2008-12-10 16:26:00,256.831,256.981,256.68,256.781,28
2008-12-10 16:27:00,256.881,256.931,256.68,256.881,16
2008-12-10 16:28:00,256.58,256.981,256.58,256.831,26
2008-12-10 16:29:00,256.73,256.78,256.329,256.53,54
2008-12-10 16:30:00,256.68,256.73,256.379,256.68,29
2008-12-10 16:31:00,256.68,256.78,256.429,256.63,30
2008-12-10 16:32:00,256.68,256.73,256.429,256.479,15
2008-12-10 16:33:00,256.63,256.88,256.479,256.73,18
2008-12-10 16:34:00,257.181,257.231,256.429,256.529,63
2008-12-10 16:35:00,257.231,257.382,257.131,257.231,19
2008-12-10 16:36:00,257.281,257.532,257.281,257.332,12
2008-12-10 16:37:00,256.88,257.131,256.83,257.131,9
2008-12-10 16:38:00,256.93,257.081,256.93,256.93,7
2008-12-10 16:39:00,257.231,257.281,256.98,256.98,12
2008-12-10 16:40:00,257.081,257.231,257.03,257.081,5
2008-12-10 16:41:00,257.281,257.331,257.131,257.131,6
2008-12-10 16:42:00,257.682,257.682,257.482,257.482,4
2008-12-10 16:43:00,257.833,257.833,257.582,257.732,7
2008-12-10 16:44:00,257.682,257.833,257.682,257.732,4
2008-12-10 16:45:00,258.183,258.183,257.833,257.833,6
2008-12-10 16:46:00,258.534,258.585,258.234,258.234,10
2008-12-10 16:47:00,258.584,258.635,258.434,258.635,6
2008-12-10 16:48:00,258.284,258.284,258.284,258.284,1
2008-12-10 16:49:00,258.685,258.685,258.284,258.434,5
2008-12-10 16:50:00,258.885,258.935,258.735,258.735,3
2008-12-10 16:51:00,258.985,259.086,258.785,258.935,6
2008-12-10 16:52:00,258.935,258.935,258.885,258.885,2
2008-12-10 16:53:00,258.935,258.935,258.835,258.835,2
2008-12-10 16:55:00,258.734,258.734,258.734,258.734,1
2008-12-10 16:56:00,258.634,258.634,258.584,258.584,2
2008-12-10 16:57:00,258.484,258.484,258.484,258.484,1
2008-12-10 16:58:00,258.433,258.534,258.333,258.433,7
2008-12-10 16:59:00,258.433,258.433,258.283,258.283,2
2008-12-10 17:00:00,258.483,258.534,258.483,258.534,2
2008-12-10 17:02:00,258.483,258.483,258.283,258.283,2
2008-12-10 17:03:00,258.584,258.634,258.584,258.634,2
2008-12-10 17:04:00,259.035,259.185,258.734,258.734,9
2008-12-10 17:05:00,258.684,258.985,258.533,258.985,4
2008-12-10 17:06:00,258.533,258.734,258.533,258.734,2
2008-12-10 17:07:00,258.784,258.884,258.784,258.884,2
2008-12-10 17:08:00,258.533,258.583,258.533,258.583,2
2008-12-10 17:10:00,258.734,258.734,258.583,258.583,2
2008-12-10 17:11:00,258.734,258.734,258.483,258.583,3
2008-12-10 17:12:00,258.934,258.934,258.934,258.934,1
2008-12-10 17:13:00,259.235,259.235,259.084,259.135,4
2008-12-10 17:14:00,259.235,259.235,259.185,259.185,2
2008-12-11 07:00:00,257.082,257.182,256.781,257.132,6
2008-12-11 07:01:00,256.931,256.982,256.931,256.982,2
2008-12-11 07:02:00,257.232,257.332,257.082,257.082,7
2008-12-11 07:03:00,257.082,257.082,257.082,257.082,1
2008-12-11 07:08:00,257.131,257.182,257.031,257.132,7
2008-12-11 07:09:00,257.031,257.081,257.031,257.081,2
2008-12-11 07:10:00,257.432,257.432,257.131,257.131,3
2008-12-11 07:11:00,257.382,257.382,257.382,257.382,1
2008-12-11 07:15:00,257.231,257.282,257.231,257.282,2
2008-12-11 07:16:00,257.231,257.231,256.981,257.131,3
2008-12-11 07:18:00,257.131,257.131,257.131,257.131,1
2008-12-11 07:21:00,257.03,257.081,257.03,257.081,2
2008-12-11 07:22:00,257.131,257.131,257.131,257.131,1
2008-12-11 07:23:00,257.181,257.181,257.181,257.181,1
2008-12-11 07:24:00,257.281,257.431,257.281,257.281,3
2008-12-11 07:25:00,257.131,257.181,257.131,257.181,2
2008-12-11 07:26:00,257.281,257.281,257.281,257.281,1
2008-12-11 07:28:00,257.331,257.331,257.331,257.331,1
2008-12-11 07:29:00,257.231,257.231,257.231,257.231,1
2008-12-11 07:31:00,257.281,257.281,257.281,257.281,1
2008-12-11 07:33:00,257.581,257.581,257.281,257.431,6
2008-12-11 07:34:00,257.681,257.681,257.631,257.631,2
2008-12-11 07:35:00,257.982,257.982,257.732,257.732,3
2008-12-11 07:36:00,257.581,258.032,257.581,258.032,5
2008-12-11 07:37:00,257.581,257.581,257.531,257.531,2
2008-12-11 07:38:00,257.531,257.581,257.38,257.481,5
2008-12-11 07:39:00,257.28,257.431,257.28,257.431,3
2008-12-11 07:40:00,257.23,257.23,257.23,257.23,1
2008-12-11 07:44:00,257.48,257.531,257.48,257.48,3
2008-12-11 07:45:00,257.33,257.33,257.33,257.33,1
2008-12-11 07:46:00,257.28,257.28,257.28,257.28,1
2008-12-11 07:47:00,257.179,257.33,257.179,257.33,3
2008-12-11 07:48:00,257.179,257.179,257.129,257.129,2
2008-12-11 07:50:00,257.129,257.129,257.129,257.129,1
2008-12-11 07:51:00,257.079,257.079,256.979,257.079,5
2008-12-11 07:52:00,256.928,256.979,256.828,256.979,4
2008-12-11 07:53:00,256.979,257.029,256.878,256.878,3
2008-12-11 07:54:00,256.828,256.828,256.828,256.828,1
2008-12-11 07:55:00,256.577,256.778,256.427,256.778,11
2008-12-11 07:56:00,256.928,256.928,256.627,256.678,6
2008-12-11 07:57:00,256.778,256.928,256.577,256.878,10
2008-12-11 07:58:00,256.477,256.728,256.377,256.728,9
2008-12-11 07:59:00,256.677,256.728,256.527,256.728,7
2008-12-11 08:00:00,256.778,256.878,256.176,256.577,45
2008-12-11 08:01:00,256.828,257.179,256.627,256.727,50
2008-12-11 08:02:00,257.529,257.58,256.727,256.727,62
2008-12-11 08:03:00,257.83,257.83,257.429,257.479,68
2008-12-11 08:04:00,257.529,257.981,257.529,257.73,42
2008-12-11 08:05:00,257.379,257.73,257.229,257.68,31
2008-12-11 08:06:00,257.329,257.529,257.279,257.279,24
2008-12-11 08:07:00,256.827,257.379,256.827,257.279,19
2008-12-11 08:08:00,256.777,256.827,256.627,256.777,24
2008-12-11 08:09:00,256.727,256.978,256.677,256.827,34
2008-12-11 08:10:00,257.078,257.228,256.577,256.677,37
2008-12-11 08:11:00,256.576,256.877,256.326,256.877,41
2008-12-11 08:12:00,256.827,256.927,256.426,256.426,28
2008-12-11 08:13:00,256.977,257.128,256.727,256.877,23
2008-12-11 08:14:00,256.977,257.278,256.927,257.078,18
2008-12-11 08:15:00,256.877,257.128,256.877,257.078,20
2008-12-11 08:16:00,256.827,256.977,256.727,256.827,29
2008-12-11 08:17:00,256.777,256.927,256.777,256.877,9
2008-12-11 08:18:00,256.676,256.877,256.576,256.726,21
2008-12-11 08:19:00,256.426,256.676,256.225,256.626,36
2008-12-11 08:20:00,256.325,256.426,256.175,256.375,27
2008-12-11 08:21:00,256.425,256.526,256.175,256.275,32
2008-12-11 08:22:00,256.626,256.726,256.375,256.375,29
2008-12-11 08:23:00,256.676,256.776,256.526,256.576,21
2008-12-11 08:24:00,256.475,256.676,256.325,256.626,25
2008-12-11 08:25:00,256.325,256.526,256.275,256.526,7
2008-12-11 08:26:00,256.325,256.475,256.225,256.375,23
2008-12-11 08:27:00,256.425,256.425,256.375,256.425,3
2008-12-11 08:28:00,256.375,256.525,256.275,256.475,10
2008-12-11 08:29:00,256.074,256.275,255.974,256.225,25
2008-12-11 08:30:00,255.623,256.024,255.623,256.024,21
2008-12-11 08:31:00,255.873,255.924,255.573,255.573,30
2008-12-11 08:32:00,255.723,255.873,255.723,255.773,13
2008-12-11 08:33:00,255.823,255.924,255.773,255.823,13
2008-12-11 08:34:00,255.923,255.974,255.773,255.773,13
2008-12-11 08:35:00,255.673,255.873,255.572,255.873,12
2008-12-11 08:36:00,255.372,255.673,255.372,255.623,19
2008-12-11 08:37:00,255.121,255.422,254.971,255.422,26
2008-12-11 08:38:00,255.522,255.572,255.071,255.071,38
2008-12-11 08:39:00,255.472,255.723,255.171,255.572,25
2008-12-11 08:40:00,255.171,255.472,255.121,255.422,21
2008-12-11 08:41:00,255.071,255.271,255.071,255.221,17
2008-12-11 08:42:00,254.97,255.121,254.82,255.021,16
2008-12-11 08:43:00,254.87,255.321,254.82,255.021,21
2008-12-11 08:44:00,254.67,254.87,254.369,254.82,50
2008-12-11 08:45:00,254.268,254.519,254.168,254.519,35
2008-12-11 08:46:00,254.068,254.319,254.068,254.319,23
2008-12-11 08:47:00,253.767,254.218,253.717,254.018,32
2008-12-11 08:48:00,253.917,253.917,253.617,253.717,27
2008-12-11 08:49:00,253.767,253.917,253.617,253.867,32
2008-12-11 08:50:00,253.817,253.867,253.667,253.817,30
2008-12-11 08:51:00,253.366,253.867,253.265,253.867,41
2008-12-11 08:52:00,253.115,253.416,253.065,253.316,25
2008-12-11 08:53:00,253.416,253.616,253.165,253.165,31
2008-12-11 08:54:00,253.767,253.867,253.466,253.466,24
2008-12-11 08:55:00,253.616,253.767,253.416,253.666,34
2008-12-11 08:56:00,253.616,253.817,253.616,253.666,20
2008-12-11 08:57:00,253.817,253.817,253.616,253.666,13
2008-12-11 08:58:00,254.218,254.268,253.867,253.867,27
2008-12-11 08:59:00,254.819,254.919,254.268,254.268,30
2008-12-11 09:00:00,254.769,254.869,254.568,254.869,12
2008-12-11 09:01:00,254.167,254.568,254.067,254.568,26
2008-12-11 09:02:00,253.967,254.268,253.967,254.117,21
2008-12-11 09:03:00,254.017,254.167,254.017,254.067,11
2008-12-11 09:04:00,254.067,254.368,253.967,254.067,23
2008-12-11 09:05:00,254.317,254.368,254.017,254.017,20
2008-12-11 09:06:00,253.916,254.368,253.816,254.368,20
2008-12-11 09:07:00,253.966,254.017,253.866,253.866,13
2008-12-11 09:08:00,253.916,253.966,253.716,253.866,16
2008-12-11 09:09:00,254.016,254.217,253.866,253.866,17
2008-12-11 09:10:00,254.167,254.417,254.167,254.167,24
2008-12-11 09:11:00,254.117,254.417,254.117,254.217,18
2008-12-11 09:12:00,254.117,254.267,254.016,254.167,18
2008-12-11 09:13:00,254.367,254.417,254.066,254.066,14
2008-12-11 09:14:00,254.467,254.668,254.317,254.417,18
2008-12-11 09:15:00,254.768,254.768,254.517,254.517,26
2008-12-11 09:16:00,254.918,254.918,254.668,254.868,18
2008-12-11 09:17:00,254.918,254.918,254.768,254.868,14
2008-12-11 09:18:00,254.718,255.019,254.618,254.868,20
2008-12-11 09:19:00,254.467,254.718,254.367,254.668,13
2008-12-11 09:20:00,254.668,254.768,254.417,254.417,20
2008-12-11 09:21:00,254.517,254.718,254.467,254.718,12
2008-12-11 09:22:00,254.417,254.567,254.367,254.567,10
2008-12-11 09:23:00,254.567,254.567,254.266,254.517,19
2008-12-11 09:24:00,254.367,254.517,254.367,254.517,10
2008-12-11 09:25:00,254.166,254.467,253.965,254.417,23
2008-12-11 09:26:00,254.467,254.517,254.216,254.216,11
2008-12-11 09:27:00,254.567,254.617,254.467,254.517,7
2008-12-11 09:28:00,254.918,254.968,254.517,254.617,20
2008-12-11 09:29:00,254.918,255.068,254.817,254.968,23
2008-12-11 09:30:00,255.319,255.569,254.767,254.868,36
2008-12-11 09:31:00,255.168,255.369,255.118,255.269,16
2008-12-11 09:32:00,254.918,255.319,254.918,255.218,18
2008-12-11 09:33:00,254.817,255.018,254.817,254.968,27
2008-12-11 09:34:00,254.917,255.018,254.767,254.867,18
2008-12-11 09:35:00,254.667,254.968,254.667,254.968,12
2008-12-11 09:37:00,254.366,254.717,254.215,254.617,27
2008-12-11 09:38:00,254.215,254.416,254.115,254.416,11
2008-12-11 09:39:00,254.566,254.666,254.466,254.466,7
2008-12-11 09:40:00,254.917,254.967,254.366,254.516,34
2008-12-11 09:41:00,254.616,255.017,254.616,254.867,14
2008-12-11 09:42:00,254.566,254.767,254.566,254.566,12
2008-12-11 09:43:00,254.516,254.716,254.516,254.516,4
2008-12-11 09:44:00,254.666,254.917,254.566,254.566,12
2008-12-11 09:45:00,254.666,254.817,254.616,254.616,10
2008-12-11 09:46:00,254.616,254.766,254.566,254.716,8
2008-12-11 09:47:00,254.315,254.516,254.315,254.466,24
2008-12-11 09:48:00,254.415,254.465,254.265,254.265,8
2008-12-11 09:49:00,254.114,254.365,254.064,254.365,26
2008-12-11 09:50:00,254.215,254.265,253.814,254.165,26
2008-12-11 09:51:00,254.014,254.315,254.014,254.265,6
2008-12-11 09:52:00,254.315,254.415,254.164,254.215,17
2008-12-11 09:53:00,254.265,254.365,254.215,254.365,3
2008-12-11 09:54:00,254.315,254.465,254.164,254.315,19
2008-12-11 09:55:00,254.415,254.716,254.365,254.365,21
2008-12-11 09:56:00,254.415,254.615,254.365,254.365,7
2008-12-11 09:57:00,254.515,254.615,254.515,254.515,10
2008-12-11 09:58:00,254.716,254.966,254.515,254.615,23
2008-12-11 09:59:00,254.365,254.665,254.314,254.665,18
2008-12-11 10:00:00,254.565,254.565,254.415,254.415,6
2008-12-11 10:01:00,254.916,254.966,254.565,254.615,9
2008-12-11 10:02:00,254.465,254.866,254.415,254.866,18
2008-12-11 10:03:00,254.565,254.665,254.364,254.565,15
2008-12-11 10:04:00,254.866,254.866,254.665,254.665,4
2008-12-11 10:05:00,254.866,254.866,254.715,254.815,7
2008-12-11 10:06:00,254.966,255.016,254.715,254.765,12
2008-12-11 10:07:00,255.116,255.266,255.016,255.066,19
2008-12-11 10:08:00,255.216,255.266,255.116,255.216,6
2008-12-11 10:09:00,255.116,255.216,255.116,255.166,4
2008-12-11 10:10:00,255.066,255.066,255.066,255.066,1
2008-12-11 10:11:00,255.266,255.367,255.016,255.116,15
2008-12-11 10:12:00,255.216,255.366,255.066,255.316,23
2008-12-11 10:13:00,255.316,255.417,255.266,255.316,8
2008-12-11 10:14:00,255.416,255.517,255.366,255.417,11
2008-12-11 10:15:00,255.667,255.767,255.517,255.517,26
2008-12-11 10:16:00,255.717,255.767,255.617,255.617,15
2008-12-11 10:17:00,255.567,255.667,255.567,255.667,4
2008-12-11 10:18:00,255.567,255.667,255.567,255.667,7
2008-12-11 10:19:00,255.867,256.018,255.617,255.617,28
2008-12-11 10:20:00,255.917,256.018,255.817,255.968,11
2008-12-11 10:21:00,255.817,256.068,255.817,255.968,15
2008-12-11 10:22:00,255.817,255.917,255.617,255.867,20
2008-12-11 10:23:00,255.967,255.967,255.867,255.867,6
2008-12-11 10:24:00,255.967,256.068,255.967,256.018,10
2008-12-11 10:25:00,255.917,256.068,255.917,256.017,7
2008-12-11 10:26:00,255.867,256.017,255.767,255.867,11
2008-12-11 10:27:00,255.967,255.967,255.817,255.817,4
2008-12-11 10:28:00,256.569,256.769,255.917,255.917,48
2008-12-11 10:29:00,256.468,256.669,256.368,256.519,19
2008-12-11 10:30:00,256.669,256.669,256.518,256.518,8
2008-12-11 10:31:00,256.569,256.819,256.468,256.719,20
2008-12-11 10:32:00,256.619,256.719,256.619,256.619,5
2008-12-11 10:33:00,256.669,256.769,256.568,256.669,18
2008-12-11 10:34:00,256.919,256.919,256.669,256.719,13
2008-12-11 10:35:00,257.019,257.17,256.819,256.869,26
2008-12-11 10:36:00,257.621,257.621,257.019,257.07,33
2008-12-11 10:37:00,257.571,257.671,257.42,257.671,13
2008-12-11 10:38:00,257.621,257.721,257.37,257.621,19
2008-12-11 10:39:00,257.27,257.521,257.22,257.521,24
2008-12-11 10:40:00,257.42,257.571,257.27,257.32,22
2008-12-11 10:41:00,257.621,257.821,257.47,257.52,25
2008-12-11 10:42:00,257.42,257.821,257.42,257.671,25
2008-12-11 10:43:00,257.22,257.42,257.169,257.37,14
2008-12-11 10:44:00,257.019,257.169,256.919,257.169,30
2008-12-11 10:45:00,256.919,257.119,256.919,257.069,4
2008-12-11 10:46:00,257.069,257.069,256.969,256.969,3
2008-12-11 10:47:00,257.119,257.169,257.019,257.019,11
2008-12-11 10:48:00,257.269,257.269,256.969,257.069,13
2008-12-11 10:49:00,257.42,257.42,257.169,257.219,14
2008-12-11 10:50:00,257.319,257.319,257.219,257.269,7
2008-12-11 10:51:00,257.219,257.319,257.169,257.269,8
2008-12-11 10:52:00,257.57,257.62,257.269,257.269,15
2008-12-11 10:53:00,257.419,257.57,257.369,257.52,11
2008-12-11 10:54:00,257.269,257.369,257.219,257.369,7
2008-12-11 10:55:00,257.319,257.319,257.169,257.219,8
2008-12-11 10:56:00,257.419,257.419,257.269,257.419,10
2008-12-11 10:57:00,257.118,257.469,257.018,257.469,21
2008-12-11 10:58:00,257.269,257.369,257.068,257.068,15
2008-12-11 10:59:00,257.469,257.519,257.219,257.219,9
2008-12-11 11:00:00,257.77,257.77,257.269,257.419,15
2008-12-11 11:01:00,257.569,257.87,257.519,257.82,23
2008-12-11 11:02:00,257.369,257.569,257.319,257.519,10
2008-12-11 11:03:00,257.168,257.369,257.118,257.319,9
2008-12-11 11:04:00,256.968,257.118,256.918,257.068,18
2008-12-11 11:05:00,256.817,256.918,256.767,256.918,19
2008-12-11 11:06:00,256.917,257.018,256.817,256.917,9
2008-12-11 11:07:00,256.867,256.968,256.817,256.968,4
2008-12-11 11:08:00,256.767,256.917,256.717,256.917,17
2008-12-11 11:09:00,256.767,256.967,256.717,256.817,11
2008-12-11 11:10:00,256.717,256.867,256.667,256.817,14
2008-12-11 11:11:00,256.666,256.767,256.566,256.667,11
2008-12-11 11:12:00,256.817,256.867,256.717,256.717,8
2008-12-11 11:13:00,256.767,256.767,256.666,256.767,7
2008-12-11 11:14:00,256.817,256.817,256.716,256.716,4
2008-12-11 11:15:00,256.466,256.666,256.416,256.666,11
2008-12-11 11:16:00,256.566,256.616,256.516,256.516,9
2008-12-11 11:17:00,256.516,256.666,256.516,256.616,6
2008-12-11 11:18:00,256.466,256.566,256.466,256.466,6
2008-12-11 11:19:00,256.516,256.516,256.516,256.516,1
2008-12-11 11:20:00,256.516,256.516,256.415,256.466,3
2008-12-11 11:21:00,256.315,256.465,256.315,256.465,5
2008-12-11 11:22:00,256.365,256.415,256.315,256.415,4
2008-12-11 11:23:00,256.415,256.465,256.315,256.315,3
2008-12-11 11:24:00,256.415,256.465,256.365,256.465,6
2008-12-11 11:25:00,256.415,256.465,256.365,256.465,5
2008-12-11 11:26:00,256.465,256.515,256.465,256.465,5
2008-12-11 11:27:00,256.716,256.716,256.415,256.415,6
2008-12-11 11:28:00,256.666,256.766,256.565,256.766,6
2008-12-11 11:29:00,256.565,256.766,256.565,256.716,7
2008-12-11 11:30:00,256.415,256.565,256.164,256.515,29
2008-12-11 11:31:00,256.415,256.415,256.365,256.365,4
2008-12-11 11:32:00,256.365,256.465,256.365,256.465,3
2008-12-11 11:33:00,256.364,256.364,256.264,256.314,7
2008-12-11 11:34:00,256.214,256.264,256.164,256.264,4
2008-12-11 11:35:00,256.064,256.164,255.963,256.114,10
2008-12-11 11:36:00,255.963,256.013,255.913,255.963,7
2008-12-11 11:37:00,256.063,256.164,255.913,256.013,11
2008-12-11 11:38:00,256.164,256.164,256.063,256.114,6
2008-12-11 11:39:00,256.264,256.264,256.164,256.214,4
2008-12-11 11:40:00,256.264,256.364,256.264,256.314,4
2008-12-11 11:41:00,256.164,256.164,256.113,256.113,2
2008-12-11 11:42:00,256.314,256.364,256.214,256.214,7
2008-12-11 11:43:00,256.364,256.464,256.364,256.364,5
2008-12-11 11:44:00,256.414,256.414,256.364,256.414,5
2008-12-11 11:45:00,256.364,256.364,256.364,256.364,1
2008-12-11 11:46:00,256.665,256.715,256.314,256.314,13
2008-12-11 11:47:00,256.715,256.715,256.514,256.614,7
2008-12-11 11:48:00,256.715,256.715,256.614,256.614,4
2008-12-11 11:49:00,256.865,256.965,256.765,256.765,7
2008-12-11 11:50:00,257.065,257.166,256.765,256.765,10
2008-12-11 11:51:00,257.166,257.266,257.015,257.115,14
2008-12-11 11:52:00,257.266,257.316,257.115,257.115,7
2008-12-11 11:53:00,257.366,257.366,257.216,257.316,5
2008-12-11 11:54:00,257.416,257.516,257.316,257.316,7
2008-12-11 11:55:00,257.416,257.416,257.165,257.366,11
2008-12-11 11:56:00,257.165,257.366,257.165,257.366,7
2008-12-11 11:57:00,257.265,257.316,257.115,257.115,10
2008-12-11 11:58:00,257.015,257.215,257.015,257.165,5
2008-12-11 11:59:00,257.265,257.265,256.965,257.065,13
2008-12-11 12:00:00,256.964,257.215,256.964,257.115,10
2008-12-11 12:01:00,256.764,257.065,256.764,256.864,13
2008-12-11 12:02:00,256.764,256.864,256.714,256.864,12
2008-12-11 12:03:00,256.714,256.714,256.513,256.714,10
2008-12-11 12:04:00,256.463,256.613,256.463,256.613,4
2008-12-11 12:05:00,256.363,256.413,256.313,256.413,8
2008-12-11 12:06:00,256.363,256.413,256.363,256.413,2
2008-12-11 12:07:00,256.312,256.413,256.212,256.413,7
2008-12-11 12:08:00,256.362,256.413,256.262,256.363,14
2008-12-11 12:09:00,256.212,256.413,256.112,256.162,22
2008-12-11 12:10:00,255.911,256.212,255.861,256.162,15
2008-12-11 12:11:00,256.011,256.162,255.911,255.961,10
2008-12-11 12:12:00,255.961,255.961,255.911,255.961,3
2008-12-11 12:13:00,255.861,256.011,255.761,256.011,6
2008-12-11 12:14:00,256.011,256.061,255.761,255.811,15
2008-12-11 12:15:00,255.961,256.011,255.811,255.961,9
2008-12-11 12:16:00,256.061,256.061,255.961,256.011,4
2008-12-11 12:17:00,255.961,255.961,255.861,255.961,5
2008-12-11 12:18:00,255.861,255.961,255.861,255.911,4
2008-12-11 12:19:00,256.011,256.011,255.76,255.81,6
2008-12-11 12:20:00,255.961,255.961,255.81,255.961,4
2008-12-11 12:21:00,255.81,255.81,255.81,255.81,1
2008-12-11 12:22:00,255.961,255.961,255.86,255.86,3
2008-12-11 12:23:00,255.86,255.91,255.86,255.86,3
2008-12-11 12:24:00,255.81,255.91,255.71,255.91,5
2008-12-11 12:25:00,255.81,255.91,255.76,255.91,3
2008-12-11 12:26:00,255.66,255.86,255.509,255.86,16
2008-12-11 12:27:00,255.409,255.61,255.409,255.61,12
2008-12-11 12:28:00,255.459,255.559,255.259,255.359,24
2008-12-11 12:29:00,255.659,255.659,255.309,255.559,14
2008-12-11 12:30:00,255.409,255.559,255.359,255.559,14
2008-12-11 12:31:00,255.208,255.359,255.208,255.309,11
2008-12-11 12:32:00,255.258,255.359,255.158,255.158,13
2008-12-11 12:33:00,255.308,255.359,255.258,255.308,5
2008-12-11 12:34:00,255.308,255.358,255.258,255.358,6
2008-12-11 12:35:00,255.308,255.459,255.158,255.258,22
2008-12-11 12:36:00,255.258,255.308,255.158,255.258,10
2008-12-11 12:37:00,255.258,255.258,255.208,255.208,2
2008-12-11 12:38:00,255.458,255.458,255.258,255.308,13
2008-12-11 12:39:00,255.659,255.659,255.458,255.509,19
2008-12-11 12:40:00,255.559,255.709,255.559,255.609,7
2008-12-11 12:41:00,255.508,255.559,255.458,255.508,8
2008-12-11 12:42:00,255.558,255.558,255.458,255.458,3
2008-12-11 12:43:00,255.609,255.609,255.458,255.508,4
2008-12-11 12:44:00,255.659,255.759,255.609,255.659,11
2008-12-11 12:45:00,255.709,255.859,255.558,255.608,13
2008-12-11 12:46:00,255.959,255.959,255.709,255.809,23
2008-12-11 12:47:00,256.059,256.06,255.859,256.06,15
2008-12-11 12:48:00,256.26,256.31,256.11,256.11,10
2008-12-11 12:49:00,256.059,256.36,256.059,256.36,7
2008-12-11 12:50:00,255.809,255.959,255.558,255.959,29
2008-12-11 12:51:00,255.708,255.708,255.558,255.708,7
2008-12-11 12:52:00,255.458,255.558,255.408,255.558,4
2008-12-11 12:53:00,255.508,255.658,255.357,255.357,13
2008-12-11 12:54:00,255.658,255.708,255.458,255.458,10
2008-12-11 12:55:00,255.458,255.658,255.458,255.608,9
2008-12-11 12:56:00,255.558,255.558,255.508,255.508,2
2008-12-11 12:57:00,255.708,255.858,255.558,255.658,12
2008-12-11 12:58:00,255.808,255.909,255.658,255.658,13
2008-12-11 12:59:00,255.658,255.758,255.558,255.708,6
2008-12-11 13:00:00,255.457,255.708,255.457,255.708,7
2008-12-11 13:01:00,255.407,255.507,255.357,255.507,11
2008-12-11 13:02:00,255.257,255.307,255.257,255.307,2
2008-12-11 13:03:00,255.156,255.357,255.006,255.357,16
2008-12-11 13:04:00,255.056,255.156,255.006,255.106,9
2008-12-11 13:05:00,255.156,255.156,255.056,255.106,5
2008-12-11 13:06:00,255.206,255.256,255.056,255.206,8
2008-12-11 13:07:00,255.206,255.206,255.106,255.156,3
2008-12-11 13:08:00,255.407,255.407,255.256,255.256,9
2008-12-11 13:09:00,255.356,255.356,255.156,255.256,11
2008-12-11 13:10:00,255.256,255.256,255.106,255.256,6
2008-12-11 13:11:00,255.306,255.306,255.306,255.306,1
2008-12-11 13:12:00,255.055,255.156,254.955,255.156,10
2008-12-11 13:13:00,255.106,255.106,255.005,255.106,4
2008-12-11 13:14:00,255.206,255.356,255.156,255.256,11
2008-12-11 13:15:00,255.005,255.106,254.855,255.106,21
2008-12-11 13:16:00,254.905,255.105,254.855,254.905,14
2008-12-11 13:17:00,255.005,255.055,254.805,254.855,9
2008-12-11 13:18:00,255.105,255.306,254.905,254.955,21
2008-12-11 13:19:00,255.155,255.256,255.055,255.155,18
2008-12-11 13:20:00,255.005,255.055,254.955,255.005,4
2008-12-11 13:21:00,255.155,255.205,255.055,255.105,8
2008-12-11 13:22:00,255.005,255.055,255.005,255.055,4
2008-12-11 13:23:00,254.955,254.955,254.955,254.955,1
2008-12-11 13:24:00,254.904,254.904,254.904,254.904,1
2008-12-11 13:25:00,254.904,254.904,254.754,254.854,8
2008-12-11 13:26:00,254.904,254.954,254.804,254.804,6
2008-12-11 13:27:00,254.754,254.904,254.754,254.854,6
2008-12-11 13:28:00,254.804,254.854,254.704,254.854,8
2008-12-11 13:29:00,254.854,254.904,254.854,254.904,2
2008-12-11 13:30:00,254.553,254.854,254.252,254.754,95
2008-12-11 13:31:00,254.202,254.653,254.102,254.603,33
2008-12-11 13:32:00,254.252,254.403,254.052,254.152,34
2008-12-11 13:33:00,253.851,254.102,253.601,254.102,75
2008-12-11 13:34:00,253.55,253.901,253.35,253.901,54
2008-12-11 13:35:00,253.55,253.751,253.4,253.5,45
2008-12-11 13:36:00,253.6,253.801,253.45,253.6,32
2008-12-11 13:37:00,253.65,253.901,253.6,253.651,21
2008-12-11 13:38:00,253.851,253.901,253.45,253.701,29
2008-12-11 13:39:00,253.751,254.152,253.751,253.901,40
2008-12-11 13:40:00,253.7,253.901,253.6,253.801,24
2008-12-11 13:41:00,253.6,253.801,253.55,253.751,18
2008-12-11 13:42:00,253.4,253.65,253.299,253.65,12
2008-12-11 13:43:00,253.349,253.55,253.349,253.45,14
2008-12-11 13:44:00,252.948,253.55,252.898,253.4,36
2008-12-11 13:45:00,253.199,253.249,252.848,252.898,67
2008-12-11 13:46:00,253.249,253.349,253.149,253.249,17
2008-12-11 13:47:00,253.449,253.449,253.249,253.299,13
2008-12-11 13:48:00,253.399,253.449,253.299,253.399,9
2008-12-11 13:49:00,253.349,253.449,253.149,253.299,23
2008-12-11 13:50:00,253.349,253.349,253.199,253.299,8
2008-12-11 13:51:00,253.549,253.65,253.299,253.299,16
2008-12-11 13:52:00,253.499,253.549,253.299,253.499,15
2008-12-11 13:53:00,253.8,253.8,253.549,253.549,20
2008-12-11 13:54:00,253.95,253.95,253.75,253.75,11
2008-12-11 13:55:00,254.051,254.151,253.9,254.0,14
2008-12-11 13:56:00,254.151,254.151,254.05,254.101,14
2008-12-11 13:57:00,254.251,254.251,254.101,254.101,14
2008-12-11 13:58:00,254.251,254.301,254.151,254.301,5
2008-12-11 13:59:00,254.1,254.201,253.9,254.201,14
2008-12-11 14:00:00,253.749,254.0,253.649,254.0,26
2008-12-11 14:01:00,253.85,253.9,253.699,253.699,8
2008-12-11 14:02:00,254.2,254.251,253.85,253.9,30
2008-12-11 14:03:00,254.401,254.451,253.95,254.1,14
2008-12-11 14:04:00,254.351,254.501,254.2,254.351,17
2008-12-11 14:05:00,254.401,254.601,254.351,254.401,20
2008-12-11 14:06:00,254.401,254.551,254.301,254.451,19
2008-12-11 14:07:00,253.849,254.401,253.849,254.351,19
2008-12-11 14:08:00,253.899,253.95,253.749,253.749,11
2008-12-11 14:09:00,254.15,254.15,253.949,253.949,11
2008-12-11 14:10:00,253.949,254.1,253.949,254.1,9
2008-12-11 14:11:00,253.699,253.949,253.649,253.899,13
2008-12-11 14:12:00,253.799,253.849,253.749,253.749,7
2008-12-11 14:13:00,253.699,253.949,253.699,253.899,18
2008-12-11 14:14:00,253.799,253.799,253.699,253.749,6
2008-12-11 14:15:00,253.799,253.849,253.699,253.699,8
2008-12-11 14:16:00,253.899,253.999,253.849,253.849,5
2008-12-11 14:17:00,254.099,254.099,253.999,254.049,5
2008-12-11 14:18:00,254.149,254.15,254.049,254.15,4
2008-12-11 14:19:00,254.099,254.149,254.099,254.099,3
2008-12-11 14:20:00,254.099,254.149,254.099,254.149,2
2008-12-11 14:21:00,254.149,254.149,254.099,254.149,3
2008-12-11 14:22:00,253.798,254.199,253.798,254.199,13
2008-12-11 14:23:00,253.698,253.899,253.648,253.748,8
2008-12-11 14:24:00,253.598,253.798,253.598,253.798,6
2008-12-11 14:25:00,253.698,254.049,253.648,253.648,24
2008-12-11 14:26:00,253.898,253.949,253.698,253.748,11
2008-12-11 14:27:00,253.848,253.848,253.848,253.848,1
2008-12-11 14:28:00,253.698,253.898,253.598,253.898,13
2008-12-11 14:29:00,253.748,253.798,253.447,253.648,18
2008-12-11 14:30:00,253.497,253.698,253.347,253.698,19
2008-12-11 14:31:00,253.798,253.998,253.547,253.547,17
2008-12-11 14:32:00,253.246,253.848,253.196,253.848,30
2008-12-11 14:33:00,252.996,253.196,252.845,253.196,26
2008-12-11 14:34:00,253.296,253.347,252.645,253.096,46
2008-12-11 14:35:00,253.146,253.296,253.046,253.246,30
2008-12-11 14:36:00,253.447,253.597,253.246,253.246,24
2008-12-11 14:37:00,253.848,253.898,253.447,253.497,17
2008-12-11 14:38:00,253.747,253.898,253.497,253.898,32
2008-12-11 14:39:00,254.148,254.449,253.697,253.697,29
2008-12-11 14:40:00,254.248,254.7,254.198,254.198,36
2008-12-11 14:41:00,254.349,254.399,254.248,254.299,16
2008-12-11 14:42:00,254.148,254.449,254.148,254.449,12
2008-12-11 14:43:00,253.948,254.098,253.647,254.098,24
2008-12-11 14:44:00,254.349,254.399,253.897,253.897,15
2008-12-11 14:45:00,255.0,255.1,254.449,254.449,28
2008-12-11 14:46:00,254.95,255.05,254.85,254.95,19
2008-12-11 14:47:00,255.551,255.602,254.95,255.0,39
2008-12-11 14:48:00,255.702,255.752,255.601,255.602,19
2008-12-11 14:49:00,255.551,255.852,255.451,255.752,23
2008-12-11 14:50:00,255.702,255.752,255.351,255.601,22
2008-12-11 14:51:00,255.952,256.002,255.651,255.752,33
2008-12-11 14:52:00,256.052,256.153,255.752,256.002,27
2008-12-11 14:53:00,255.752,256.303,255.752,256.002,31
2008-12-11 14:54:00,255.601,255.852,255.551,255.802,17
2008-12-11 14:55:00,255.802,255.802,255.501,255.651,13
2008-12-11 14:56:00,255.751,255.852,255.651,255.852,5
2008-12-11 14:57:00,255.35,255.701,255.35,255.701,15
2008-12-11 14:58:00,255.35,255.551,255.15,255.25,21
2008-12-11 14:59:00,255.551,255.952,255.4,255.4,54
2008-12-11 15:00:00,255.902,256.102,255.651,255.651,19
2008-12-11 15:01:00,255.35,255.801,255.2,255.801,27
2008-12-11 15:02:00,255.601,255.601,255.25,255.3,16
2008-12-11 15:03:00,255.851,255.851,255.651,255.651,15
2008-12-11 15:04:00,255.751,256.052,255.751,255.952,19
2008-12-11 15:05:00,255.4,255.701,255.2,255.651,25
2008-12-11 15:06:00,255.6,255.701,255.149,255.45,26
2008-12-11 15:07:00,255.4,255.851,255.199,255.651,45
2008-12-11 15:08:00,255.149,255.701,255.149,255.5,28
2008-12-11 15:09:00,255.801,255.901,255.149,255.249,44
2008-12-11 15:10:00,255.6,255.801,255.5,255.701,32
2008-12-11 15:11:00,255.851,255.851,255.55,255.55,23
2008-12-11 15:12:00,256.202,256.302,255.901,255.901,30
2008-12-11 15:13:00,256.051,256.252,255.75,256.152,42
2008-12-11 15:14:00,256.202,256.202,255.901,255.951,17
2008-12-11 15:15:00,255.951,256.402,255.901,256.151,29
2008-12-11 15:16:00,255.7,255.901,255.45,255.901,20
2008-12-11 15:17:00,255.901,256.001,255.6,255.75,18
2008-12-11 15:18:00,256.402,256.452,255.8,255.85,18
2008-12-11 15:19:00,256.602,256.602,256.151,256.352,26
2008-12-11 15:20:00,257.103,257.154,256.652,256.652,31
2008-12-11 15:21:00,257.103,257.354,257.053,257.053,29
2008-12-11 15:22:00,257.605,257.655,257.053,257.053,29
2008-12-11 15:23:00,257.655,257.805,257.254,257.555,34
2008-12-11 15:24:00,257.655,257.805,257.554,257.705,31
2008-12-11 15:25:00,257.905,257.955,257.605,257.705,33
2008-12-11 15:26:00,257.755,257.955,257.655,257.955,18
2008-12-11 15:27:00,257.755,258.056,257.604,257.855,56
2008-12-11 15:28:00,257.805,258.106,257.705,257.705,43
2008-12-11 15:29:00,257.705,258.005,257.705,257.705,40
2008-12-11 15:30:00,257.704,257.855,257.554,257.755,33
2008-12-11 15:31:00,257.805,257.855,257.604,257.654,21
2008-12-11 15:32:00,257.504,257.855,257.454,257.755,35
2008-12-11 15:33:00,257.754,258.005,257.504,257.554,40
2008-12-11 15:34:00,258.155,258.306,257.704,257.704,29
2008-12-11 15:35:00,258.256,258.556,257.955,258.105,46
2008-12-11 15:36:00,257.905,258.356,257.905,258.306,26
2008-12-11 15:37:00,257.905,258.105,257.905,258.005,9
2008-12-11 15:38:00,258.055,258.105,257.955,257.955,10
2008-12-11 15:39:00,258.005,258.055,257.654,257.904,25
2008-12-11 15:40:00,257.553,258.005,257.503,257.955,19
2008-12-11 15:41:00,257.152,257.754,257.052,257.453,51
2008-12-11 15:42:00,256.801,257.203,256.751,257.203,21
2008-12-11 15:43:00,257.102,257.102,256.701,256.852,26
2008-12-11 15:44:00,257.253,257.303,257.002,257.052,18
2008-12-11 15:45:00,257.002,257.202,256.751,257.152,28
2008-12-11 15:46:00,257.353,257.503,256.801,256.952,33
2008-12-11 15:47:00,256.952,257.252,256.851,257.252,33
2008-12-11 15:48:00,257.252,257.353,256.901,256.901,27
2008-12-11 15:49:00,257.152,257.202,257.152,257.202,2
2008-12-11 15:50:00,257.302,257.352,257.202,257.202,12
2008-12-11 15:51:00,257.152,257.302,257.152,257.252,7
2008-12-11 15:52:00,256.901,257.152,256.851,257.102,14
2008-12-11 15:53:00,256.751,256.901,256.651,256.801,26
2008-12-11 15:54:00,256.901,256.951,256.751,256.801,17
2008-12-11 15:55:00,256.901,256.951,256.851,256.951,5
2008-12-11 15:56:00,256.901,257.001,256.901,256.951,4
2008-12-11 15:57:00,257.051,257.051,256.901,256.951,8
2008-12-11 15:58:00,257.252,257.302,257.101,257.101,22
2008-12-11 15:59:00,257.101,257.352,257.001,257.302,17
2008-12-11 16:00:00,257.101,257.252,257.101,257.151,14
2008-12-11 16:01:00,257.151,257.151,257.151,257.151,1
2008-12-11 16:02:00,256.901,257.101,256.85,257.051,11
2008-12-11 16:03:00,256.5,256.951,256.5,256.951,21
2008-12-11 16:04:00,255.998,256.6,255.998,256.6,28
2008-12-11 16:05:00,256.199,256.249,256.048,256.048,11
2008-12-11 16:06:00,256.349,256.399,256.149,256.149,19
2008-12-11 16:07:00,256.499,256.499,256.299,256.299,12
2008-12-11 16:08:00,256.549,256.65,256.449,256.449,9
2008-12-11 16:09:00,256.449,256.65,256.449,256.599,15
2008-12-11 16:10:00,256.8,256.85,256.449,256.549,16
2008-12-11 16:11:00,256.95,257.151,256.75,256.75,25
2008-12-11 16:12:00,257.151,257.201,256.85,256.9,16
2008-12-11 16:13:00,257.1,257.251,257.1,257.201,13
2008-12-11 16:14:00,257.201,257.251,257.0,257.05,9
2008-12-11 16:15:00,256.9,257.301,256.749,257.301,22
2008-12-11 16:16:00,256.599,256.9,256.499,256.85,17
2008-12-11 16:17:00,256.549,256.9,256.549,256.549,24
2008-12-11 16:18:00,256.549,256.699,256.449,256.649,23
2008-12-11 16:19:00,256.499,256.649,256.398,256.599,22
2008-12-11 16:20:00,256.649,256.749,256.448,256.549,18
2008-12-11 16:21:00,256.95,257.0,256.599,256.749,20
2008-12-11 16:22:00,256.749,257.05,256.749,257.0,19
2008-12-11 16:23:00,256.549,256.799,256.549,256.799,16
2008-12-11 16:24:00,255.997,256.448,255.997,256.448,22
2008-12-11 16:25:00,256.298,256.398,255.947,255.947,16
2008-12-11 16:26:00,256.248,256.398,256.147,256.348,16
2008-12-11 16:27:00,256.248,256.298,256.147,256.298,9
2008-12-11 16:28:00,255.897,256.147,255.897,256.147,14
2008-12-11 16:29:00,255.596,255.947,255.596,255.947,27
2008-12-11 16:30:00,256.097,256.097,255.496,255.546,32
2008-12-11 16:31:00,255.997,256.047,255.796,255.997,17
2008-12-11 16:32:00,255.997,256.097,255.997,256.047,6
2008-12-11 16:33:00,255.195,256.047,255.195,255.946,30
2008-12-11 16:34:00,255.044,255.395,254.543,255.245,32
2008-12-11 16:35:00,255.094,255.395,254.693,255.094,23
2008-12-11 16:36:00,255.144,255.194,255.044,255.044,6
2008-12-11 16:37:00,255.094,255.244,255.044,255.244,14
2008-12-11 16:38:00,255.244,255.244,254.894,254.994,10
2008-12-11 16:39:00,255.545,255.545,254.944,255.044,18
2008-12-11 16:40:00,255.545,255.595,255.545,255.595,4
2008-12-11 16:41:00,255.445,255.645,255.395,255.595,8
2008-12-11 16:42:00,255.595,255.595,255.545,255.545,2
2008-12-11 16:43:00,255.846,255.846,255.645,255.695,6
2008-12-11 16:44:00,255.645,255.946,255.645,255.896,8
2008-12-11 16:45:00,255.745,255.846,255.595,255.695,5
2008-12-11 16:46:00,255.545,255.645,255.495,255.645,5
2008-12-11 16:47:00,255.595,255.645,255.294,255.495,5
2008-12-11 16:48:00,255.946,255.946,255.645,255.645,4
2008-12-11 16:49:00,255.946,255.996,255.946,255.996,2
2008-12-11 16:50:00,255.895,255.895,255.895,255.895,1
2008-12-11 16:51:00,255.845,255.845,255.795,255.795,2
2008-12-11 16:52:00,255.895,255.945,255.845,255.895,4
2008-12-11 16:54:00,255.795,255.795,255.795,255.795,1
2008-12-11 16:55:00,256.045,256.045,255.845,255.845,2
2008-12-11 16:56:00,255.845,255.895,255.845,255.895,2
2008-12-11 16:57:00,255.995,255.995,255.945,255.945,2
2008-12-11 16:58:00,256.146,256.146,256.045,256.045,2
2008-12-11 16:59:00,256.296,256.346,256.246,256.246,3
2008-12-11 17:00:00,256.196,256.246,256.196,256.246,2
2008-12-11 17:01:00,256.145,256.145,256.145,256.145,1
2008-12-11 17:02:00,256.596,256.596,256.346,256.346,4
2008-12-11 17:03:00,256.647,256.647,256.647,256.647,1
2008-12-11 17:04:00,256.847,256.847,256.747,256.747,3
2008-12-11 17:05:00,256.697,256.697,256.697,256.697,1
2008-12-11 17:07:00,256.747,256.747,256.747,256.747,1
2008-12-11 17:08:00,256.646,256.646,256.596,256.646,3
2008-12-11 17:09:00,256.947,256.947,256.797,256.797,2
2008-12-11 17:10:00,257.097,257.097,256.997,256.997,2
2008-12-11 17:11:00,257.047,257.047,257.047,257.047,1
2008-12-11 17:14:00,256.846,257.097,256.846,256.846,6
2008-12-12 07:00:00,243.017,244.721,242.466,244.721,32
2008-12-12 07:01:00,243.117,243.368,242.917,243.067,10
2008-12-12 07:02:00,243.418,243.418,243.117,243.168,4
2008-12-12 07:03:00,243.869,243.869,243.468,243.468,8
2008-12-12 07:04:00,244.12,244.571,243.969,243.969,15
2008-12-12 07:05:00,244.47,244.47,244.069,244.17,13
2008-12-12 07:06:00,243.819,244.27,243.819,244.27,9
2008-12-12 07:07:00,243.769,243.819,243.618,243.769,21
2008-12-12 07:08:00,243.869,243.869,243.518,243.719,12
2008-12-12 07:09:00,244.119,244.119,243.618,243.819,13
2008-12-12 07:10:00,244.019,244.119,243.718,243.819,23
2008-12-12 07:11:00,243.768,244.069,243.668,244.069,4
2008-12-12 07:12:00,243.768,243.768,243.668,243.668,2
2008-12-12 07:15:00,243.518,243.768,243.468,243.668,4
2008-12-12 07:16:00,243.768,243.768,243.618,243.618,4
2008-12-12 07:17:00,243.718,243.768,243.668,243.668,4
2008-12-12 07:18:00,243.818,243.818,243.618,243.668,6
2008-12-12 07:19:00,243.768,243.968,243.768,243.918,3
2008-12-12 07:20:00,243.668,243.768,243.618,243.618,4
2008-12-12 07:21:00,243.718,243.718,243.567,243.618,4
2008-12-12 07:22:00,243.818,243.818,243.467,243.467,6
2008-12-12 07:23:00,243.567,243.768,243.467,243.768,5
2008-12-12 07:24:00,243.718,243.718,243.718,243.718,1
2008-12-12 07:25:00,243.667,243.667,243.667,243.667,1
2008-12-12 07:26:00,243.868,243.868,243.768,243.768,3
2008-12-12 07:27:00,243.467,243.968,243.467,243.968,6
2008-12-12 07:28:00,243.166,243.316,243.166,243.216,5
2008-12-12 07:29:00,243.316,243.316,243.266,243.266,2
2008-12-12 07:30:00,243.166,243.166,243.166,243.166,1
2008-12-12 07:31:00,243.266,243.266,243.116,243.266,3
2008-12-12 07:32:00,243.467,243.467,243.366,243.366,2
2008-12-12 07:33:00,243.617,243.667,243.567,243.567,4
2008-12-12 07:34:00,243.968,244.018,243.567,243.567,11
2008-12-12 07:35:00,243.867,243.867,243.667,243.767,5
2008-12-12 07:36:00,244.068,244.068,243.968,243.968,5
2008-12-12 07:37:00,244.068,244.068,244.018,244.018,2
2008-12-12 07:38:00,243.767,244.018,243.717,244.018,5
2008-12-12 07:39:00,243.667,243.667,243.667,243.667,1
2008-12-12 07:40:00,243.065,243.566,243.065,243.566,6
2008-12-12 07:41:00,243.165,243.165,242.965,242.965,3
2008-12-12 07:42:00,243.115,243.115,243.115,243.115,1
2008-12-12 07:43:00,243.065,243.065,243.065,243.065,1
2008-12-12 07:44:00,243.316,243.516,243.115,243.115,4
2008-12-12 07:45:00,242.915,243.065,242.915,243.065,7
2008-12-12 07:46:00,242.664,242.864,242.664,242.864,3
2008-12-12 07:47:00,242.564,242.915,242.413,242.864,21
2008-12-12 07:48:00,242.564,242.564,242.313,242.413,4
2008-12-12 07:49:00,242.714,242.714,242.664,242.664,2
2008-12-12 07:50:00,242.463,242.564,242.463,242.463,3
2008-12-12 07:51:00,242.463,242.564,242.463,242.564,2
2008-12-12 07:52:00,242.563,242.563,242.313,242.363,3
2008-12-12 07:53:00,242.764,242.764,242.714,242.714,2
2008-12-12 07:54:00,243.014,243.014,242.964,242.964,2
2008-12-12 07:55:00,242.964,243.165,242.964,243.165,2
2008-12-12 07:56:00,243.064,243.064,242.914,242.914,4
2008-12-12 07:57:00,243.165,243.265,243.114,243.114,6
2008-12-12 07:58:00,243.565,243.565,243.114,243.215,14
2008-12-12 07:59:00,243.415,243.716,243.315,243.666,23
2008-12-12 08:00:00,242.463,244.217,241.06,243.365,179
2008-12-12 08:01:00,242.563,243.014,242.012,242.563,89
2008-12-12 08:02:00,242.663,242.813,242.563,242.613,67
2008-12-12 08:03:00,242.162,242.713,242.162,242.613,62
2008-12-12 08:04:00,242.362,242.463,242.012,242.212,41
2008-12-12 08:05:00,242.312,242.462,242.162,242.312,38
2008-12-12 08:06:00,242.412,242.713,242.312,242.362,38
2008-12-12 08:07:00,242.412,242.512,242.312,242.462,32
2008-12-12 08:08:00,242.462,242.663,242.312,242.462,41
2008-12-12 08:09:00,242.663,242.763,242.362,242.512,53
2008-12-12 08:10:00,243.214,243.314,242.713,242.763,70
2008-12-12 08:11:00,243.865,243.966,243.164,243.164,83
2008-12-12 08:12:00,244.016,244.016,243.464,243.815,83
2008-12-12 08:13:00,244.266,244.467,243.915,243.966,70
2008-12-12 08:14:00,244.066,244.567,243.915,244.166,55
2008-12-12 08:15:00,243.564,244.016,243.464,243.965,81
2008-12-12 08:16:00,243.665,243.765,243.464,243.615,46
2008-12-12 08:17:00,244.366,244.366,243.665,243.815,35
2008-12-12 08:18:00,244.667,244.867,244.216,244.316,35
2008-12-12 08:19:00,244.667,244.917,244.617,244.717,25
2008-12-12 08:20:00,244.867,244.917,244.567,244.717,42
2008-12-12 08:21:00,244.516,244.917,244.466,244.817,54
2008-12-12 08:22:00,244.617,244.867,244.516,244.617,40
2008-12-12 08:23:00,244.767,244.867,244.617,244.667,25
2008-12-12 08:24:00,244.917,245.218,244.767,244.817,40
2008-12-12 08:25:00,245.118,245.268,244.967,245.017,23
2008-12-12 08:26:00,245.268,245.468,245.067,245.218,77
2008-12-12 08:27:00,245.168,245.318,244.817,245.318,39
2008-12-12 08:28:00,245.168,245.218,244.967,245.117,30
2008-12-12 08:29:00,245.418,245.418,245.167,245.218,22
2008-12-12 08:30:00,245.167,245.418,245.117,245.318,29
2008-12-12 08:31:00,244.867,245.117,244.666,245.117,28
2008-12-12 08:32:00,244.616,244.917,244.566,244.917,21
2008-12-12 08:33:00,244.516,244.867,244.365,244.566,44
2008-12-12 08:34:00,244.065,244.566,244.065,244.466,52
2008-12-12 08:35:00,244.165,244.265,243.914,244.115,32
2008-12-12 08:36:00,244.014,244.265,244.014,244.115,18
2008-12-12 08:37:00,244.315,244.365,244.065,244.065,17
2008-12-12 08:38:00,244.566,244.666,244.265,244.365,31
2008-12-12 08:39:00,244.415,244.616,244.315,244.616,27
2008-12-12 08:40:00,244.465,244.616,244.415,244.465,23
2008-12-12 08:41:00,244.816,244.816,244.465,244.515,16
2008-12-12 08:42:00,245.217,245.367,244.816,244.866,35
2008-12-12 08:43:00,245.367,245.367,244.716,245.167,31
2008-12-12 08:44:00,245.417,245.568,245.167,245.417,45
2008-12-12 08:45:00,245.267,245.317,245.167,245.317,10
2008-12-12 08:46:00,245.367,245.367,245.066,245.167,8
2008-12-12 08:47:00,245.968,246.069,245.317,245.417,32
2008-12-12 08:48:00,246.62,246.62,245.968,246.018,48
2008-12-12 08:49:00,246.419,246.67,246.319,246.67,54
2008-12-12 08:50:00,246.57,246.57,246.369,246.469,39
2008-12-12 08:51:00,246.67,246.82,246.57,246.62,34
2008-12-12 08:52:00,246.82,246.97,246.62,246.72,56
2008-12-12 08:53:00,246.519,246.82,246.269,246.77,59
2008-12-12 08:54:00,246.168,246.469,246.068,246.469,38
2008-12-12 08:55:00,245.918,246.168,245.818,246.118,25
2008-12-12 08:56:00,246.068,246.519,245.868,245.868,41
2008-12-12 08:57:00,245.968,246.168,245.918,246.118,31
2008-12-12 08:58:00,245.717,245.968,245.567,245.918,20
2008-12-12 08:59:00,245.767,245.767,245.467,245.617,30
2008-12-12 09:00:00,245.166,245.717,245.116,245.717,47
2008-12-12 09:01:00,245.116,245.216,245.015,245.116,16
2008-12-12 09:02:00,245.065,245.166,244.965,245.065,22
2008-12-12 09:03:00,245.216,245.216,245.065,245.116,32
2008-12-12 09:04:00,245.015,245.316,245.015,245.266,21
2008-12-12 09:05:00,245.015,245.216,244.714,245.065,56
2008-12-12 09:06:00,244.965,245.015,244.765,244.965,20
2008-12-12 09:07:00,244.865,244.965,244.865,244.865,7
2008-12-12 09:08:00,245.015,245.065,244.815,244.915,24
2008-12-12 09:09:00,245.466,245.466,245.015,245.065,31
2008-12-12 09:10:00,245.366,245.416,245.215,245.416,24
2008-12-12 09:11:00,245.867,245.967,245.366,245.416,27
2008-12-12 09:12:00,245.566,246.067,245.566,245.817,45
2008-12-12 09:13:00,245.766,245.766,245.516,245.516,11
2008-12-12 09:14:00,245.716,245.867,245.165,245.817,53
2008-12-12 09:15:00,245.566,245.716,245.466,245.666,17
2008-12-12 09:16:00,245.415,245.566,245.365,245.516,12
2008-12-12 09:17:00,245.566,245.816,245.415,245.466,26
2008-12-12 09:18:00,245.766,246.317,245.516,245.516,50
2008-12-12 09:19:00,245.415,245.716,245.265,245.716,20
2008-12-12 09:20:00,246.067,246.067,245.465,245.465,30
2008-12-12 09:21:00,246.468,246.618,246.067,246.167,26
2008-12-12 09:22:00,246.217,246.618,246.217,246.568,40
2008-12-12 09:23:00,246.067,246.167,246.016,246.167,16
2008-12-12 09:24:00,245.966,246.067,245.916,246.016,7
2008-12-12 09:25:00,245.866,245.966,245.666,245.916,44
2008-12-12 09:26:00,245.866,246.066,245.816,245.816,15
2008-12-12 09:27:00,245.916,246.016,245.866,245.916,8
2008-12-12 09:28:00,245.816,245.866,245.465,245.866,25
2008-12-12 09:29:00,245.715,245.816,245.615,245.766,12
2008-12-12 09:30:00,245.665,245.766,245.565,245.665,21
2008-12-12 09:31:00,245.715,245.916,245.665,245.715,18
2008-12-12 09:32:00,245.916,246.016,245.866,245.866,18
2008-12-12 09:33:00,246.066,246.116,245.966,246.016,8
2008-12-12 09:34:00,246.066,246.066,246.016,246.016,2
2008-12-12 09:35:00,246.116,246.266,246.116,246.116,9
2008-12-12 09:36:00,245.865,246.166,245.865,246.166,10
2008-12-12 09:37:00,245.815,245.966,245.765,245.966,10
2008-12-12 09:38:00,246.166,246.166,245.865,245.865,16
2008-12-12 09:39:00,246.417,246.417,245.966,246.216,27
2008-12-12 09:40:00,246.366,246.417,246.316,246.366,8
2008-12-12 09:41:00,246.316,246.517,246.266,246.416,14
2008-12-12 09:42:00,246.166,246.517,245.915,246.366,36
2008-12-12 09:43:00,246.166,246.266,245.865,246.116,54
2008-12-12 09:44:00,245.965,246.216,245.965,246.216,14
2008-12-12 09:45:00,246.366,246.366,246.015,246.015,27
2008-12-12 09:46:00,246.216,246.416,246.166,246.166,23
2008-12-12 09:47:00,246.166,246.466,246.115,246.166,28
2008-12-12 09:48:00,245.714,246.166,245.614,246.065,42
2008-12-12 09:49:00,245.765,245.765,245.664,245.664,3
2008-12-12 09:50:00,245.514,245.764,245.514,245.714,12
2008-12-12 09:51:00,245.464,245.664,245.313,245.564,33
2008-12-12 09:52:00,245.113,245.414,245.113,245.414,21
2008-12-12 09:53:00,245.063,245.313,245.013,245.063,27
2008-12-12 09:54:00,245.213,245.263,244.962,245.113,25
2008-12-12 09:55:00,245.063,245.163,245.012,245.163,8
2008-12-12 09:56:00,245.313,245.313,244.962,245.113,16
2008-12-12 09:57:00,244.962,245.313,244.912,245.263,16
2008-12-12 09:58:00,244.912,245.062,244.812,244.912,18
2008-12-12 09:59:00,245.012,245.062,244.862,244.862,12
2008-12-12 10:00:00,244.912,245.012,244.561,244.912,32
2008-12-12 10:01:00,244.661,245.062,244.611,244.962,27
2008-12-12 10:02:00,244.411,244.762,244.31,244.762,29
2008-12-12 10:03:00,244.11,244.361,244.01,244.361,31
2008-12-12 10:04:00,244.01,244.661,243.859,244.16,91
2008-12-12 10:05:00,244.11,244.31,243.96,243.96,43
2008-12-12 10:06:00,244.511,244.611,244.06,244.21,38
2008-12-12 10:07:00,244.511,244.711,244.461,244.461,18
2008-12-12 10:08:00,244.41,244.561,244.31,244.561,18
2008-12-12 10:09:00,244.561,244.561,244.31,244.511,12
2008-12-12 10:10:00,244.561,244.561,244.46,244.46,5
2008-12-12 10:11:00,244.21,244.46,244.21,244.46,12
2008-12-12 10:12:00,244.26,244.26,244.16,244.26,6
2008-12-12 10:13:00,244.16,244.31,244.109,244.21,11
2008-12-12 10:14:00,244.41,244.41,244.21,244.26,6
2008-12-12 10:15:00,244.31,244.46,244.31,244.36,8
2008-12-12 10:16:00,244.31,244.41,244.26,244.36,15
2008-12-12 10:17:00,244.209,244.36,244.209,244.36,7
2008-12-12 10:18:00,244.059,244.26,244.059,244.109,9
2008-12-12 10:19:00,244.159,244.209,244.009,244.109,10
2008-12-12 10:20:00,244.009,244.109,243.959,244.009,6
2008-12-12 10:21:00,243.909,244.159,243.909,244.059,14
2008-12-12 10:22:00,243.808,243.909,243.658,243.858,17
2008-12-12 10:23:00,243.858,243.959,243.608,243.758,29
2008-12-12 10:24:00,243.708,243.858,243.608,243.808,15
2008-12-12 10:25:00,243.858,243.858,243.608,243.658,16
2008-12-12 10:26:00,243.908,244.109,243.858,243.908,11
2008-12-12 10:27:00,243.808,243.858,243.708,243.858,17
2008-12-12 10:28:00,243.808,243.858,243.658,243.758,22
2008-12-12 10:29:00,243.758,243.958,243.758,243.858,19
2008-12-12 10:30:00,243.607,243.908,243.607,243.808,21
2008-12-12 10:31:00,243.557,243.908,243.507,243.708,27
2008-12-12 10:32:00,243.607,243.657,243.557,243.607,4
2008-12-12 10:33:00,243.557,243.607,243.557,243.557,5
2008-12-12 10:34:00,243.457,243.657,243.457,243.507,10
2008-12-12 10:35:00,243.457,243.657,243.457,243.507,12
2008-12-12 10:36:00,243.407,243.507,243.356,243.507,8
2008-12-12 10:37:00,243.256,243.407,243.256,243.356,13
2008-12-12 10:38:00,243.356,243.406,243.156,243.356,26
2008-12-12 10:39:00,243.356,243.457,243.206,243.306,17
2008-12-12 10:40:00,243.306,243.406,243.306,243.406,5
2008-12-12 10:41:00,243.557,243.557,243.306,243.356,12
2008-12-12 10:42:00,243.907,243.957,243.557,243.607,19
2008-12-12 10:43:00,243.857,244.008,243.857,244.008,12
2008-12-12 10:44:00,244.007,244.008,243.907,243.907,7
2008-12-12 10:45:00,243.957,244.108,243.907,244.108,13
2008-12-12 10:46:00,243.957,244.058,243.907,243.907,9
2008-12-12 10:47:00,243.957,244.057,243.957,244.007,6
2008-12-12 10:48:00,243.857,243.957,243.757,243.907,14
2008-12-12 10:49:00,243.807,243.807,243.757,243.757,2
2008-12-12 10:50:00,243.556,243.757,243.556,243.757,11
2008-12-12 10:51:00,243.757,243.857,243.606,243.606,9
2008-12-12 10:52:00,243.706,243.907,243.706,243.807,8
2008-12-12 10:53:00,243.606,243.656,243.506,243.656,10
2008-12-12 10:54:00,243.305,243.656,243.255,243.556,13
2008-12-12 10:55:00,243.456,243.456,243.305,243.406,6
2008-12-12 10:56:00,243.155,243.355,243.105,243.305,10
2008-12-12 10:57:00,242.804,243.205,242.754,243.205,50
2008-12-12 10:58:00,242.804,242.904,242.654,242.754,17
2008-12-12 10:59:00,242.603,242.754,242.553,242.754,12
2008-12-12 11:00:00,242.052,242.503,241.952,242.503,66
2008-12-12 11:01:00,242.002,242.152,241.802,242.102,31
2008-12-12 11:02:00,241.801,242.102,241.801,242.052,24
2008-12-12 11:03:00,241.852,241.902,241.651,241.852,41
2008-12-12 11:04:00,241.852,241.902,241.651,241.801,32
2008-12-12 11:05:00,242.052,242.102,241.902,241.952,29
2008-12-12 11:06:00,242.002,242.252,241.952,242.102,20
2008-12-12 11:07:00,241.701,242.102,241.651,241.952,29
2008-12-12 11:08:00,241.2,241.801,241.2,241.651,65
2008-12-12 11:09:00,240.999,241.3,240.999,241.15,34
2008-12-12 11:10:00,241.099,241.3,240.949,241.049,35
2008-12-12 11:11:00,241.049,241.15,240.949,241.049,24
2008-12-12 11:12:00,241.049,241.3,240.899,240.999,28
2008-12-12 11:13:00,241.099,241.099,240.949,241.099,11
2008-12-12 11:14:00,241.099,241.2,240.999,241.149,22
2008-12-12 11:15:00,241.35,241.4,241.099,241.149,19
2008-12-12 11:16:00,241.3,241.4,241.149,241.4,25
2008-12-12 11:17:00,241.249,241.35,241.149,241.249,21
2008-12-12 11:18:00,241.049,241.3,240.899,241.199,23
2008-12-12 11:19:00,241.299,241.299,241.099,241.099,5
2008-12-12 11:20:00,241.75,241.75,241.35,241.35,16
2008-12-12 11:21:00,242.201,242.252,241.65,241.65,34
2008-12-12 11:22:00,242.402,242.502,241.951,242.252,35
2008-12-12 11:23:00,242.302,242.352,242.251,242.302,7
2008-12-12 11:24:00,242.051,242.302,242.001,242.251,19
2008-12-12 11:25:00,242.251,242.301,242.051,242.101,19
2008-12-12 11:26:00,242.201,242.301,242.101,242.201,13
2008-12-12 11:27:00,242.151,242.301,242.001,242.301,14
2008-12-12 11:28:00,242.151,242.201,242.051,242.201,9
2008-12-12 11:29:00,242.552,242.552,242.251,242.251,25
2008-12-12 11:30:00,242.502,242.552,242.401,242.502,16
2008-12-12 11:31:00,242.201,242.602,242.151,242.552,15
2008-12-12 11:32:00,242.0,242.201,241.85,242.101,27
2008-12-12 11:33:00,242.05,242.05,241.95,241.95,3
2008-12-12 11:34:00,242.0,242.151,241.95,242.101,4
2008-12-12 11:35:00,242.05,242.1,242.0,242.05,6
2008-12-12 11:36:00,241.9,242.0,241.75,241.95,25
2008-12-12 11:37:00,242.0,242.201,241.85,241.95,14
2008-12-12 11:38:00,242.15,242.2,241.9,242.05,20
2008-12-12 11:39:00,242.251,242.251,242.1,242.1,10
2008-12-12 11:40:00,242.251,242.301,242.251,242.301,2
2008-12-12 11:41:00,242.351,242.401,242.25,242.301,6
2008-12-12 11:42:00,242.401,242.401,242.25,242.25,4
2008-12-12 11:43:00,242.551,242.551,242.3,242.351,14
2008-12-12 11:44:00,242.501,242.501,242.351,242.451,7
2008-12-12 11:45:00,242.451,242.601,242.451,242.551,8
2008-12-12 11:46:00,242.35,242.401,242.3,242.401,7
2008-12-12 11:47:00,242.35,242.4,242.3,242.3,9
2008-12-12 11:48:00,242.15,242.25,242.15,242.25,7
2008-12-12 11:49:00,242.15,242.25,242.1,242.1,9
2008-12-12 11:50:00,241.999,242.1,241.949,242.1,7
2008-12-12 11:51:00,242.2,242.3,242.049,242.1,10
2008-12-12 11:52:00,242.551,242.651,242.15,242.15,16
2008-12-12 11:53:00,243.052,243.052,242.601,242.601,33
2008-12-12 11:54:00,243.352,243.402,243.052,243.102,22
2008-12-12 11:55:00,243.503,243.653,243.402,243.402,23
2008-12-12 11:56:00,243.402,243.452,243.252,243.452,12
2008-12-12 11:57:00,243.152,243.502,243.152,243.452,9
2008-12-12 11:58:00,243.202,243.352,243.152,243.202,12
2008-12-12 11:59:00,243.101,243.202,242.901,243.152,16
2008-12-12 12:00:00,243.402,243.452,243.202,243.202,8
2008-12-12 12:01:00,243.352,243.502,243.302,243.502,10
2008-12-12 12:02:00,243.151,243.302,243.001,243.302,12
2008-12-12 12:03:00,243.352,243.502,243.151,243.201,18
2008-12-12 12:04:00,243.352,243.402,243.352,243.402,2
2008-12-12 12:05:00,243.302,243.402,243.101,243.402,14
2008-12-12 12:06:00,243.001,243.201,243.001,243.201,7
2008-12-12 12:07:00,242.951,243.051,242.8,243.051,9
2008-12-12 12:08:00,242.75,242.951,242.75,242.85,13
2008-12-12 12:09:00,243.001,243.051,242.75,242.85,16
2008-12-12 12:10:00,242.9,243.001,242.85,242.951,9
2008-12-12 12:11:00,242.85,242.95,242.8,242.95,5
2008-12-12 12:12:00,242.85,242.95,242.65,242.95,18
2008-12-12 12:13:00,243.051,243.051,242.8,242.95,9
2008-12-12 12:14:00,243.201,243.251,243.051,243.101,9
2008-12-12 12:15:00,243.351,243.351,243.101,243.151,12
2008-12-12 12:16:00,243.151,243.301,243.1,243.301,13
2008-12-12 12:17:00,243.301,243.301,243.151,243.201,5
2008-12-12 12:18:00,243.251,243.301,243.1,243.251,8
2008-12-12 12:19:00,243.201,243.251,243.1,243.201,10
2008-12-12 12:20:00,243.301,243.351,243.15,243.15,5
2008-12-12 12:21:00,243.351,243.351,243.351,243.351,1
2008-12-12 12:22:00,243.601,243.601,243.451,243.451,12
2008-12-12 12:23:00,243.401,243.752,243.351,243.551,27
2008-12-12 12:24:00,243.401,243.501,243.351,243.351,14
2008-12-12 12:25:00,243.451,243.451,243.451,243.451,1
2008-12-12 12:26:00,243.351,243.501,243.25,243.501,9
2008-12-12 12:27:00,243.35,243.401,243.3,243.401,7
2008-12-12 12:28:00,243.25,243.35,243.25,243.3,5
2008-12-12 12:29:00,243.4,243.401,243.3,243.3,5
2008-12-12 12:30:00,243.15,243.3,243.15,243.3,10
2008-12-12 12:31:00,243.3,243.4,243.25,243.25,9
2008-12-12 12:32:00,243.1,243.25,243.1,243.25,4
2008-12-12 12:33:00,243.1,243.2,243.049,243.049,8
2008-12-12 12:34:00,243.3,243.3,243.049,243.15,11
2008-12-12 12:35:00,242.949,243.25,242.899,243.25,18
2008-12-12 12:36:00,242.999,243.049,242.899,242.999,8
2008-12-12 12:37:00,242.899,243.049,242.899,243.049,9
2008-12-12 12:38:00,242.849,242.899,242.799,242.799,4
2008-12-12 12:39:00,242.748,242.849,242.698,242.799,12
2008-12-12 12:40:00,242.849,242.849,242.698,242.698,6
2008-12-12 12:41:00,242.798,242.899,242.748,242.799,10
2008-12-12 12:42:00,242.949,242.949,242.849,242.849,5
2008-12-12 12:43:00,242.999,243.099,242.899,242.899,8
2008-12-12 12:44:00,242.748,242.949,242.748,242.848,12
2008-12-12 12:45:00,242.848,242.898,242.598,242.698,20
2008-12-12 12:46:00,242.347,242.848,242.247,242.798,35
2008-12-12 12:47:00,242.147,242.447,241.996,242.447,31
2008-12-12 12:48:00,241.996,242.046,241.796,242.046,21
2008-12-12 12:49:00,241.946,241.996,241.846,241.946,10
2008-12-12 12:50:00,241.595,241.946,241.545,241.846,24
2008-12-12 12:51:00,241.595,241.746,241.595,241.645,7
2008-12-12 12:52:00,241.796,241.896,241.695,241.695,9
2008-12-12 12:53:00,242.046,242.096,241.846,241.846,15
2008-12-12 12:54:00,242.247,242.247,242.096,242.096,8
2008-12-12 12:55:00,242.246,242.297,242.146,242.196,8
2008-12-12 12:56:00,242.297,242.447,242.046,242.196,14
2008-12-12 12:57:00,242.146,242.347,242.096,242.347,11
2008-12-12 12:58:00,242.196,242.246,242.096,242.196,7
2008-12-12 12:59:00,242.296,242.346,242.146,242.146,5
2008-12-12 13:00:00,242.196,242.397,242.146,242.346,6
2008-12-12 13:01:00,242.096,242.296,242.046,242.296,10
2008-12-12 13:02:00,242.046,242.146,242.046,242.146,5
2008-12-12 13:03:00,242.146,242.196,241.996,241.996,4
2008-12-12 13:04:00,242.096,242.096,241.995,242.096,5
2008-12-12 13:05:00,242.246,242.246,242.096,242.146,7
2008-12-12 13:06:00,242.146,242.246,242.146,242.196,4
2008-12-12 13:07:00,241.995,242.196,241.995,242.196,11
2008-12-12 13:08:00,241.995,241.995,241.895,241.945,3
2008-12-12 13:09:00,241.895,242.095,241.895,241.945,10
2008-12-12 13:10:00,241.895,241.995,241.845,241.945,11
2008-12-12 13:11:00,241.945,242.095,241.845,241.845,14
2008-12-12 13:12:00,242.195,242.195,241.845,241.995,16
2008-12-12 13:13:00,242.246,242.396,242.145,242.246,19
2008-12-12 13:14:00,242.446,242.446,242.296,242.296,7
2008-12-12 13:15:00,242.546,242.696,242.496,242.496,10
2008-12-12 13:16:00,242.446,242.696,242.396,242.646,16
2008-12-12 13:17:00,242.396,242.546,242.346,242.496,13
2008-12-12 13:18:00,242.496,242.596,242.345,242.345,14
2008-12-12 13:19:00,242.396,242.496,242.396,242.446,4
2008-12-12 13:20:00,242.496,242.546,242.446,242.446,3
2008-12-12 13:21:00,242.596,242.596,242.446,242.546,6
2008-12-12 13:22:00,242.445,242.596,242.395,242.546,13
2008-12-12 13:23:00,242.546,242.596,242.345,242.496,36
2008-12-12 13:24:00,242.596,242.646,242.445,242.496,9
2008-12-12 13:25:00,242.646,242.646,242.646,242.646,1
2008-12-12 13:26:00,242.646,242.696,242.646,242.696,2
2008-12-12 13:27:00,242.796,242.896,242.696,242.696,15
2008-12-12 13:28:00,242.746,242.846,242.696,242.846,9
2008-12-12 13:29:00,242.846,242.846,242.696,242.796,19
2008-12-12 13:30:00,243.698,243.698,242.796,242.896,96
2008-12-12 13:31:00,243.347,243.648,243.197,243.648,32
2008-12-12 13:32:00,242.996,243.397,242.946,243.397,20
2008-12-12 13:33:00,243.146,243.297,242.946,242.946,14
2008-12-12 13:34:00,243.197,243.347,243.197,243.247,10
2008-12-12 13:35:00,243.347,243.397,243.297,243.297,7
2008-12-12 13:36:00,243.347,243.497,243.247,243.297,22
2008-12-12 13:37:00,243.347,243.447,243.347,243.397,8
2008-12-12 13:38:00,243.297,243.397,243.297,243.397,3
2008-12-12 13:39:00,243.397,243.597,243.347,243.347,16
2008-12-12 13:40:00,243.497,243.597,243.296,243.447,17
2008-12-12 13:41:00,243.848,243.848,243.547,243.547,18
2008-12-12 13:42:00,243.697,243.998,243.547,243.797,32
2008-12-12 13:43:00,243.647,243.747,243.447,243.647,22
2008-12-12 13:44:00,243.948,243.948,243.697,243.697,12
2008-12-12 13:45:00,243.897,243.998,243.797,243.898,13
2008-12-12 13:46:00,244.098,244.148,243.847,243.948,18
2008-12-12 13:47:00,243.947,244.048,243.847,244.048,13
2008-12-12 13:48:00,243.897,243.947,243.747,243.897,19
2008-12-12 13:49:00,243.847,243.998,243.847,243.947,8
2008-12-12 13:50:00,244.048,244.048,243.847,243.947,6
2008-12-12 13:51:00,244.048,244.248,243.997,243.997,16
2008-12-12 13:52:00,244.148,244.198,243.947,244.148,18
2008-12-12 13:53:00,244.248,244.298,244.148,244.198,14
2008-12-12 13:54:00,244.248,244.348,244.148,244.198,16
2008-12-12 13:55:00,244.348,244.348,244.198,244.298,15
2008-12-12 13:56:00,244.298,244.348,244.047,244.298,25
2008-12-12 13:57:00,244.198,244.348,243.997,244.348,21
2008-12-12 13:58:00,244.047,244.298,244.047,244.248,19
2008-12-12 13:59:00,243.847,244.097,243.797,244.097,27
2008-12-12 14:00:00,243.646,243.797,243.496,243.797,26
2008-12-12 14:01:00,243.696,243.746,243.546,243.596,13
2008-12-12 14:02:00,243.897,243.947,243.746,243.746,19
2008-12-12 14:03:00,243.546,243.846,243.496,243.846,20
2008-12-12 14:04:00,243.997,244.097,243.395,243.596,43
2008-12-12 14:05:00,244.047,244.047,243.546,243.896,44
2008-12-12 14:06:00,244.297,244.347,243.997,244.097,22
2008-12-12 14:07:00,244.698,244.698,244.247,244.397,33
2008-12-12 14:08:00,245.35,245.35,244.448,244.648,65
2008-12-12 14:09:00,245.45,246.001,245.299,245.4,77
2008-12-12 14:10:00,245.55,245.65,245.249,245.4,46
2008-12-12 14:11:00,244.948,245.5,244.748,245.5,53
2008-12-12 14:12:00,244.497,244.898,244.447,244.848,44
2008-12-12 14:13:00,244.648,244.898,244.547,244.648,18
2008-12-12 14:14:00,244.648,244.848,244.648,244.748,15
2008-12-12 14:15:00,245.349,245.349,244.547,244.748,34
2008-12-12 14:16:00,244.748,245.55,244.648,245.399,29
2008-12-12 14:17:00,244.998,245.149,244.848,244.848,31
2008-12-12 14:18:00,245.349,245.349,244.798,244.948,13
2008-12-12 14:19:00,245.349,245.549,245.199,245.299,40
2008-12-12 14:20:00,245.7,245.7,245.349,245.399,16
2008-12-12 14:21:00,245.299,245.65,245.148,245.65,49
2008-12-12 14:22:00,245.8,245.8,245.198,245.198,40
2008-12-12 14:23:00,245.048,245.8,244.797,245.75,52
2008-12-12 14:24:00,245.048,245.048,244.898,244.998,13
2008-12-12 14:25:00,245.298,245.299,244.948,244.948,16
2008-12-12 14:26:00,244.296,245.349,244.196,245.248,79
2008-12-12 14:27:00,244.346,244.597,244.146,244.196,48
2008-12-12 14:28:00,244.396,244.396,244.196,244.396,39
2008-12-12 14:29:00,244.897,244.947,244.346,244.346,17
2008-12-12 14:30:00,244.146,244.998,244.045,244.998,38
2008-12-12 14:31:00,244.546,244.847,243.995,244.045,56
2008-12-12 14:32:00,244.196,244.747,244.196,244.597,44
2008-12-12 14:33:00,245.448,245.448,244.346,244.346,56
2008-12-12 14:34:00,245.398,245.749,245.198,245.348,42
2008-12-12 14:35:00,245.999,246.1,245.198,245.348,68
2008-12-12 14:36:00,246.501,246.501,245.699,246.05,111
2008-12-12 14:37:00,246.501,247.102,246.3,246.45,102
2008-12-12 14:38:00,246.701,246.851,246.3,246.551,74
2008-12-12 14:39:00,246.551,246.751,246.3,246.751,50
2008-12-12 14:40:00,246.751,247.152,246.651,246.651,62
2008-12-12 14:41:00,246.099,246.851,246.049,246.851,67
2008-12-12 14:42:00,245.949,246.2,245.849,246.15,75
2008-12-12 14:43:00,246.35,246.5,245.749,245.999,41
2008-12-12 14:44:00,246.4,246.701,246.2,246.25,49
2008-12-12 14:45:00,246.35,246.751,246.35,246.5,47
2008-12-12 14:46:00,245.999,246.25,245.748,246.25,47
2008-12-12 14:47:00,245.748,245.949,245.398,245.899,67
2008-12-12 14:48:00,245.748,246.199,245.698,245.849,86
2008-12-12 14:49:00,246.4,246.45,245.899,245.899,37
2008-12-12 14:50:00,247.001,247.151,246.4,246.45,65
2008-12-12 14:51:00,247.201,247.452,247.051,247.051,81
2008-12-12 14:52:00,246.901,247.251,246.8,247.251,31
2008-12-12 14:53:00,246.65,246.85,246.55,246.85,26
2008-12-12 14:54:00,247.301,247.402,246.7,246.7,31
2008-12-12 14:55:00,247.251,247.552,246.85,247.251,89
2008-12-12 14:56:00,247.903,247.953,247.001,247.301,43
2008-12-12 14:57:00,248.203,248.253,247.552,247.953,55
2008-12-12 14:58:00,248.654,248.754,248.253,248.253,41
2008-12-12 14:59:00,247.752,248.654,247.752,248.604,67
2008-12-12 15:00:00,248.053,248.203,247.802,247.852,63
2008-12-12 15:01:00,247.902,248.203,247.852,247.952,60
2008-12-12 15:02:00,248.253,248.353,247.852,248.003,35
2008-12-12 15:03:00,248.353,248.804,248.253,248.303,49
2008-12-12 15:04:00,248.904,249.055,248.203,248.303,62
2008-12-12 15:05:00,249.405,249.706,248.954,249.005,69
2008-12-12 15:06:00,249.556,249.606,249.155,249.456,66
2008-12-12 15:07:00,249.004,249.606,248.754,249.606,67
2008-12-12 15:08:00,248.804,249.055,248.704,248.954,50
2008-12-12 15:09:00,248.553,248.954,248.353,248.754,76
2008-12-12 15:10:00,248.052,248.804,248.002,248.603,67
2008-12-12 15:11:00,248.102,248.303,247.651,248.102,61
2008-12-12 15:12:00,248.002,248.052,247.551,248.052,48
2008-12-12 15:13:00,247.952,248.102,247.751,248.052,28
2008-12-12 15:14:00,247.851,248.102,247.601,248.002,70
2008-12-12 15:15:00,247.3,247.952,247.2,247.902,57
2008-12-12 15:16:00,247.3,247.451,247.15,247.25,43
2008-12-12 15:17:00,247.45,247.901,247.15,247.4,79
2008-12-12 15:18:00,247.651,247.801,247.2,247.4,83
2008-12-12 15:19:00,247.25,247.651,247.15,247.601,42
2008-12-12 15:20:00,247.701,247.951,247.3,247.3,50
2008-12-12 15:21:00,248.102,248.202,247.751,247.751,59
2008-12-12 15:22:00,248.202,248.402,247.801,248.001,63
2008-12-12 15:23:00,248.051,248.152,247.6,248.052,53
2008-12-12 15:24:00,247.951,248.001,247.651,248.001,44
2008-12-12 15:25:00,247.55,248.202,247.55,247.801,43
2008-12-12 15:26:00,247.6,247.801,247.45,247.65,31
2008-12-12 15:27:00,247.5,247.951,247.5,247.65,49
2008-12-12 15:28:00,247.6,247.951,247.4,247.4,32
2008-12-12 15:29:00,248.352,248.452,247.65,247.65,41
2008-12-12 15:30:00,248.101,248.502,247.851,248.402,55
2008-12-12 15:31:00,248.352,248.753,248.101,248.151,81
2008-12-12 15:32:00,248.201,248.552,248.051,248.302,48
2008-12-12 15:33:00,247.7,248.302,247.65,248.302,55
2008-12-12 15:34:00,247.349,247.65,246.999,247.65,69
2008-12-12 15:35:00,247.55,247.55,247.249,247.299,36
2008-12-12 15:36:00,247.299,247.6,247.249,247.6,37
2008-12-12 15:37:00,247.399,247.7,247.349,247.399,25
2008-12-12 15:38:00,247.199,247.499,247.099,247.349,40
2008-12-12 15:39:00,247.65,247.7,247.249,247.249,35
2008-12-12 15:40:00,247.549,247.6,247.299,247.6,21
2008-12-12 15:41:00,247.8,247.95,247.249,247.65,55
2008-12-12 15:42:00,248.05,248.05,247.7,247.7,26
2008-12-12 15:43:00,247.499,248.151,247.499,248.151,21
2008-12-12 15:44:00,248.05,248.1,247.449,247.449,38
2008-12-12 15:45:00,248.201,248.201,247.85,248.151,28
2008-12-12 15:46:00,248.0,248.251,247.8,248.15,28
2008-12-12 15:47:00,248.451,248.702,248.05,248.05,49
2008-12-12 15:48:00,248.702,248.902,248.401,248.551,55
2008-12-12 15:49:00,248.551,248.752,248.401,248.651,35
2008-12-12 15:50:00,248.952,249.002,248.451,248.501,40
2008-12-12 15:51:00,248.902,249.152,248.902,249.002,42
2008-12-12 15:52:00,249.002,249.202,248.802,248.852,39
2008-12-12 15:53:00,249.653,249.804,249.052,249.052,65
2008-12-12 15:54:00,250.004,250.004,249.603,249.603,36
2008-12-12 15:55:00,250.104,250.204,249.854,250.054,53
2008-12-12 15:56:00,250.906,250.956,250.154,250.154,83
2008-12-12 15:57:00,250.756,250.906,250.555,250.856,60
2008-12-12 15:58:00,250.655,250.856,250.405,250.705,63
2008-12-12 15:59:00,250.906,251.357,250.605,250.605,72
2008-12-12 16:00:00,250.755,250.856,250.505,250.856,37
2008-12-12 16:01:00,250.354,250.655,250.254,250.655,27
2008-12-12 16:02:00,249.903,250.505,249.853,250.405,31
2008-12-12 16:03:00,250.354,250.805,249.853,249.954,54
2008-12-12 16:04:00,250.254,250.404,249.703,250.404,58
2008-12-12 16:05:00,250.003,250.204,249.803,250.154,43
2008-12-12 16:06:00,250.054,250.104,249.552,250.054,47
2008-12-12 16:07:00,250.254,250.254,249.903,250.003,42
2008-12-12 16:08:00,249.953,250.304,249.753,250.304,43
2008-12-12 16:09:00,250.103,250.304,249.903,249.903,29
2008-12-12 16:10:00,249.502,250.304,249.452,250.154,67
2008-12-12 16:11:00,249.251,249.602,248.901,249.402,69
2008-12-12 16:12:00,249.151,249.452,248.901,249.151,59
2008-12-12 16:13:00,248.8,249.251,248.65,249.201,34
2008-12-12 16:14:00,248.85,249.151,248.75,248.75,33
2008-12-12 16:15:00,248.75,248.901,248.45,248.901,50
2008-12-12 16:16:00,248.9,248.9,248.6,248.8,28
2008-12-12 16:17:00,248.9,249.001,248.5,248.85,33
2008-12-12 16:18:00,248.199,248.95,248.099,248.95,37
2008-12-12 16:19:00,248.65,248.7,248.199,248.249,49
2008-12-12 16:20:00,249.0,249.0,248.7,248.7,37
2008-12-12 16:21:00,248.85,249.051,248.75,248.95,37
2008-12-12 16:22:00,249.251,249.451,248.8,248.9,37
2008-12-12 16:23:00,249.05,249.201,248.95,249.151,54
2008-12-12 16:24:00,249.201,249.251,248.9,249.1,37
2008-12-12 16:25:00,249.251,249.351,249.0,249.05,54
2008-12-12 16:26:00,249.451,249.601,249.15,249.201,36
2008-12-12 16:27:00,249.301,249.551,249.301,249.401,38
2008-12-12 16:28:00,248.8,249.501,248.8,249.401,36
2008-12-12 16:29:00,248.599,249.0,248.499,248.699,69
2008-12-12 16:30:00,248.449,248.799,248.399,248.699,18
2008-12-12 16:31:00,248.799,248.849,248.449,248.499,33
2008-12-12 16:32:00,248.449,249.2,248.449,248.9,62
2008-12-12 16:33:00,248.499,248.549,248.248,248.398,25
2008-12-12 16:34:00,248.348,248.499,248.298,248.448,27
2008-12-12 16:35:00,248.248,248.398,248.248,248.298,10
2008-12-12 16:36:00,248.047,248.348,248.047,248.348,14
2008-12-12 16:37:00,248.148,248.248,247.947,247.997,15
2008-12-12 16:38:00,247.646,248.198,247.646,248.198,13
2008-12-12 16:39:00,247.396,247.697,247.396,247.697,11
2008-12-12 16:40:00,247.396,247.496,247.396,247.446,7
2008-12-12 16:41:00,247.696,247.797,247.346,247.346,10
2008-12-12 16:42:00,247.245,247.746,247.245,247.546,20
2008-12-12 16:43:00,247.145,247.245,247.045,247.195,17
2008-12-12 16:44:00,247.496,247.546,247.195,247.195,8
2008-12-12 16:45:00,247.696,247.696,247.446,247.446,5
2008-12-12 16:46:00,247.897,248.047,247.796,247.847,11
2008-12-12 16:47:00,247.796,247.796,247.796,247.796,1
2008-12-12 16:48:00,247.846,247.997,247.846,247.997,4
2008-12-12 16:49:00,247.947,247.947,247.896,247.896,2
2008-12-12 16:50:00,247.796,247.946,247.796,247.846,5
2008-12-12 16:53:00,247.946,247.996,247.896,247.946,4
2008-12-12 16:54:00,248.097,248.147,247.896,247.896,5
2008-12-12 16:56:00,247.996,247.996,247.996,247.996,1
2008-12-12 16:57:00,247.846,247.896,247.746,247.846,4
2008-12-12 16:58:00,247.595,247.796,247.545,247.796,5
2008-12-12 16:59:00,247.545,247.645,247.495,247.495,5
2008-12-12 17:00:00,248.146,248.146,247.545,247.796,4
2008-12-12 17:01:00,248.698,248.698,248.196,248.196,8
2008-12-12 17:02:00,248.647,248.798,248.547,248.647,5
2008-12-12 17:03:00,248.647,248.647,248.497,248.497,2
2008-12-12 17:04:00,248.597,248.597,248.597,248.597,1
2008-12-12 17:05:00,248.848,248.848,248.647,248.747,3
2008-12-12 17:06:00,248.948,248.948,248.848,248.948,3
2008-12-12 17:07:00,248.697,248.848,248.697,248.848,2
2008-12-12 17:10:00,248.948,248.948,248.948,248.948,1
2008-12-12 17:11:00,248.847,248.847,248.847,248.847,1
2008-12-12 17:12:00,249.198,249.198,249.048,249.048,2
2008-12-12 17:13:00,249.248,249.549,249.248,249.248,6
2008-12-12 17:14:00,248.797,249.248,248.496,248.897,8
2008-12-15 07:00:00,253.4,253.75,253.099,253.099,15
2008-12-15 07:01:00,253.4,253.4,253.3,253.35,6
2008-12-15 07:02:00,253.65,253.8,253.55,253.55,6
2008-12-15 07:03:00,253.75,253.75,253.65,253.7,4
2008-12-15 07:04:00,253.65,253.65,253.6,253.6,2
2008-12-15 07:05:00,253.349,253.5,253.349,253.5,3
2008-12-15 07:06:00,252.899,253.149,252.899,253.149,3
2008-12-15 07:07:00,252.899,252.899,252.748,252.798,4
2008-12-15 07:08:00,252.999,252.999,252.849,252.849,2
2008-12-15 07:09:00,252.949,252.949,252.949,252.949,1
2008-12-15 07:10:00,252.748,252.999,252.748,252.999,3
2008-12-15 07:12:00,252.848,252.848,252.848,252.848,1
2008-12-15 07:14:00,253.098,253.098,252.998,252.998,3
2008-12-15 07:15:00,252.898,252.898,252.898,252.898,1
2008-12-15 07:16:00,252.698,252.698,252.698,252.698,1
2008-12-15 07:19:00,252.748,252.748,252.748,252.748,1
2008-12-15 07:22:00,252.998,252.998,252.998,252.998,1
2008-12-15 07:23:00,253.048,253.048,252.748,252.748,5
2008-12-15 07:24:00,252.747,252.998,252.747,252.998,2
2008-12-15 07:25:00,252.447,252.647,252.447,252.647,3
2008-12-15 07:26:00,252.347,252.397,252.347,252.397,2
2008-12-15 07:27:00,252.347,252.347,252.247,252.247,2
2008-12-15 07:28:00,252.247,252.347,252.247,252.247,7
2008-12-15 07:30:00,252.096,252.096,252.096,252.096,1
2008-12-15 07:31:00,251.896,251.946,251.896,251.946,2
2008-12-15 07:32:00,251.946,251.946,251.846,251.946,4
2008-12-15 07:33:00,252.096,252.096,251.996,251.996,3
2008-12-15 07:34:00,251.846,251.846,251.846,251.846,1
2008-12-15 07:35:00,251.745,251.745,251.745,251.745,1
2008-12-15 07:36:00,252.096,252.096,251.846,251.846,3
2008-12-15 07:38:00,252.346,252.346,252.246,252.246,2
2008-12-15 07:39:00,252.246,252.296,252.146,252.146,3
2008-12-15 07:40:00,252.196,252.196,252.196,252.196,1
2008-12-15 07:42:00,251.995,251.995,251.995,251.995,1
2008-12-15 07:43:00,251.895,251.945,251.895,251.945,2
2008-12-15 07:44:00,251.945,251.945,251.945,251.945,1
2008-12-15 07:45:00,251.845,251.895,251.845,251.895,2
2008-12-15 07:47:00,251.845,251.845,251.745,251.745,3
2008-12-15 07:48:00,251.795,251.795,251.795,251.795,1
2008-12-15 07:52:00,251.995,251.995,251.995,251.995,1
2008-12-15 07:53:00,251.945,251.945,251.945,251.945,1
2008-12-15 07:54:00,251.544,251.744,251.544,251.744,4
2008-12-15 07:55:00,251.344,251.394,251.344,251.394,2
2008-12-15 07:56:00,251.244,251.244,251.244,251.244,1
2008-12-15 07:57:00,251.093,251.294,251.093,251.294,4
2008-12-15 07:59:00,251.594,251.794,251.344,251.394,10
2008-12-15 08:00:00,250.743,252.345,250.492,251.944,106
2008-12-15 08:01:00,251.093,251.143,250.693,250.693,49
2008-12-15 08:02:00,251.393,251.494,251.043,251.143,40
2008-12-15 08:03:00,251.243,251.443,250.993,251.343,39
2008-12-15 08:04:00,251.343,251.443,250.993,251.193,38
2008-12-15 08:05:00,251.543,251.594,251.143,251.293,36
2008-12-15 08:06:00,251.744,251.744,251.443,251.594,14
2008-12-15 08:07:00,251.944,251.994,251.543,251.694,40
2008-12-15 08:08:00,252.044,252.144,251.944,251.994,36
2008-12-15 08:09:00,252.144,252.545,252.144,252.144,37
2008-12-15 08:10:00,252.444,252.545,251.994,252.094,43
2008-12-15 08:11:00,252.294,252.494,252.094,252.344,38
2008-12-15 08:12:00,252.394,252.544,252.244,252.344,27
2008-12-15 08:13:00,251.994,252.394,251.994,252.344,42
2008-12-15 08:14:00,251.994,252.044,251.893,252.044,18
2008-12-15 08:15:00,252.294,252.344,251.893,252.044,20
2008-12-15 08:16:00,252.394,252.594,252.194,252.344,40
2008-12-15 08:17:00,252.344,252.594,252.244,252.344,42
2008-12-15 08:18:00,252.694,252.744,252.394,252.394,46
2008-12-15 08:19:00,252.644,252.845,252.294,252.644,51
2008-12-15 08:20:00,252.294,252.794,252.294,252.544,41
2008-12-15 08:21:00,252.294,252.344,252.193,252.344,24
2008-12-15 08:22:00,252.043,252.294,252.043,252.193,11
2008-12-15 08:23:00,252.243,252.294,251.993,251.993,14
2008-12-15 08:24:00,252.043,252.193,251.843,252.193,28
2008-12-15 08:25:00,252.193,252.343,251.943,251.993,31
2008-12-15 08:26:00,252.243,252.343,252.093,252.243,35
2008-12-15 08:27:00,252.293,252.594,252.243,252.343,16
2008-12-15 08:28:00,252.443,252.544,252.343,252.494,22
2008-12-15 08:29:00,252.343,252.493,252.293,252.493,12
2008-12-15 08:30:00,252.343,252.493,252.143,252.293,19
2008-12-15 08:31:00,252.543,252.593,252.293,252.293,36
2008-12-15 08:32:00,252.894,252.894,252.493,252.493,25
2008-12-15 08:33:00,253.044,253.244,252.694,252.944,64
2008-12-15 08:34:00,252.744,253.144,252.593,253.094,24
2008-12-15 08:35:00,252.443,252.743,252.393,252.693,18
2008-12-15 08:36:00,252.693,252.844,252.293,252.393,29
2008-12-15 08:37:00,252.493,252.593,252.243,252.593,35
2008-12-15 08:38:00,252.393,252.693,252.293,252.443,22
2008-12-15 08:39:00,252.343,252.493,252.293,252.443,24
2008-12-15 08:40:00,252.293,252.643,252.293,252.443,24
2008-12-15 08:41:00,252.192,252.493,251.992,252.343,29
2008-12-15 08:42:00,252.092,252.242,251.992,252.142,10
2008-12-15 08:43:00,252.192,252.342,252.042,252.142,14
2008-12-15 08:44:00,252.292,252.693,252.242,252.242,55
2008-12-15 08:45:00,251.742,252.392,251.742,252.342,21
2008-12-15 08:46:00,251.291,251.691,251.291,251.691,19
2008-12-15 08:47:00,251.591,251.591,251.091,251.241,43
2008-12-15 08:48:00,251.241,251.641,251.191,251.641,34
2008-12-15 08:49:00,251.191,251.391,251.04,251.291,21
2008-12-15 08:50:00,251.441,251.541,250.99,251.09,51
2008-12-15 08:51:00,251.341,251.491,251.341,251.491,24
2008-12-15 08:52:00,251.341,251.441,251.291,251.391,8
2008-12-15 08:53:00,250.489,251.291,250.489,251.291,39
2008-12-15 08:54:00,250.439,250.79,250.439,250.439,34
2008-12-15 08:55:00,250.439,250.489,250.289,250.389,15
2008-12-15 08:56:00,250.689,250.74,250.389,250.389,31
2008-12-15 08:57:00,250.94,250.99,250.74,250.84,21
2008-12-15 08:58:00,250.339,250.84,250.289,250.84,28
2008-12-15 08:59:00,250.489,250.639,250.339,250.389,15
2008-12-15 09:00:00,249.838,250.589,249.738,250.539,37
2008-12-15 09:01:00,250.339,250.389,249.688,249.888,50
2008-12-15 09:02:00,250.038,250.239,250.038,250.239,10
2008-12-15 09:03:00,250.188,250.188,249.738,249.988,39
2008-12-15 09:04:00,249.688,250.289,249.688,250.138,20
2008-12-15 09:05:00,249.287,249.588,249.137,249.588,36
2008-12-15 09:06:00,249.638,249.688,249.187,249.187,36
2008-12-15 09:07:00,249.537,249.788,249.387,249.688,23
2008-12-15 09:08:00,249.437,249.587,249.237,249.437,45
2008-12-15 09:09:00,249.687,249.687,249.187,249.387,18
2008-12-15 09:10:00,249.788,249.888,249.737,249.737,18
2008-12-15 09:11:00,249.838,249.838,249.737,249.838,9
2008-12-15 09:12:00,249.487,249.737,249.437,249.737,11
2008-12-15 09:13:00,249.187,249.437,249.187,249.437,20
2008-12-15 09:14:00,248.686,249.136,248.686,249.136,24
2008-12-15 09:15:00,248.836,249.036,248.536,248.636,41
2008-12-15 09:16:00,248.535,248.936,248.435,248.886,23
2008-12-15 09:17:00,248.886,248.886,248.435,248.435,19
2008-12-15 09:18:00,248.836,248.886,248.686,248.836,12
2008-12-15 09:19:00,248.886,248.986,248.736,248.886,16
2008-12-15 09:20:00,248.285,248.836,247.934,248.836,56
2008-12-15 09:21:00,249.036,249.136,248.235,248.235,32
2008-12-15 09:22:00,248.735,249.036,248.635,248.936,29
2008-12-15 09:23:00,248.635,248.936,248.585,248.785,22
2008-12-15 09:24:00,248.435,248.986,248.335,248.785,37
2008-12-15 09:25:00,248.185,248.535,248.134,248.485,27
2008-12-15 09:26:00,248.735,248.735,248.134,248.134,37
2008-12-15 09:27:00,248.885,248.985,248.535,248.685,23
2008-12-15 09:28:00,249.036,249.086,248.935,248.935,18
2008-12-15 09:29:00,249.236,249.236,249.086,249.086,10
2008-12-15 09:30:00,249.186,249.186,248.535,249.085,32
2008-12-15 09:31:00,249.035,249.186,248.985,249.136,14
2008-12-15 09:32:00,249.085,249.236,249.085,249.085,8
2008-12-15 09:33:00,248.585,249.035,248.585,249.035,12
2008-12-15 09:34:00,248.835,248.835,248.484,248.735,8
2008-12-15 09:35:00,248.384,248.885,248.234,248.635,19
2008-12-15 09:36:00,248.284,248.284,248.084,248.234,14
2008-12-15 09:37:00,248.434,248.484,248.184,248.234,25
2008-12-15 09:38:00,248.534,248.634,248.184,248.384,23
2008-12-15 09:39:00,248.334,248.634,248.234,248.634,11
2008-12-15 09:40:00,248.234,248.484,248.234,248.384,8
2008-12-15 09:41:00,248.534,248.634,248.284,248.284,25
2008-12-15 09:42:00,248.384,248.634,248.234,248.584,14
2008-12-15 09:43:00,248.334,248.484,248.234,248.484,7
2008-12-15 09:44:00,248.334,248.334,248.184,248.184,6
2008-12-15 09:45:00,248.484,248.484,248.284,248.384,16
2008-12-15 09:46:00,248.384,248.434,248.334,248.334,4
2008-12-15 09:47:00,248.484,248.484,248.334,248.434,8
2008-12-15 09:48:00,248.384,248.434,248.333,248.434,6
2008-12-15 09:49:00,248.083,248.283,247.933,248.283,36
2008-12-15 09:50:00,247.983,248.133,247.983,248.033,13
2008-12-15 09:51:00,248.483,248.584,247.933,247.933,29
2008-12-15 09:52:00,248.734,248.734,248.534,248.534,5
2008-12-15 09:53:00,248.784,248.884,248.734,248.784,9
2008-12-15 09:54:00,248.984,248.984,248.734,248.734,10
2008-12-15 09:55:00,248.633,248.984,248.633,248.934,18
2008-12-15 09:56:00,248.683,248.784,248.633,248.684,10
2008-12-15 09:57:00,248.784,248.834,248.633,248.734,11
2008-12-15 09:58:00,248.733,248.784,248.733,248.733,5
2008-12-15 09:59:00,248.934,249.134,248.783,248.783,24
2008-12-15 10:00:00,249.134,249.134,248.783,248.884,26
2008-12-15 10:01:00,249.234,249.284,248.984,249.184,23
2008-12-15 10:02:00,249.334,249.434,249.234,249.284,24
2008-12-15 10:03:00,249.384,249.384,249.284,249.284,3
2008-12-15 10:04:00,249.484,249.534,249.334,249.334,8
2008-12-15 10:05:00,249.584,249.634,249.434,249.434,9
2008-12-15 10:06:00,249.784,249.784,249.484,249.634,14
2008-12-15 10:07:00,249.734,249.784,249.634,249.734,7
2008-12-15 10:08:00,249.734,249.784,249.634,249.784,8
2008-12-15 10:09:00,249.985,250.085,249.784,249.784,12
2008-12-15 10:10:00,250.085,250.135,249.984,250.035,9
2008-12-15 10:11:00,250.235,250.235,250.085,250.135,5
2008-12-15 10:12:00,250.034,250.335,250.034,250.185,11
2008-12-15 10:13:00,250.185,250.235,249.984,250.084,18
2008-12-15 10:14:00,250.084,250.185,250.034,250.134,9
2008-12-15 10:15:00,250.335,250.385,250.084,250.134,35
2008-12-15 10:16:00,250.735,250.835,250.285,250.285,27
2008-12-15 10:17:00,250.735,250.935,250.685,250.685,22
2008-12-15 10:18:00,250.134,250.885,250.134,250.785,37
2008-12-15 10:19:00,250.034,250.385,250.034,250.184,27
2008-12-15 10:20:00,250.134,250.234,249.984,250.084,16
2008-12-15 10:21:00,250.134,250.535,250.034,250.034,29
2008-12-15 10:22:00,250.484,250.484,250.184,250.184,13
2008-12-15 10:23:00,250.184,250.535,250.084,250.535,11
2008-12-15 10:24:00,249.934,250.334,249.934,250.134,10
2008-12-15 10:25:00,250.134,250.334,249.934,249.984,21
2008-12-15 10:26:00,250.134,250.234,250.084,250.084,5
2008-12-15 10:27:00,250.234,250.434,250.034,250.184,22
2008-12-15 10:28:00,250.284,250.334,250.134,250.134,5
2008-12-15 10:29:00,250.384,250.434,250.284,250.334,9
2008-12-15 10:30:00,250.534,250.634,250.334,250.334,9
2008-12-15 10:31:00,250.384,250.584,250.384,250.584,3
2008-12-15 10:32:00,250.534,250.534,250.334,250.434,7
2008-12-15 10:33:00,250.234,250.634,250.234,250.634,8
2008-12-15 10:34:00,250.384,250.434,250.284,250.284,4
2008-12-15 10:35:00,250.283,250.384,250.183,250.334,5
2008-12-15 10:36:00,250.333,250.434,250.283,250.333,5
2008-12-15 10:37:00,250.233,250.283,250.183,250.233,5
2008-12-15 10:38:00,250.083,250.283,249.983,250.283,9
2008-12-15 10:39:00,249.783,250.083,249.682,250.033,20
2008-12-15 10:40:00,250.083,250.083,249.783,249.833,11
2008-12-15 10:41:00,249.782,250.033,249.782,250.033,6
2008-12-15 10:42:00,249.732,249.883,249.682,249.883,12
2008-12-15 10:43:00,249.732,249.732,249.682,249.682,10
2008-12-15 10:44:00,249.632,249.782,249.582,249.782,12
2008-12-15 10:45:00,249.582,249.632,249.482,249.582,19
2008-12-15 10:46:00,250.133,250.133,249.632,249.632,19
2008-12-15 10:47:00,249.832,250.083,249.782,249.982,18
2008-12-15 10:48:00,250.133,250.133,249.732,249.782,13
2008-12-15 10:49:00,250.082,250.233,249.882,250.082,16
2008-12-15 10:50:00,250.383,250.383,249.932,249.982,19
2008-12-15 10:51:00,250.533,250.533,250.383,250.433,8
2008-12-15 10:52:00,250.633,250.683,250.533,250.583,8
2008-12-15 10:53:00,250.683,250.733,250.633,250.683,5
2008-12-15 10:54:00,250.733,250.783,250.733,250.733,3
2008-12-15 10:55:00,250.783,250.783,250.683,250.683,6
2008-12-15 10:56:00,250.783,250.883,250.783,250.833,13
2008-12-15 10:57:00,251.033,251.083,250.833,250.833,15
2008-12-15 10:58:00,250.833,251.033,250.783,250.983,9
2008-12-15 10:59:00,250.733,250.783,250.733,250.783,2
2008-12-15 11:00:00,250.783,250.883,250.783,250.833,3
2008-12-15 11:01:00,250.582,250.783,250.532,250.733,16
2008-12-15 11:02:00,250.482,250.632,250.482,250.632,10
2008-12-15 11:03:00,250.482,250.682,250.482,250.532,9
2008-12-15 11:04:00,250.232,250.482,250.232,250.432,6
2008-12-15 11:05:00,250.382,250.482,250.282,250.282,8
2008-12-15 11:06:00,250.582,250.582,250.232,250.332,13
2008-12-15 11:07:00,250.432,250.582,250.432,250.532,10
2008-12-15 11:08:00,250.232,250.332,250.182,250.332,7
2008-12-15 11:09:00,250.081,250.182,249.931,250.182,17
2008-12-15 11:10:00,250.282,250.282,250.031,250.031,8
2008-12-15 11:11:00,250.231,250.332,250.181,250.332,4
2008-12-15 11:12:00,250.432,250.482,250.332,250.332,5
2008-12-15 11:13:00,250.682,250.732,250.331,250.382,13
2008-12-15 11:14:00,250.532,250.632,250.482,250.632,5
2008-12-15 11:15:00,250.582,250.782,250.482,250.482,16
2008-12-15 11:16:00,250.682,250.682,250.481,250.682,7
2008-12-15 11:17:00,250.481,250.732,250.481,250.632,8
2008-12-15 11:18:00,250.632,250.632,250.431,250.431,2
2008-12-15 11:19:00,250.581,250.732,250.581,250.581,6
2008-12-15 11:20:00,250.531,250.581,250.431,250.431,11
2008-12-15 11:21:00,250.431,250.581,250.381,250.581,10
2008-12-15 11:22:00,250.281,250.481,250.181,250.481,29
2008-12-15 11:23:00,250.131,250.181,250.031,250.181,9
2008-12-15 11:24:00,250.231,250.231,250.081,250.181,4
2008-12-15 11:25:00,250.181,250.181,250.08,250.181,4
2008-12-15 11:26:00,249.98,249.98,249.93,249.93,4
2008-12-15 11:27:00,249.93,249.93,249.78,249.93,10
2008-12-15 11:28:00,250.08,250.08,249.88,249.88,4
2008-12-15 11:29:00,250.03,250.08,250.03,250.03,3
2008-12-15 11:30:00,250.18,250.18,250.13,250.13,2
2008-12-15 11:31:00,250.28,250.28,250.23,250.23,2
2008-12-15 11:32:00,250.33,250.38,250.28,250.33,4
2008-12-15 11:33:00,250.33,250.43,250.33,250.38,4
2008-12-15 11:34:00,250.38,250.38,250.28,250.28,3
2008-12-15 11:35:00,250.48,250.48,250.43,250.43,4
2008-12-15 11:36:00,250.48,250.53,250.33,250.53,13
2008-12-15 11:37:00,250.58,250.58,250.28,250.38,16
2008-12-15 11:38:00,250.63,250.63,250.48,250.53,7
2008-12-15 11:39:00,250.58,250.58,250.38,250.53,16
2008-12-15 11:40:00,250.63,250.63,250.38,250.53,27
2008-12-15 11:41:00,250.28,250.53,250.23,250.53,8
2008-12-15 11:42:00,250.18,250.33,250.13,250.33,8
2008-12-15 11:43:00,250.079,250.13,249.779,250.13,16
2008-12-15 11:44:00,249.829,250.029,249.779,250.029,14
2008-12-15 11:45:00,249.829,249.829,249.779,249.779,4
2008-12-15 11:46:00,249.729,250.079,249.729,249.779,15
2008-12-15 11:47:00,249.929,249.929,249.779,249.779,4
2008-12-15 11:48:00,249.829,249.929,249.729,249.779,8
2008-12-15 11:49:00,249.729,249.779,249.679,249.779,4
2008-12-15 11:50:00,249.679,249.729,249.628,249.679,5
2008-12-15 11:51:00,249.729,249.729,249.528,249.628,10
2008-12-15 11:52:00,249.628,249.678,249.578,249.678,6
2008-12-15 11:53:00,249.678,249.678,249.578,249.578,3
2008-12-15 11:54:00,249.578,249.728,249.528,249.628,13
2008-12-15 11:55:00,249.778,249.929,249.628,249.678,21
2008-12-15 11:56:00,249.728,249.828,249.678,249.728,11
2008-12-15 11:57:00,249.878,249.979,249.678,249.678,26
2008-12-15 11:58:00,249.728,249.928,249.578,249.928,34
2008-12-15 11:59:00,249.928,249.928,249.678,249.778,11
2008-12-15 12:00:00,249.628,249.878,249.628,249.878,8
2008-12-15 12:01:00,249.678,249.678,249.678,249.678,1
2008-12-15 12:02:00,249.327,249.628,249.327,249.628,19
2008-12-15 12:03:00,249.077,249.428,248.777,249.277,35
2008-12-15 12:04:00,249.127,249.478,249.077,249.127,37
2008-12-15 12:05:00,248.726,249.077,248.726,249.077,15
2008-12-15 12:06:00,248.877,249.027,248.777,248.777,14
2008-12-15 12:07:00,248.977,248.977,248.626,248.827,15
2008-12-15 12:08:00,248.927,249.027,248.826,248.826,7
2008-12-15 12:09:00,248.876,248.977,248.776,248.977,7
2008-12-15 12:10:00,248.726,248.776,248.726,248.776,2
2008-12-15 12:11:00,248.826,248.826,248.676,248.676,5
2008-12-15 12:12:00,248.876,248.976,248.626,248.676,11
2008-12-15 12:13:00,248.826,248.926,248.726,248.826,7
2008-12-15 12:14:00,248.826,248.876,248.776,248.876,3
2008-12-15 12:15:00,248.876,248.876,248.676,248.676,7
2008-12-15 12:16:00,248.826,249.076,248.726,248.826,14
2008-12-15 12:17:00,248.926,248.976,248.876,248.976,4
2008-12-15 12:18:00,249.126,249.226,248.876,248.976,12
2008-12-15 12:19:00,248.826,248.976,248.826,248.976,8
2008-12-15 12:20:00,248.876,248.976,248.826,248.876,7
2008-12-15 12:21:00,248.776,248.926,248.776,248.926,6
2008-12-15 12:22:00,248.525,248.726,248.225,248.726,27
2008-12-15 12:23:00,248.625,248.776,248.425,248.425,21
2008-12-15 12:24:00,248.826,248.876,248.575,248.575,10
2008-12-15 12:25:00,248.725,248.725,248.725,248.725,1
2008-12-15 12:26:00,248.825,248.926,248.775,248.775,5
2008-12-15 12:27:00,249.026,249.026,248.725,248.875,15
2008-12-15 12:28:00,248.825,248.976,248.775,248.976,8
2008-12-15 12:29:00,248.775,248.775,248.675,248.725,7
2008-12-15 12:30:00,248.525,248.675,248.525,248.675,4
2008-12-15 12:31:00,248.575,248.625,248.475,248.575,11
2008-12-15 12:32:00,248.475,248.625,248.425,248.525,6
2008-12-15 12:33:00,248.475,248.575,248.475,248.525,3
2008-12-15 12:34:00,248.675,248.725,248.525,248.525,11
2008-12-15 12:35:00,248.374,248.625,248.374,248.575,7
2008-12-15 12:36:00,248.474,248.524,248.324,248.324,4
2008-12-15 12:37:00,248.575,248.675,248.524,248.524,8
2008-12-15 12:38:00,248.625,248.625,248.625,248.625,1
2008-12-15 12:39:00,248.424,248.524,248.424,248.524,5
2008-12-15 12:40:00,248.224,248.374,248.174,248.374,10
2008-12-15 12:41:00,248.074,248.174,247.923,248.124,12
2008-12-15 12:42:00,248.124,248.124,248.024,248.024,5
2008-12-15 12:43:00,248.174,248.174,248.074,248.074,5
2008-12-15 12:44:00,248.174,248.324,248.174,248.224,12
2008-12-15 12:45:00,248.023,248.123,247.923,248.123,9
2008-12-15 12:46:00,248.123,248.123,247.923,247.973,8
2008-12-15 12:47:00,248.224,248.224,248.073,248.073,6
2008-12-15 12:48:00,248.173,248.324,248.123,248.274,7
2008-12-15 12:50:00,247.873,248.123,247.673,248.123,30
2008-12-15 12:51:00,247.723,247.973,247.723,247.923,19
2008-12-15 12:52:00,247.923,248.023,247.773,247.773,9
2008-12-15 12:53:00,247.973,248.023,247.873,247.973,11
2008-12-15 12:54:00,247.823,247.973,247.823,247.873,7
2008-12-15 12:55:00,248.173,248.173,247.873,247.873,18
2008-12-15 12:56:00,248.373,248.373,248.223,248.223,6
2008-12-15 12:57:00,248.523,248.623,248.373,248.423,22
2008-12-15 12:58:00,248.573,248.623,248.523,248.573,5
2008-12-15 12:59:00,248.673,248.774,248.573,248.623,18
2008-12-15 13:00:00,248.773,248.774,248.723,248.723,6
2008-12-15 13:01:00,248.924,248.924,248.824,248.824,13
2008-12-15 13:02:00,248.924,248.974,248.874,248.874,8
2008-12-15 13:03:00,248.924,248.974,248.823,248.873,9
2008-12-15 13:04:00,248.974,249.024,248.873,248.873,9
2008-12-15 13:05:00,248.923,248.973,248.873,248.923,5
2008-12-15 13:06:00,248.923,248.973,248.823,248.823,5
2008-12-15 13:07:00,249.124,249.124,248.923,248.973,5
2008-12-15 13:08:00,249.023,249.174,249.023,249.174,13
2008-12-15 13:09:00,248.973,248.973,248.973,248.973,1
2008-12-15 13:10:00,249.023,249.023,248.973,249.023,7
2008-12-15 13:12:00,249.073,249.073,249.073,249.073,1
2008-12-15 13:13:00,248.973,248.973,248.973,248.973,1
2008-12-15 13:14:00,249.023,249.023,248.923,248.923,5
2008-12-15 13:15:00,248.923,248.973,248.923,248.973,2
2008-12-15 13:16:00,248.923,249.023,248.923,249.023,2
2008-12-15 13:17:00,248.923,249.023,248.923,249.023,3
2008-12-15 13:18:00,248.923,248.973,248.923,248.973,2
2008-12-15 13:20:00,248.973,248.973,248.973,248.973,1
2008-12-15 13:21:00,248.973,248.973,248.923,248.923,2
2008-12-15 13:22:00,249.123,249.123,249.023,249.023,5
2008-12-15 13:23:00,249.023,249.023,249.023,249.023,1
2008-12-15 13:24:00,249.123,249.123,249.073,249.123,3
2008-12-15 13:25:00,249.173,249.223,249.173,249.173,3
2008-12-15 13:26:00,249.273,249.323,249.173,249.223,10
2008-12-15 13:27:00,249.223,249.423,249.223,249.323,11
2008-12-15 13:28:00,249.172,249.223,249.172,249.173,9
2008-12-15 13:29:00,249.273,249.273,249.222,249.223,6
2008-12-15 13:30:00,249.473,249.623,249.323,249.323,23
2008-12-15 13:31:00,249.272,249.573,249.272,249.423,6
2008-12-15 13:32:00,249.423,249.423,249.322,249.322,2
2008-12-15 13:33:00,249.372,249.473,249.372,249.473,2
2008-12-15 13:34:00,249.372,249.372,249.322,249.322,2
2008-12-15 13:35:00,249.523,249.573,249.422,249.422,8
2008-12-15 13:36:00,249.723,249.823,249.573,249.573,10
2008-12-15 13:37:00,249.723,249.873,249.673,249.823,20
2008-12-15 13:38:00,249.673,249.723,249.622,249.673,5
2008-12-15 13:39:00,249.723,249.723,249.622,249.622,2
2008-12-15 13:40:00,249.923,249.973,249.773,249.773,7
2008-12-15 13:41:00,250.073,250.173,249.973,249.973,6
2008-12-15 13:42:00,250.173,250.323,250.023,250.023,9
2008-12-15 13:43:00,250.173,250.223,250.123,250.123,4
2008-12-15 13:44:00,249.923,250.073,249.873,250.073,12
2008-12-15 13:45:00,249.772,249.872,249.672,249.872,8
2008-12-15 13:46:00,249.822,249.872,249.822,249.822,3
2008-12-15 13:47:00,249.572,249.722,249.572,249.672,8
2008-12-15 13:48:00,249.622,249.672,249.622,249.622,3
2008-12-15 13:49:00,249.672,249.672,249.472,249.672,7
2008-12-15 13:50:00,249.522,249.622,249.522,249.622,3
2008-12-15 13:51:00,249.522,249.672,249.522,249.572,7
2008-12-15 13:52:00,249.221,249.472,249.171,249.472,18
2008-12-15 13:53:00,249.021,249.271,249.021,249.271,14
2008-12-15 13:54:00,248.971,249.071,248.971,249.071,7
2008-12-15 13:55:00,248.971,249.071,248.971,249.071,5
2008-12-15 13:56:00,249.121,249.171,248.971,249.021,8
2008-12-15 13:57:00,249.221,249.221,249.021,249.021,5
2008-12-15 13:58:00,249.171,249.321,249.171,249.321,6
2008-12-15 13:59:00,249.321,249.321,249.121,249.121,5
2008-12-15 14:00:00,249.221,249.271,249.071,249.221,12
2008-12-15 14:01:00,249.221,249.271,249.121,249.171,5
2008-12-15 14:02:00,249.121,249.171,249.02,249.171,8
2008-12-15 14:03:00,249.271,249.271,249.221,249.221,4
2008-12-15 14:05:00,249.571,249.621,249.321,249.321,14
2008-12-15 14:06:00,249.621,249.621,249.621,249.621,1
2008-12-15 14:07:00,249.671,249.721,249.621,249.671,6
2008-12-15 14:08:00,249.971,249.971,249.671,249.721,7
2008-12-15 14:09:00,250.272,250.372,250.021,250.021,22
2008-12-15 14:10:00,250.272,250.472,250.272,250.322,10
2008-12-15 14:11:00,250.221,250.372,250.221,250.322,8
2008-12-15 14:12:00,249.971,250.171,249.971,250.171,12
2008-12-15 14:13:00,250.071,250.121,249.921,250.021,9
2008-12-15 14:14:00,250.121,250.171,250.021,250.021,5
2008-12-15 14:15:00,250.121,250.321,250.121,250.221,7
2008-12-15 14:16:00,250.622,250.772,250.121,250.221,41
2008-12-15 14:17:00,250.572,250.722,250.421,250.672,19
2008-12-15 14:18:00,250.421,250.572,250.421,250.521,9
2008-12-15 14:19:00,250.371,250.421,250.271,250.371,8
2008-12-15 14:20:00,250.371,250.521,250.371,250.421,7
2008-12-15 14:21:00,250.271,250.421,250.271,250.321,5
2008-12-15 14:22:00,250.421,250.571,250.321,250.321,14
2008-12-15 14:23:00,250.171,250.471,250.171,250.471,10
2008-12-15 14:24:00,250.271,250.421,250.021,250.221,29
2008-12-15 14:25:00,250.221,250.321,250.121,250.221,14
2008-12-15 14:26:00,250.321,250.421,250.271,250.271,7
2008-12-15 14:27:00,250.371,250.371,250.221,250.271,6
2008-12-15 14:28:00,250.221,250.321,250.221,250.321,7
2008-12-15 14:29:00,250.12,250.17,250.12,250.17,2
2008-12-15 14:30:00,250.17,250.371,250.07,250.22,26
2008-12-15 14:31:00,250.07,250.27,249.92,250.12,29
2008-12-15 14:32:00,250.12,250.32,250.02,250.12,21
2008-12-15 14:33:00,250.521,250.771,250.17,250.17,47
2008-12-15 14:34:00,250.02,250.671,249.92,250.621,25
2008-12-15 14:35:00,249.92,250.22,249.719,250.07,32
2008-12-15 14:36:00,250.12,250.12,249.619,249.87,34
2008-12-15 14:37:00,250.22,250.32,249.92,250.17,29
2008-12-15 14:38:00,250.52,250.52,249.97,250.17,25
2008-12-15 14:39:00,249.669,250.47,249.469,250.47,45
2008-12-15 14:40:00,249.269,249.719,249.118,249.719,30
2008-12-15 14:41:00,249.118,249.569,249.118,249.219,23
2008-12-15 14:42:00,249.319,249.619,249.018,249.018,44
2008-12-15 14:43:00,249.769,249.869,249.268,249.369,23
2008-12-15 14:44:00,249.569,250.019,249.519,249.869,31
2008-12-15 14:45:00,249.368,249.719,249.168,249.469,32
2008-12-15 14:46:00,249.519,249.569,249.118,249.318,38
2008-12-15 14:47:00,249.368,249.769,249.368,249.619,22
2008-12-15 14:48:00,249.769,249.869,249.318,249.468,31
2008-12-15 14:49:00,249.418,249.919,249.418,249.819,19
2008-12-15 14:50:00,249.118,249.468,249.068,249.468,18
2008-12-15 14:51:00,248.968,249.018,248.767,248.968,34
2008-12-15 14:52:00,248.617,249.068,248.517,248.918,64
2008-12-15 14:53:00,248.817,248.968,248.667,248.717,33
2008-12-15 14:54:00,248.767,248.917,248.667,248.767,16
2008-12-15 14:55:00,248.567,248.817,248.517,248.817,20
2008-12-15 14:56:00,248.717,248.817,248.216,248.617,39
2008-12-15 14:57:00,248.917,248.967,248.567,248.617,22
2008-12-15 14:58:00,248.467,249.017,248.316,248.967,58
2008-12-15 14:59:00,248.416,248.617,248.266,248.517,25
2008-12-15 15:00:00,248.166,248.366,248.016,248.316,42
2008-12-15 15:01:00,248.066,248.216,247.916,248.216,21
2008-12-15 15:02:00,248.216,248.316,247.816,248.016,30
2008-12-15 15:03:00,248.266,248.466,248.066,248.266,35
2008-12-15 15:04:00,248.116,248.266,247.966,248.166,18
2008-12-15 15:05:00,248.216,248.466,248.116,248.166,36
2008-12-15 15:06:00,247.915,248.216,247.865,248.166,37
2008-12-15 15:07:00,248.116,248.116,247.865,247.865,13
2008-12-15 15:08:00,248.366,248.466,248.066,248.166,12
2008-12-15 15:09:00,247.865,248.416,247.765,248.416,27
2008-12-15 15:10:00,247.865,247.865,247.565,247.815,16
2008-12-15 15:11:00,247.815,248.166,247.765,247.915,17
2008-12-15 15:12:00,247.765,248.366,247.715,247.865,54
2008-12-15 15:13:00,247.965,248.065,247.615,247.715,22
2008-12-15 15:14:00,248.015,248.416,248.015,248.015,20
2008-12-15 15:15:00,247.915,248.015,247.565,247.965,42
2008-12-15 15:16:00,248.215,248.215,247.815,247.965,27
2008-12-15 15:17:00,247.815,248.165,247.614,248.165,46
2008-12-15 15:18:00,247.915,248.065,247.665,247.865,19
2008-12-15 15:19:00,247.614,247.815,247.564,247.765,15
2008-12-15 15:20:00,247.014,247.564,246.964,247.564,65
2008-12-15 15:21:00,246.913,247.064,246.663,247.064,40
2008-12-15 15:22:00,246.212,246.863,246.162,246.863,36
2008-12-15 15:23:00,246.413,246.513,245.962,246.162,47
2008-12-15 15:24:00,246.613,246.613,246.413,246.463,15
2008-12-15 15:25:00,246.312,246.713,246.262,246.663,30
2008-12-15 15:26:00,246.813,246.913,246.362,246.362,29
2008-12-15 15:27:00,246.563,246.863,246.312,246.863,46
2008-12-15 15:28:00,246.963,246.963,246.312,246.513,35
2008-12-15 15:29:00,246.913,247.163,246.763,247.013,39
2008-12-15 15:30:00,247.063,247.063,246.512,246.963,37
2008-12-15 15:31:00,247.464,247.564,247.013,247.013,34
2008-12-15 15:32:00,247.614,247.714,247.464,247.514,34
2008-12-15 15:33:00,247.664,247.914,247.564,247.714,21
2008-12-15 15:34:00,247.764,247.864,247.614,247.714,17
2008-12-15 15:35:00,247.914,248.064,247.764,247.814,25
2008-12-15 15:36:00,247.413,247.964,247.413,247.964,27
2008-12-15 15:37:00,247.563,247.914,247.363,247.513,30
2008-12-15 15:38:00,247.713,247.864,247.513,247.613,32
2008-12-15 15:39:00,247.814,247.864,247.513,247.764,42
2008-12-15 15:40:00,247.513,247.763,247.513,247.763,14
2008-12-15 15:41:00,247.713,247.813,247.463,247.463,34
2008-12-15 15:42:00,247.964,247.964,247.613,247.613,21
2008-12-15 15:43:00,248.014,248.064,247.863,247.913,18
2008-12-15 15:44:00,247.713,248.114,247.663,248.064,32
2008-12-15 15:45:00,247.663,247.713,247.563,247.563,9
2008-12-15 15:46:00,247.613,248.013,247.563,247.713,23
2008-12-15 15:47:00,247.363,247.663,247.112,247.663,48
2008-12-15 15:48:00,246.812,247.312,246.812,247.312,18
2008-12-15 15:49:00,246.812,246.912,246.611,246.862,24
2008-12-15 15:50:00,246.511,246.912,246.511,246.862,17
2008-12-15 15:51:00,246.361,246.712,246.361,246.611,18
2008-12-15 15:52:00,246.812,246.962,246.361,246.411,20
2008-12-15 15:53:00,246.661,246.812,246.511,246.661,20
2008-12-15 15:54:00,246.361,246.711,246.161,246.711,23
2008-12-15 15:55:00,246.511,246.611,246.311,246.311,11
2008-12-15 15:56:00,246.361,246.561,246.311,246.461,22
2008-12-15 15:57:00,246.561,246.611,246.311,246.411,19
2008-12-15 15:58:00,246.261,246.511,246.16,246.461,22
2008-12-15 15:59:00,246.461,246.561,246.01,246.21,29
2008-12-15 16:00:00,246.01,246.411,246.01,246.411,19
2008-12-15 16:01:00,246.21,246.31,246.06,246.06,24
2008-12-15 16:02:00,246.461,246.611,246.01,246.16,30
2008-12-15 16:03:00,246.36,246.511,246.26,246.41,15
2008-12-15 16:04:00,246.36,246.511,246.06,246.41,31
2008-12-15 16:05:00,246.46,246.51,246.26,246.31,20
2008-12-15 16:06:00,246.611,246.811,246.31,246.41,24
2008-12-15 16:07:00,246.661,246.661,246.26,246.56,25
2008-12-15 16:08:00,247.161,247.161,246.61,246.61,22
2008-12-15 16:09:00,247.512,247.512,246.911,247.111,51
2008-12-15 16:10:00,247.161,247.562,247.161,247.562,43
2008-12-15 16:11:00,247.061,247.211,246.961,247.211,23
2008-12-15 16:12:00,247.261,247.461,246.81,247.011,31
2008-12-15 16:13:00,247.411,247.511,247.061,247.311,37
2008-12-15 16:14:00,247.762,247.762,247.311,247.461,19
2008-12-15 16:15:00,247.812,248.262,247.711,247.711,45
2008-12-15 16:16:00,248.262,248.262,247.661,247.761,33
2008-12-15 16:17:00,248.362,248.462,248.212,248.312,20
2008-12-15 16:18:00,248.262,248.362,248.062,248.312,25
2008-12-15 16:19:00,247.962,248.362,247.911,248.362,22
2008-12-15 16:20:00,247.911,248.162,247.861,248.012,23
2008-12-15 16:21:00,248.412,248.412,247.961,247.961,24
2008-12-15 16:22:00,248.362,248.462,248.312,248.462,9
2008-12-15 16:23:00,248.111,248.362,248.061,248.312,26
2008-12-15 16:24:00,248.111,248.162,247.811,248.162,26
2008-12-15 16:25:00,248.312,248.312,248.061,248.061,14
2008-12-15 16:26:00,248.211,248.312,248.161,248.262,12
2008-12-15 16:27:00,248.312,248.312,248.161,248.262,13
2008-12-15 16:28:00,248.211,248.312,248.061,248.211,24
2008-12-15 16:29:00,247.861,248.362,247.761,248.161,66
2008-12-15 16:30:00,247.36,247.861,247.26,247.811,69
2008-12-15 16:31:00,247.56,247.56,247.31,247.41,19
2008-12-15 16:32:00,247.46,247.56,247.46,247.46,7
2008-12-15 16:33:00,247.11,247.51,247.11,247.51,11
2008-12-15 16:34:00,246.309,247.26,246.309,247.06,61
2008-12-15 16:35:00,246.859,247.009,246.259,246.259,47
2008-12-15 16:36:00,247.31,247.31,246.909,246.909,19
2008-12-15 16:37:00,247.66,247.66,247.26,247.26,5
2008-12-15 16:38:00,247.46,247.71,247.36,247.51,15
2008-12-15 16:39:00,246.759,247.26,246.709,247.26,8
2008-12-15 16:40:00,246.358,246.809,246.358,246.809,6
2008-12-15 16:41:00,246.909,247.009,246.408,246.408,16
2008-12-15 16:42:00,247.009,247.009,246.709,246.709,10
2008-12-15 16:43:00,246.458,247.009,246.458,246.909,5
2008-12-15 16:44:00,246.759,246.759,246.308,246.408,8
2008-12-15 16:45:00,246.909,247.109,246.859,246.909,12
2008-12-15 16:46:00,247.059,247.159,247.059,247.159,3
2008-12-15 16:47:00,247.409,247.409,247.209,247.209,4
2008-12-15 16:48:00,247.86,247.86,247.76,247.76,2
2008-12-15 16:49:00,248.11,248.11,247.91,247.91,3
2008-12-15 16:50:00,248.26,248.41,248.21,248.21,7
2008-12-15 16:51:00,248.611,248.611,248.41,248.41,2
2008-12-15 16:52:00,248.761,248.761,248.661,248.661,2
2008-12-15 16:53:00,248.661,248.661,248.51,248.611,5
2008-12-15 16:54:00,248.61,248.61,248.61,248.61,1
2008-12-15 16:55:00,248.56,248.61,248.56,248.56,3
2008-12-15 16:56:00,248.61,248.811,248.61,248.66,4
2008-12-15 16:57:00,248.21,248.36,248.21,248.36,3
2008-12-15 16:58:00,248.06,248.06,248.06,248.06,1
2008-12-15 16:59:00,248.009,248.009,248.009,248.009,1
2008-12-15 17:00:00,247.809,248.11,247.809,248.059,4
2008-12-15 17:02:00,247.859,247.859,247.859,247.859,1
2008-12-15 17:04:00,248.009,248.009,248.009,248.009,1
2008-12-15 17:05:00,248.109,248.109,248.109,248.109,1
2008-12-15 17:06:00,248.46,248.46,248.46,248.46,1
2008-12-15 17:08:00,248.56,248.61,248.56,248.61,2
2008-12-15 17:09:00,248.61,248.61,248.61,248.61,1
2008-12-15 17:10:00,248.81,248.81,248.81,248.81,1
2008-12-15 17:13:00,248.91,249.01,248.91,248.91,3
2008-12-15 17:14:00,249.01,249.11,248.96,248.96,6
2008-12-16 07:00:00,248.013,248.264,247.813,248.264,11
2008-12-16 07:01:00,247.763,248.163,247.763,248.113,6
2008-12-16 07:02:00,247.212,247.563,247.212,247.563,12
2008-12-16 07:03:00,246.762,247.212,246.662,247.162,11
2008-12-16 07:04:00,246.812,247.112,246.712,246.712,5
2008-12-16 07:05:00,246.762,246.962,246.762,246.962,3
2008-12-16 07:06:00,246.962,246.962,246.912,246.912,2
2008-12-16 07:07:00,247.412,247.412,247.112,247.112,4
2008-12-16 07:08:00,247.112,247.312,247.112,247.312,4
2008-12-16 07:09:00,246.862,246.862,246.862,246.862,1
2008-12-16 07:10:00,246.661,246.761,246.661,246.761,3
2008-12-16 07:11:00,246.311,246.561,246.311,246.561,3
2008-12-16 07:12:00,246.461,246.461,246.211,246.211,3
2008-12-16 07:13:00,246.511,246.511,246.511,246.511,1
2008-12-16 07:14:00,246.561,246.561,246.561,246.561,1
2008-12-16 07:15:00,246.261,246.361,246.261,246.361,3
2008-12-16 07:17:00,246.511,246.511,246.261,246.361,3
2008-12-16 07:18:00,246.311,246.311,246.311,246.311,1
2008-12-16 07:19:00,246.361,246.361,246.361,246.361,1
2008-12-16 07:20:00,246.461,246.461,246.461,246.461,1
2008-12-16 07:22:00,246.36,246.36,246.36,246.36,1
2008-12-16 07:23:00,246.46,246.46,246.46,246.46,1
2008-12-16 07:24:00,246.56,246.56,246.51,246.51,2
2008-12-16 07:25:00,246.41,246.41,246.21,246.41,5
2008-12-16 07:28:00,246.51,246.51,246.51,246.51,1
2008-12-16 07:29:00,245.96,246.46,245.96,246.46,9
2008-12-16 07:31:00,245.809,245.909,245.809,245.909,4
2008-12-16 07:32:00,245.859,245.859,245.859,245.859,1
2008-12-16 07:33:00,246.109,246.109,246.009,246.009,2
2008-12-16 07:36:00,245.959,245.959,245.959,245.959,1
2008-12-16 07:39:00,246.009,246.009,246.009,246.009,1
2008-12-16 07:41:00,246.109,246.109,246.109,246.109,1
2008-12-16 07:46:00,246.309,246.309,246.209,246.209,3
2008-12-16 07:47:00,246.409,246.409,246.409,246.409,1
2008-12-16 07:48:00,246.459,246.459,246.459,246.459,1
2008-12-16 07:51:00,246.409,246.409,246.409,246.409,1
2008-12-16 07:52:00,246.459,246.459,246.459,246.459,1
2008-12-16 07:53:00,246.409,246.409,246.409,246.409,1
2008-12-16 07:57:00,246.408,246.408,246.258,246.308,4
2008-12-16 07:58:00,246.308,246.308,246.308,246.308,1
2008-12-16 07:59:00,246.458,246.458,246.208,246.208,4
2008-12-16 08:00:00,246.308,246.508,245.758,246.308,40
2008-12-16 08:01:00,247.009,247.109,246.408,246.408,50
2008-12-16 08:02:00,247.409,247.509,247.159,247.209,47
2008-12-16 08:03:00,247.71,247.76,247.409,247.509,43
2008-12-16 08:04:00,247.96,248.11,247.609,247.659,48
2008-12-16 08:05:00,247.759,248.11,247.709,248.01,65
2008-12-16 08:06:00,247.609,247.91,247.559,247.81,40
2008-12-16 08:07:00,247.559,247.709,247.459,247.659,32
2008-12-16 08:08:00,247.309,247.509,247.259,247.459,32
2008-12-16 08:09:00,247.559,247.659,247.259,247.259,24
2008-12-16 08:10:00,247.709,247.759,247.559,247.609,14
2008-12-16 08:11:00,247.158,247.809,247.058,247.759,30
2008-12-16 08:12:00,247.158,247.209,247.058,247.058,15
2008-12-16 08:13:00,246.958,247.158,246.958,247.108,13
2008-12-16 08:14:00,246.908,246.958,246.758,246.858,15
2008-12-16 08:15:00,246.808,246.958,246.758,246.858,24
2008-12-16 08:16:00,246.658,246.858,246.608,246.758,18
2008-12-16 08:17:00,246.357,246.708,246.307,246.608,34
2008-12-16 08:18:00,246.057,246.357,245.957,246.307,34
2008-12-16 08:19:00,246.057,246.207,246.007,246.007,11
2008-12-16 08:20:00,245.757,246.107,245.656,246.107,26
2008-12-16 08:21:00,245.957,246.107,245.656,245.706,33
2008-12-16 08:22:00,245.957,246.057,245.706,246.007,20
2008-12-16 08:23:00,246.207,246.207,246.007,246.007,14
2008-12-16 08:24:00,246.257,246.407,246.057,246.257,22
2008-12-16 08:25:00,246.307,246.407,246.057,246.357,21
2008-12-16 08:26:00,246.457,246.507,246.357,246.357,8
2008-12-16 08:27:00,246.407,246.557,246.357,246.507,26
2008-12-16 08:28:00,246.257,246.457,246.157,246.457,12
2008-12-16 08:29:00,246.257,246.257,245.956,246.157,20
2008-12-16 08:30:00,246.156,246.407,246.006,246.307,24
2008-12-16 08:31:00,246.106,246.206,246.106,246.206,9
2008-12-16 08:32:00,246.707,246.707,246.156,246.206,18
2008-12-16 08:33:00,246.807,246.807,246.507,246.657,20
2008-12-16 08:34:00,246.957,246.957,246.807,246.857,11
2008-12-16 08:35:00,247.257,247.257,246.857,247.007,28
2008-12-16 08:36:00,246.907,247.257,246.907,247.207,17
2008-12-16 08:37:00,246.957,247.157,246.907,246.957,20
2008-12-16 08:38:00,246.857,247.007,246.807,247.007,8
2008-12-16 08:39:00,246.506,246.807,246.306,246.757,22
2008-12-16 08:40:00,246.506,246.556,246.306,246.406,13
2008-12-16 08:41:00,246.356,246.456,246.356,246.456,9
2008-12-16 08:42:00,246.056,246.306,246.056,246.306,6
2008-12-16 08:43:00,246.056,246.256,245.956,246.106,15
2008-12-16 08:44:00,245.905,246.106,245.905,246.006,13
2008-12-16 08:45:00,245.555,245.855,245.405,245.855,31
2008-12-16 08:46:00,245.455,245.755,245.405,245.655,22
2008-12-16 08:47:00,245.555,245.555,245.355,245.405,9
2008-12-16 08:48:00,245.655,245.705,245.505,245.605,17
2008-12-16 08:49:00,246.155,246.205,245.555,245.605,21
2008-12-16 08:50:00,245.755,246.255,245.755,246.205,28
2008-12-16 08:51:00,246.506,246.506,245.805,245.805,16
2008-12-16 08:52:00,246.556,246.656,246.456,246.556,14
2008-12-16 08:53:00,246.355,246.656,246.355,246.606,11
2008-12-16 08:54:00,245.955,246.305,245.705,246.305,38
2008-12-16 08:55:00,246.305,246.305,245.905,246.005,26
2008-12-16 08:56:00,246.105,246.305,246.055,246.255,6
2008-12-16 08:57:00,246.155,246.205,246.155,246.155,3
2008-12-16 08:58:00,246.005,246.205,245.855,246.205,24
2008-12-16 08:59:00,246.305,246.305,246.005,246.055,7
2008-12-16 09:00:00,246.405,246.455,246.405,246.405,3
2008-12-16 09:01:00,246.805,246.805,246.505,246.505,8
2008-12-16 09:02:00,246.655,246.905,246.605,246.755,13
2008-12-16 09:03:00,246.855,247.056,246.705,246.755,16
2008-12-16 09:04:00,246.855,247.005,246.855,246.955,7
2008-12-16 09:05:00,247.005,247.156,246.955,246.955,15
2008-12-16 09:06:00,246.705,247.005,246.705,246.955,12
2008-12-16 09:07:00,246.855,247.005,246.705,246.755,10
2008-12-16 09:08:00,246.855,246.955,246.805,246.905,6
2008-12-16 09:09:00,246.755,246.905,246.705,246.905,7
2008-12-16 09:10:00,247.205,247.456,246.805,246.805,41
2008-12-16 09:11:00,247.305,247.506,247.305,247.305,19
2008-12-16 09:12:00,247.455,247.456,247.255,247.355,16
2008-12-16 09:13:00,247.355,247.506,247.255,247.506,16
2008-12-16 09:14:00,247.405,247.405,247.305,247.305,5
2008-12-16 09:15:00,247.355,247.455,247.155,247.205,11
2008-12-16 09:16:00,247.355,247.706,247.305,247.455,25
2008-12-16 09:17:00,247.405,247.605,247.305,247.405,24
2008-12-16 09:18:00,247.755,247.755,247.455,247.455,25
2008-12-16 09:19:00,247.956,248.106,247.705,247.805,21
2008-12-16 09:20:00,247.905,248.156,247.905,248.006,24
2008-12-16 09:21:00,248.006,248.106,247.855,247.956,10
2008-12-16 09:22:00,247.905,247.955,247.755,247.955,21
2008-12-16 09:23:00,247.755,247.905,247.655,247.855,13
2008-12-16 09:24:00,247.955,247.955,247.805,247.805,9
2008-12-16 09:25:00,247.955,248.055,247.955,248.005,14
2008-12-16 09:26:00,248.005,248.005,247.905,248.005,6
2008-12-16 09:27:00,247.905,248.005,247.905,247.955,5
2008-12-16 09:28:00,247.855,247.905,247.855,247.855,3
2008-12-16 09:29:00,248.105,248.456,247.955,247.955,66
2008-12-16 09:30:00,248.205,248.305,248.005,248.055,20
2008-12-16 09:31:00,248.506,248.656,248.305,248.305,32
2008-12-16 09:32:00,248.706,248.856,248.556,248.556,23
2008-12-16 09:33:00,249.056,249.106,248.756,248.756,30
2008-12-16 09:34:00,249.406,249.406,248.956,249.006,31
2008-12-16 09:35:00,249.757,249.907,249.406,249.506,60
2008-12-16 09:36:00,249.506,249.707,249.406,249.707,22
2008-12-16 09:37:00,249.306,249.606,249.306,249.556,19
2008-12-16 09:38:00,249.907,250.057,249.356,249.356,58
2008-12-16 09:39:00,249.606,249.907,249.606,249.857,28
2008-12-16 09:40:00,249.406,249.656,249.356,249.656,21
2008-12-16 09:41:00,249.256,249.456,249.256,249.456,17
2008-12-16 09:42:00,249.106,249.406,249.106,249.206,28
2008-12-16 09:43:00,249.456,249.456,249.156,249.206,16
2008-12-16 09:44:00,249.105,249.506,249.105,249.506,22
2008-12-16 09:45:00,248.955,249.155,248.955,249.155,16
2008-12-16 09:46:00,248.755,249.105,248.705,249.055,34
2008-12-16 09:47:00,248.655,248.905,248.655,248.705,22
2008-12-16 09:48:00,248.404,248.705,248.404,248.705,10
2008-12-16 09:49:00,248.304,248.555,248.304,248.455,16
2008-12-16 09:50:00,248.404,248.454,248.204,248.354,25
2008-12-16 09:51:00,248.554,248.554,248.354,248.454,23
2008-12-16 09:52:00,248.504,248.655,248.454,248.504,13
2008-12-16 09:53:00,248.404,248.554,248.404,248.554,9
2008-12-16 09:54:00,248.604,248.604,248.504,248.504,7
2008-12-16 09:55:00,248.704,248.754,248.504,248.554,22
2008-12-16 09:56:00,249.155,249.155,248.704,248.754,37
2008-12-16 09:57:00,248.854,249.205,248.854,249.205,13
2008-12-16 09:58:00,248.754,248.854,248.604,248.704,18
2008-12-16 09:59:00,248.554,248.804,248.554,248.804,10
2008-12-16 10:00:00,248.504,248.604,248.404,248.504,23
2008-12-16 10:01:00,248.504,248.604,248.504,248.554,6
2008-12-16 10:02:00,248.554,248.604,248.504,248.554,5
2008-12-16 10:03:00,248.654,248.854,248.604,248.654,16
2008-12-16 10:04:00,248.704,248.754,248.554,248.704,11
2008-12-16 10:05:00,248.754,248.954,248.754,248.754,18
2008-12-16 10:06:00,248.754,248.804,248.654,248.704,12
2008-12-16 10:07:00,248.704,248.804,248.654,248.804,4
2008-12-16 10:08:00,248.704,248.704,248.604,248.654,11
2008-12-16 10:09:00,248.654,248.904,248.554,248.654,22
2008-12-16 10:10:00,248.704,248.704,248.603,248.604,11
2008-12-16 10:11:00,248.754,248.804,248.754,248.754,3
2008-12-16 10:12:00,248.703,248.804,248.603,248.804,8
2008-12-16 10:13:00,248.553,248.653,248.453,248.653,9
2008-12-16 10:14:00,248.403,248.503,248.353,248.503,7
2008-12-16 10:15:00,248.353,248.453,248.303,248.453,7
2008-12-16 10:16:00,248.553,248.553,248.203,248.303,17
2008-12-16 10:17:00,248.703,248.803,248.603,248.603,7
2008-12-16 10:18:00,248.653,248.753,248.653,248.753,4
2008-12-16 10:19:00,248.653,248.703,248.603,248.703,7
2008-12-16 10:20:00,248.703,248.703,248.703,248.703,1
2008-12-16 10:21:00,248.653,248.703,248.553,248.603,7
2008-12-16 10:22:00,248.753,248.753,248.703,248.703,2
2008-12-16 10:23:00,248.503,248.853,248.353,248.653,30
2008-12-16 10:24:00,248.302,248.453,248.202,248.453,16
2008-12-16 10:25:00,248.202,248.252,248.152,248.252,10
2008-12-16 10:26:00,248.553,248.603,248.252,248.252,14
2008-12-16 10:27:00,248.352,248.703,248.352,248.603,12
2008-12-16 10:28:00,248.502,248.502,248.452,248.452,4
2008-12-16 10:29:00,248.402,248.502,248.352,248.452,9
2008-12-16 10:30:00,248.402,248.552,248.302,248.452,21
2008-12-16 10:31:00,248.502,248.502,248.402,248.452,8
2008-12-16 10:32:00,248.302,248.452,248.202,248.402,29
2008-12-16 10:33:00,248.552,248.602,248.352,248.352,16
2008-12-16 10:34:00,248.402,248.602,248.252,248.602,18
2008-12-16 10:35:00,248.252,248.502,248.252,248.452,7
2008-12-16 10:37:00,248.552,248.602,248.102,248.202,17
2008-12-16 10:38:00,248.452,248.602,248.352,248.602,7
2008-12-16 10:39:00,248.402,248.402,248.302,248.302,3
2008-12-16 10:40:00,248.452,248.452,248.352,248.452,7
2008-12-16 10:41:00,248.352,248.402,248.352,248.402,4
2008-12-16 10:42:00,248.402,248.452,248.351,248.452,6
2008-12-16 10:43:00,248.251,248.401,248.101,248.351,13
2008-12-16 10:44:00,248.301,248.301,248.201,248.201,2
2008-12-16 10:45:00,248.151,248.251,248.151,248.201,5
2008-12-16 10:46:00,248.251,248.301,248.101,248.101,5
2008-12-16 10:47:00,248.301,248.351,248.251,248.301,5
2008-12-16 10:48:00,248.201,248.451,248.151,248.351,11
2008-12-16 10:49:00,248.151,248.151,248.151,248.151,1
2008-12-16 10:50:00,248.151,248.151,248.051,248.101,4
2008-12-16 10:51:00,248.351,248.401,248.201,248.201,11
2008-12-16 10:52:00,248.251,248.251,248.251,248.251,1
2008-12-16 10:53:00,248.001,248.201,248.001,248.201,5
2008-12-16 10:54:00,248.151,248.151,248.051,248.051,9
2008-12-16 10:55:00,247.75,248.101,247.65,248.101,22
2008-12-16 10:56:00,247.5,247.7,247.5,247.7,9
2008-12-16 10:57:00,247.5,247.6,247.45,247.55,21
2008-12-16 10:58:00,247.5,247.6,247.45,247.6,12
2008-12-16 10:59:00,247.45,247.55,247.4,247.45,12
2008-12-16 11:00:00,247.349,247.5,247.299,247.4,19
2008-12-16 11:01:00,247.199,247.5,247.149,247.299,27
2008-12-16 11:02:00,247.199,247.299,247.049,247.149,17
2008-12-16 11:03:00,247.149,247.249,247.149,247.249,5
2008-12-16 11:04:00,246.999,247.149,246.999,247.099,14
2008-12-16 11:05:00,246.849,246.949,246.799,246.949,9
2008-12-16 11:06:00,246.999,247.099,246.799,246.799,12
2008-12-16 11:07:00,246.899,247.049,246.899,247.049,9
2008-12-16 11:08:00,246.899,246.999,246.849,246.949,8
2008-12-16 11:09:00,246.848,246.849,246.748,246.849,5
2008-12-16 11:10:00,246.698,246.798,246.548,246.798,15
2008-12-16 11:11:00,246.748,246.848,246.698,246.798,9
2008-12-16 11:12:00,246.598,246.748,246.498,246.698,12
2008-12-16 11:13:00,246.448,246.548,246.448,246.548,6
2008-12-16 11:14:00,246.448,246.498,246.398,246.498,3
2008-12-16 11:15:00,246.398,246.548,246.248,246.498,7
2008-12-16 11:16:00,246.348,246.498,246.348,246.448,10
2008-12-16 11:17:00,245.897,246.298,245.847,246.298,20
2008-12-16 11:18:00,246.047,246.097,245.947,245.947,16
2008-12-16 11:19:00,246.097,246.097,245.947,245.997,4
2008-12-16 11:20:00,246.247,246.247,246.047,246.147,10
2008-12-16 11:21:00,246.297,246.297,246.147,246.147,6
2008-12-16 11:22:00,246.247,246.397,246.047,246.247,17
2008-12-16 11:23:00,246.347,246.397,246.297,246.297,6
2008-12-16 11:24:00,246.297,246.397,246.297,246.397,2
2008-12-16 11:25:00,246.397,246.447,246.247,246.247,10
2008-12-16 11:26:00,246.747,246.798,246.447,246.447,20
2008-12-16 11:27:00,246.797,246.898,246.697,246.697,13
2008-12-16 11:28:00,246.747,246.847,246.647,246.747,6
2008-12-16 11:29:00,246.797,246.847,246.797,246.797,3
2008-12-16 11:30:00,246.997,246.997,246.797,246.847,9
2008-12-16 11:31:00,246.997,247.148,246.997,247.047,4
2008-12-16 11:32:00,246.947,247.047,246.947,247.047,7
2008-12-16 11:33:00,246.897,246.947,246.847,246.847,3
2008-12-16 11:35:00,246.997,246.997,246.947,246.947,2
2008-12-16 11:36:00,247.297,247.297,246.947,246.947,11
2008-12-16 11:37:00,247.097,247.247,246.897,247.247,18
2008-12-16 11:38:00,247.047,247.297,246.997,247.047,14
2008-12-16 11:39:00,246.947,246.997,246.747,246.997,12
2008-12-16 11:40:00,247.097,247.097,246.897,246.897,9
2008-12-16 11:41:00,246.947,246.947,246.947,246.947,1
2008-12-16 11:42:00,246.847,246.897,246.847,246.897,2
2008-12-16 11:43:00,246.847,246.897,246.797,246.897,8
2008-12-16 11:44:00,246.646,246.797,246.646,246.797,12
2008-12-16 11:45:00,246.546,246.696,246.546,246.696,5
2008-12-16 11:46:00,246.496,246.496,246.496,246.496,1
2008-12-16 11:47:00,246.496,246.546,246.496,246.546,2
2008-12-16 11:48:00,246.896,246.896,246.446,246.446,12
2008-12-16 11:49:00,246.796,246.796,246.796,246.796,1
2008-12-16 11:50:00,246.796,246.896,246.796,246.896,3
2008-12-16 11:51:00,246.696,246.746,246.646,246.746,3
2008-12-16 11:52:00,246.846,246.946,246.746,246.746,10
2008-12-16 11:53:00,246.896,246.896,246.796,246.896,3
2008-12-16 11:54:00,246.896,246.896,246.796,246.846,4
2008-12-16 11:55:00,246.796,246.846,246.646,246.846,7
2008-12-16 11:56:00,246.596,246.796,246.596,246.746,9
2008-12-16 11:57:00,246.546,246.646,246.546,246.646,5
2008-12-16 11:58:00,246.646,246.746,246.546,246.596,7
2008-12-16 11:59:00,246.696,246.746,246.696,246.696,3
2008-12-16 12:00:00,246.846,246.846,246.696,246.746,14
2008-12-16 12:01:00,246.996,246.996,246.796,246.796,5
2008-12-16 12:02:00,246.996,246.996,246.896,246.946,6
2008-12-16 12:03:00,246.946,246.946,246.896,246.946,3
2008-12-16 12:04:00,246.896,246.996,246.795,246.846,5
2008-12-16 12:05:00,246.895,246.996,246.895,246.946,4
2008-12-16 12:06:00,246.945,246.945,246.845,246.945,4
2008-12-16 12:07:00,246.845,246.945,246.845,246.895,4
2008-12-16 12:08:00,246.845,246.845,246.795,246.795,2
2008-12-16 12:09:00,247.045,247.145,246.945,246.945,13
2008-12-16 12:10:00,247.296,247.346,247.045,247.095,21
2008-12-16 12:11:00,247.296,247.446,247.246,247.396,7
2008-12-16 12:12:00,247.295,247.396,247.245,247.346,6
2008-12-16 12:13:00,247.345,247.396,247.345,247.396,2
2008-12-16 12:14:00,247.395,247.395,247.295,247.395,5
2008-12-16 12:15:00,247.345,247.445,247.345,247.345,4
2008-12-16 12:16:00,247.295,247.295,247.195,247.295,5
2008-12-16 12:17:00,247.646,247.696,247.345,247.345,21
2008-12-16 12:18:00,247.645,247.846,247.595,247.696,10
2008-12-16 12:19:00,248.196,248.246,247.696,247.696,21
2008-12-16 12:20:00,248.246,248.396,248.146,248.246,10
2008-12-16 12:21:00,248.496,248.596,248.246,248.296,20
2008-12-16 12:22:00,248.596,248.596,248.346,248.446,9
2008-12-16 12:23:00,248.396,248.596,248.196,248.546,12
2008-12-16 12:24:00,247.995,248.396,247.945,248.346,15
2008-12-16 12:25:00,248.046,248.096,247.995,248.046,7
2008-12-16 12:26:00,248.446,248.496,248.045,248.146,15
2008-12-16 12:27:00,248.396,248.446,248.196,248.396,13
2008-12-16 12:28:00,248.045,248.346,248.045,248.346,5
2008-12-16 12:29:00,248.045,248.145,248.045,248.145,3
2008-12-16 12:30:00,247.845,247.995,247.845,247.995,4
2008-12-16 12:31:00,247.945,248.045,247.795,247.895,11
2008-12-16 12:32:00,247.945,247.945,247.745,247.845,13
2008-12-16 12:33:00,248.045,248.045,247.895,247.895,4
2008-12-16 12:34:00,248.095,248.095,247.945,247.995,7
2008-12-16 12:35:00,247.995,248.145,247.745,248.045,16
2008-12-16 12:36:00,248.095,248.345,247.895,247.945,24
2008-12-16 12:37:00,248.145,248.145,247.995,248.045,4
2008-12-16 12:38:00,248.045,248.245,248.045,248.095,11
2008-12-16 12:39:00,248.345,248.395,248.145,248.145,6
2008-12-16 12:40:00,248.445,248.545,248.395,248.395,18
2008-12-16 12:41:00,248.595,248.645,248.495,248.495,8
2008-12-16 12:42:00,248.345,248.645,248.245,248.545,10
2008-12-16 12:43:00,248.245,248.445,248.145,248.395,19
2008-12-16 12:44:00,248.044,248.145,247.944,248.145,10
2008-12-16 12:45:00,248.245,248.295,248.145,248.145,9
2008-12-16 12:46:00,248.295,248.295,248.195,248.195,5
2008-12-16 12:47:00,248.445,248.545,248.245,248.345,12
2008-12-16 12:48:00,248.144,248.395,248.144,248.395,7
2008-12-16 12:49:00,248.144,248.194,248.094,248.094,8
2008-12-16 12:50:00,248.094,248.144,248.094,248.094,3
2008-12-16 12:51:00,248.094,248.144,248.094,248.144,6
2008-12-16 12:52:00,247.744,248.144,247.744,248.144,9
2008-12-16 12:53:00,247.744,247.844,247.594,247.844,24
2008-12-16 12:54:00,247.694,247.744,247.694,247.694,3
2008-12-16 12:55:00,247.643,247.644,247.443,247.644,22
2008-12-16 12:56:00,247.093,247.593,247.043,247.593,19
2008-12-16 12:57:00,247.193,247.243,246.943,247.043,26
2008-12-16 12:58:00,247.343,247.743,247.293,247.293,33
2008-12-16 12:59:00,247.443,247.443,247.243,247.393,22
2008-12-16 13:00:00,247.493,247.593,247.093,247.343,35
2008-12-16 13:01:00,247.493,247.593,247.343,247.593,8
2008-12-16 13:02:00,247.393,247.493,247.393,247.443,9
2008-12-16 13:03:00,247.443,247.593,247.293,247.343,10
2008-12-16 13:04:00,247.493,247.593,247.343,247.393,9
2008-12-16 13:06:00,247.843,247.843,247.593,247.593,14
2008-12-16 13:07:00,247.993,247.993,247.793,247.793,6
2008-12-16 13:08:00,247.643,247.943,247.543,247.943,12
2008-12-16 13:09:00,247.643,247.793,247.643,247.743,6
2008-12-16 13:10:00,247.843,247.843,247.593,247.743,10
2008-12-16 13:11:00,247.593,247.793,247.593,247.793,3
2008-12-16 13:12:00,247.542,247.693,247.542,247.693,6
2008-12-16 13:13:00,247.793,247.793,247.592,247.592,7
2008-12-16 13:14:00,247.943,248.093,247.692,247.743,15
2008-12-16 13:15:00,247.993,248.143,247.492,247.893,89
2008-12-16 13:16:00,247.142,248.293,247.142,248.093,46
2008-12-16 13:17:00,247.192,247.342,246.791,247.192,42
2008-12-16 13:18:00,247.242,247.542,246.992,247.142,21
2008-12-16 13:19:00,247.342,247.542,247.092,247.092,13
2008-12-16 13:20:00,246.991,247.342,246.891,247.142,25
2008-12-16 13:21:00,247.091,247.192,246.941,246.941,12
2008-12-16 13:22:00,247.141,247.142,246.991,247.142,8
2008-12-16 13:23:00,247.242,247.392,247.091,247.091,10
2008-12-16 13:24:00,247.141,247.141,247.141,247.141,1
2008-12-16 13:25:00,247.392,247.392,247.041,247.091,10
2008-12-16 13:26:00,247.241,247.291,247.241,247.291,2
2008-12-16 13:27:00,247.792,247.892,247.241,247.341,16
2008-12-16 13:28:00,247.542,247.742,247.391,247.642,13
2008-12-16 13:29:00,247.541,247.542,247.191,247.441,22
2008-12-16 13:30:00,247.041,247.892,246.641,247.291,88
2008-12-16 13:31:00,246.941,247.041,246.691,246.891,29
2008-12-16 13:32:00,246.841,247.191,246.841,246.991,19
2008-12-16 13:33:00,246.69,246.891,246.54,246.891,25
2008-12-16 13:34:00,246.69,246.74,246.59,246.74,8
2008-12-16 13:35:00,246.59,246.991,246.54,246.64,28
2008-12-16 13:36:00,246.59,246.59,246.34,246.49,19
2008-12-16 13:37:00,246.39,246.54,246.39,246.54,8
2008-12-16 13:38:00,246.24,246.54,246.19,246.44,17
2008-12-16 13:39:00,246.24,246.24,246.14,246.14,16
2008-12-16 13:40:00,246.089,246.14,245.889,246.14,17
2008-12-16 13:41:00,245.839,246.039,245.789,246.039,9
2008-12-16 13:42:00,245.939,245.989,245.889,245.939,5
2008-12-16 13:43:00,246.089,246.239,246.039,246.039,10
2008-12-16 13:44:00,246.39,246.39,246.039,246.039,11
2008-12-16 13:45:00,246.59,246.74,246.44,246.44,20
2008-12-16 13:46:00,246.74,246.74,246.54,246.54,7
2008-12-16 13:47:00,246.439,246.74,246.439,246.64,19
2008-12-16 13:48:00,246.539,246.54,246.439,246.489,11
2008-12-16 13:49:00,246.64,246.69,246.439,246.59,24
2008-12-16 13:50:00,246.84,246.89,246.539,246.589,25
2008-12-16 13:51:00,246.74,246.79,246.74,246.79,4
2008-12-16 13:52:00,246.79,246.79,246.739,246.79,3
2008-12-16 13:53:00,246.94,247.09,246.84,246.84,8
2008-12-16 13:54:00,247.14,247.24,246.99,246.99,12
2008-12-16 13:55:00,247.19,247.34,247.19,247.19,9
2008-12-16 13:56:00,247.09,247.29,247.09,247.14,9
2008-12-16 13:57:00,247.24,247.24,247.04,247.04,6
2008-12-16 13:58:00,247.19,247.24,247.19,247.19,3
2008-12-16 13:59:00,246.939,247.139,246.889,247.139,10
2008-12-16 14:00:00,246.939,246.939,246.839,246.889,3
2008-12-16 14:01:00,246.989,246.989,246.889,246.889,5
2008-12-16 14:02:00,247.239,247.239,247.089,247.139,6
2008-12-16 14:03:00,247.54,247.54,247.289,247.289,10
2008-12-16 14:04:00,247.59,247.64,247.49,247.49,6
2008-12-16 14:05:00,247.69,247.69,247.54,247.64,8
2008-12-16 14:06:00,247.84,247.84,247.74,247.79,4
2008-12-16 14:07:00,247.94,247.99,247.89,247.99,10
2008-12-16 14:08:00,247.94,248.04,247.89,247.99,8
2008-12-16 14:09:00,247.94,247.99,247.94,247.99,2
2008-12-16 14:10:00,247.789,247.89,247.589,247.89,19
2008-12-16 14:11:00,247.94,247.94,247.739,247.739,7
2008-12-16 14:12:00,247.94,247.99,247.839,247.99,8
2008-12-16 14:13:00,247.589,247.839,247.539,247.839,10
2008-12-16 14:14:00,247.489,247.689,247.489,247.639,10
2008-12-16 14:15:00,247.289,247.439,247.189,247.439,10
2008-12-16 14:16:00,247.439,247.489,247.339,247.339,5
2008-12-16 14:17:00,247.038,247.339,247.038,247.339,9
2008-12-16 14:18:00,246.588,246.988,246.488,246.988,42
2008-12-16 14:19:00,246.588,246.788,246.488,246.638,25
2008-12-16 14:20:00,246.438,246.538,246.338,246.538,6
2008-12-16 14:21:00,246.087,246.488,246.037,246.388,26
2008-12-16 14:22:00,245.987,246.137,245.787,246.037,46
2008-12-16 14:23:00,246.137,246.137,245.837,245.937,13
2008-12-16 14:24:00,246.137,246.187,245.837,246.187,30
2008-12-16 14:25:00,245.937,246.087,245.937,246.087,15
2008-12-16 14:26:00,245.937,245.937,245.587,245.887,37
2008-12-16 14:27:00,245.987,246.137,245.837,245.837,12
2008-12-16 14:28:00,246.187,246.237,245.987,246.037,13
2008-12-16 14:29:00,246.087,246.287,246.037,246.237,15
2008-12-16 14:30:00,246.287,246.287,245.736,246.137,40
2008-12-16 14:31:00,246.437,246.437,246.087,246.237,32
2008-12-16 14:32:00,246.237,246.487,246.137,246.487,20
2008-12-16 14:33:00,246.187,246.337,246.037,246.287,29
2008-12-16 14:34:00,246.787,246.837,246.287,246.287,28
2008-12-16 14:35:00,247.087,247.188,246.487,246.737,44
2008-12-16 14:36:00,247.087,247.338,246.937,247.037,46
2008-12-16 14:37:00,247.338,247.438,247.037,247.137,39
2008-12-16 14:38:00,247.788,247.938,247.388,247.388,58
2008-12-16 14:39:00,247.588,247.938,247.538,247.838,39
2008-12-16 14:40:00,247.938,248.138,247.488,247.638,42
2008-12-16 14:41:00,247.938,248.088,247.838,247.888,21
2008-12-16 14:42:00,248.288,248.338,247.938,247.988,20
2008-12-16 14:43:00,248.238,248.438,248.138,248.388,19
2008-12-16 14:44:00,248.038,248.288,247.988,248.188,37
2008-12-16 14:45:00,248.538,248.739,248.088,248.088,64
2008-12-16 14:46:00,248.488,248.638,248.338,248.588,14
2008-12-16 14:47:00,248.688,249.039,248.488,248.538,54
2008-12-16 14:48:00,248.238,248.638,248.188,248.638,28
2008-12-16 14:49:00,247.887,248.288,247.837,248.188,23
2008-12-16 14:50:00,248.088,248.288,247.787,247.837,35
2008-12-16 14:51:00,248.088,248.238,247.887,248.038,30
2008-12-16 14:52:00,248.138,248.338,248.037,248.138,28
2008-12-16 14:53:00,247.937,248.338,247.887,248.087,15
2008-12-16 14:54:00,248.137,248.187,247.837,247.887,18
2008-12-16 14:55:00,248.388,248.538,248.137,248.187,23
2008-12-16 14:56:00,248.137,248.638,248.137,248.538,29
2008-12-16 14:57:00,247.737,248.488,247.737,248.187,26
2008-12-16 14:58:00,248.287,248.387,247.737,247.787,17
2008-12-16 14:59:00,248.337,248.387,247.837,248.237,28
2008-12-16 15:00:00,247.787,248.287,247.737,248.237,37
2008-12-16 15:01:00,247.937,248.087,247.687,247.837,38
2008-12-16 15:02:00,247.737,247.937,247.586,247.837,13
2008-12-16 15:03:00,248.287,248.287,247.636,247.687,18
2008-12-16 15:04:00,248.487,248.587,248.087,248.187,35
2008-12-16 15:05:00,248.187,248.587,248.187,248.537,8
2008-12-16 15:06:00,248.737,248.837,248.237,248.237,18
2008-12-16 15:07:00,248.637,248.737,248.487,248.687,25
2008-12-16 15:08:00,248.787,248.887,248.637,248.687,21
2008-12-16 15:09:00,248.787,248.887,248.687,248.737,15
2008-12-16 15:10:00,248.887,248.937,248.737,248.737,6
2008-12-16 15:11:00,248.887,249.087,248.787,248.937,18
2008-12-16 15:12:00,248.487,248.987,248.487,248.937,16
2008-12-16 15:13:00,248.687,248.687,248.387,248.437,20
2008-12-16 15:14:00,248.687,248.887,248.587,248.737,28
2008-12-16 15:15:00,248.637,248.737,248.587,248.737,5
2008-12-16 15:16:00,248.286,248.887,248.286,248.787,29
2008-12-16 15:17:00,248.086,248.436,248.086,248.336,19
2008-12-16 15:18:00,248.236,248.486,248.186,248.186,17
2008-12-16 15:19:00,247.836,248.286,247.836,248.286,23
2008-12-16 15:20:00,247.636,247.836,247.285,247.736,36
2008-12-16 15:21:00,247.736,247.736,247.535,247.736,13
2008-12-16 15:22:00,247.986,248.086,247.735,247.786,22
2008-12-16 15:23:00,247.785,247.936,247.685,247.886,14
2008-12-16 15:24:00,247.886,247.886,247.835,247.836,4
2008-12-16 15:25:00,248.336,248.386,247.936,247.936,31
2008-12-16 15:26:00,248.186,248.286,247.986,248.286,18
2008-12-16 15:27:00,248.186,248.186,248.036,248.136,13
2008-12-16 15:28:00,248.636,248.686,248.236,248.236,26
2008-12-16 15:29:00,248.085,248.736,248.035,248.736,21
2008-12-16 15:30:00,248.135,248.536,248.085,248.135,23
2008-12-16 15:31:00,248.336,248.436,248.286,248.336,16
2008-12-16 15:32:00,248.235,248.436,248.135,248.386,18
2008-12-16 15:33:00,248.486,248.486,248.135,248.185,26
2008-12-16 15:34:00,248.385,248.736,248.335,248.436,22
2008-12-16 15:35:00,248.235,248.736,248.235,248.486,25
2008-12-16 15:36:00,248.285,248.636,248.085,248.285,50
2008-12-16 15:37:00,247.935,248.435,247.935,248.335,29
2008-12-16 15:38:00,248.185,248.185,247.935,247.985,16
2008-12-16 15:39:00,247.534,248.085,247.534,248.085,14
2008-12-16 15:40:00,247.684,247.735,247.584,247.634,20
2008-12-16 15:41:00,247.734,247.885,247.584,247.584,18
2008-12-16 15:42:00,247.734,247.784,247.684,247.784,4
2008-12-16 15:43:00,247.734,247.784,247.484,247.634,27
2008-12-16 15:44:00,247.484,247.834,247.384,247.834,17
2008-12-16 15:45:00,247.384,247.634,247.334,247.584,14
2008-12-16 15:46:00,246.983,247.334,246.983,247.334,14
2008-12-16 15:47:00,247.334,247.384,246.983,247.034,20
2008-12-16 15:48:00,246.733,247.384,246.733,247.384,25
2008-12-16 15:49:00,247.083,247.184,246.683,246.683,25
2008-12-16 15:50:00,247.284,247.434,247.083,247.133,29
2008-12-16 15:51:00,247.334,247.384,247.083,247.233,16
2008-12-16 15:52:00,247.183,247.434,247.033,247.384,46
2008-12-16 15:53:00,246.933,247.233,246.933,247.233,20
2008-12-16 15:54:00,247.083,247.183,246.933,246.983,18
2008-12-16 15:55:00,247.133,247.233,247.083,247.133,10
2008-12-16 15:56:00,246.883,247.183,246.733,247.183,24
2008-12-16 15:57:00,247.083,247.133,246.933,246.933,18
2008-12-16 15:58:00,247.083,247.133,246.883,247.133,21
2008-12-16 15:59:00,247.283,247.433,247.083,247.133,23
2008-12-16 16:00:00,247.383,247.433,247.133,247.233,17
2008-12-16 16:01:00,247.433,247.483,247.283,247.283,11
2008-12-16 16:02:00,247.183,247.433,247.133,247.333,13
2008-12-16 16:03:00,247.283,247.383,247.083,247.083,14
2008-12-16 16:04:00,247.583,247.633,247.333,247.383,21
2008-12-16 16:05:00,247.633,247.783,247.583,247.683,13
2008-12-16 16:06:00,247.833,247.983,247.683,247.683,12
2008-12-16 16:07:00,247.833,247.983,247.733,247.883,18
2008-12-16 16:08:00,247.783,247.883,247.683,247.883,19
2008-12-16 16:09:00,247.683,247.733,247.633,247.733,4
2008-12-16 16:10:00,247.383,247.633,247.383,247.533,10
2008-12-16 16:11:00,247.533,247.533,247.332,247.433,17
2008-12-16 16:12:00,247.833,247.933,247.533,247.583,9
2008-12-16 16:13:00,247.583,247.933,247.533,247.783,23
2008-12-16 16:14:00,247.582,247.733,247.432,247.633,16
2008-12-16 16:15:00,247.833,247.983,247.582,247.633,19
2008-12-16 16:16:00,247.432,247.783,247.382,247.783,25
2008-12-16 16:17:00,247.382,247.682,247.382,247.382,12
2008-12-16 16:18:00,247.482,247.482,247.182,247.332,24
2008-12-16 16:19:00,247.532,247.732,247.532,247.582,12
2008-12-16 16:20:00,247.432,247.582,247.382,247.482,6
2008-12-16 16:21:00,247.482,247.582,247.432,247.482,15
2008-12-16 16:22:00,247.532,247.532,247.432,247.432,3
2008-12-16 16:23:00,247.782,247.832,247.382,247.432,22
2008-12-16 16:24:00,247.782,247.832,247.632,247.832,21
2008-12-16 16:25:00,247.782,247.882,247.682,247.832,26
2008-12-16 16:26:00,247.782,248.032,247.782,247.832,25
2008-12-16 16:27:00,247.932,247.982,247.732,247.882,39
2008-12-16 16:28:00,248.082,248.232,247.732,247.882,37
2008-12-16 16:29:00,248.382,248.432,248.082,248.182,41
2008-12-16 16:30:00,248.733,249.033,248.432,248.432,42
2008-12-16 16:31:00,248.532,248.683,248.532,248.633,11
2008-12-16 16:32:00,248.482,248.633,248.382,248.582,26
2008-12-16 16:33:00,248.582,248.733,248.532,248.582,15
2008-12-16 16:34:00,248.632,248.632,248.432,248.532,26
2008-12-16 16:35:00,248.933,249.033,248.582,248.582,19
2008-12-16 16:36:00,248.883,249.033,248.732,248.883,24
2008-12-16 16:37:00,248.732,248.882,248.732,248.832,9
2008-12-16 16:38:00,248.932,248.932,248.882,248.882,2
2008-12-16 16:39:00,249.133,249.133,248.982,248.982,7
2008-12-16 16:40:00,248.882,249.233,248.882,249.183,18
2008-12-16 16:41:00,248.882,248.932,248.832,248.932,5
2008-12-16 16:42:00,248.782,248.832,248.732,248.832,4
2008-12-16 16:43:00,248.682,248.682,248.682,248.682,1
2008-12-16 16:44:00,249.182,249.182,248.732,248.732,7
2008-12-16 16:45:00,249.132,249.232,249.132,249.232,7
2008-12-16 16:46:00,249.282,249.382,249.082,249.082,7
2008-12-16 16:47:00,249.182,249.232,249.182,249.232,2
2008-12-16 16:48:00,249.032,249.032,249.032,249.032,1
2008-12-16 16:49:00,248.882,248.932,248.882,248.932,2
2008-12-16 16:50:00,248.932,249.032,248.832,248.832,4
2008-12-16 16:51:00,248.932,249.032,248.932,249.032,3
2008-12-16 16:52:00,248.832,248.882,248.782,248.882,3
2008-12-16 16:54:00,248.982,248.982,248.781,248.781,6
2008-12-16 16:55:00,249.132,249.132,248.932,248.932,4
2008-12-16 16:56:00,249.232,249.232,249.182,249.182,2
2008-12-16 16:57:00,249.082,249.082,249.082,249.082,1
2008-12-16 16:58:00,249.182,249.182,249.132,249.132,2
2008-12-16 16:59:00,248.981,249.131,248.981,249.131,2
2008-12-16 17:00:00,248.931,248.931,248.931,248.931,1
2008-12-16 17:01:00,248.831,248.831,248.831,248.831,1
2008-12-16 17:02:00,248.781,248.781,248.781,248.781,1
2008-12-16 17:03:00,248.731,248.731,248.731,248.731,1
2008-12-16 17:05:00,248.681,248.681,248.681,248.681,1
2008-12-16 17:06:00,248.681,248.731,248.681,248.731,2
2008-12-16 17:08:00,248.631,248.631,248.631,248.631,1
2008-12-16 17:09:00,248.681,248.681,248.58,248.58,2
2008-12-16 17:10:00,248.731,248.731,248.731,248.731,1
2008-12-16 17:11:00,248.63,248.63,248.63,248.63,1
2008-12-16 17:12:00,248.53,248.78,248.53,248.78,5
2008-12-16 17:13:00,248.63,248.73,248.63,248.73,2
2008-12-16 17:14:00,248.93,248.93,248.73,248.73,3
2008-12-17 07:00:00,251.237,252.137,251.237,252.137,17
2008-12-17 07:01:00,251.187,251.237,251.137,251.137,6
2008-12-17 07:02:00,251.287,251.287,251.187,251.237,4
2008-12-17 07:03:00,250.936,251.237,250.936,251.187,5
2008-12-17 07:04:00,250.436,250.736,250.436,250.686,7
2008-12-17 07:05:00,250.486,250.636,250.486,250.486,4
2008-12-17 07:06:00,250.736,250.736,250.686,250.686,4
2008-12-17 07:08:00,251.036,251.036,250.986,250.986,2
2008-12-17 07:09:00,251.036,251.036,250.836,250.836,3
2008-12-17 07:10:00,251.186,251.336,251.086,251.086,7
2008-12-17 07:11:00,251.036,251.036,250.986,250.986,2
2008-12-17 07:14:00,250.686,250.836,250.686,250.836,2
2008-12-17 07:15:00,250.485,250.535,250.485,250.535,2
2008-12-17 07:16:00,250.535,250.786,250.485,250.786,4
2008-12-17 07:17:00,250.435,250.435,250.385,250.385,2
2008-12-17 07:18:00,250.385,250.385,250.385,250.385,1
2008-12-17 07:19:00,250.435,250.435,250.435,250.435,1
2008-12-17 07:21:00,250.385,250.385,250.385,250.385,1
2008-12-17 07:22:00,250.385,250.535,250.385,250.485,3
2008-12-17 07:23:00,250.685,250.685,250.585,250.585,2
2008-12-17 07:24:00,250.785,250.785,250.735,250.735,2
2008-12-17 07:25:00,250.585,250.585,250.535,250.535,2
2008-12-17 07:26:00,250.435,250.485,250.435,250.485,2
2008-12-17 07:30:00,250.284,250.384,250.284,250.384,2
2008-12-17 07:31:00,250.384,250.384,250.384,250.384,1
2008-12-17 07:35:00,250.334,250.534,250.334,250.534,4
2008-12-17 07:36:00,250.634,250.634,250.584,250.584,2
2008-12-17 07:37:00,250.584,250.734,250.584,250.684,3
2008-12-17 07:38:00,250.584,250.834,250.584,250.834,2
2008-12-17 07:39:00,250.734,250.734,250.734,250.734,1
2008-12-17 07:40:00,250.784,250.784,250.784,250.784,1
2008-12-17 07:41:00,250.884,250.884,250.884,250.884,1
2008-12-17 07:42:00,250.984,250.984,250.934,250.934,2
2008-12-17 07:43:00,250.884,250.884,250.734,250.734,2
2008-12-17 07:44:00,250.834,250.834,250.734,250.734,2
2008-12-17 07:45:00,250.834,250.934,250.734,250.734,5
2008-12-17 07:46:00,250.834,250.834,250.784,250.784,2
2008-12-17 07:50:00,250.884,250.884,250.884,250.884,1
2008-12-17 07:51:00,250.984,251.034,250.934,250.934,4
2008-12-17 07:52:00,251.134,251.134,251.034,251.034,3
2008-12-17 07:53:00,250.884,251.184,250.884,251.184,3
2008-12-17 07:55:00,251.134,251.184,251.034,251.034,3
2008-12-17 07:56:00,250.633,251.084,250.633,251.084,8
2008-12-17 07:57:00,250.633,250.683,250.633,250.683,2
2008-12-17 07:58:00,250.783,250.783,250.433,250.683,4
2008-12-17 07:59:00,250.783,251.083,250.783,250.833,9
2008-12-17 08:00:00,251.133,251.333,250.433,250.983,57
2008-12-17 08:01:00,250.933,251.133,250.683,251.083,40
2008-12-17 08:02:00,250.783,250.933,250.533,250.833,42
2008-12-17 08:03:00,250.883,250.933,250.633,250.733,34
2008-12-17 08:04:00,250.683,250.933,250.633,250.833,38
2008-12-17 08:05:00,250.833,251.083,250.683,250.733,39
2008-12-17 08:06:00,250.633,250.883,250.633,250.783,22
2008-12-17 08:07:00,250.432,250.633,250.382,250.583,33
2008-12-17 08:08:00,250.182,250.332,249.932,250.332,61
2008-12-17 08:09:00,250.232,250.432,249.932,250.082,30
2008-12-17 08:10:00,250.282,250.332,250.132,250.282,23
2008-12-17 08:11:00,250.282,250.432,250.282,250.382,17
2008-12-17 08:12:00,250.482,250.532,250.282,250.332,16
2008-12-17 08:13:00,250.732,250.782,250.532,250.532,28
2008-12-17 08:14:00,250.032,250.782,250.032,250.682,46
2008-12-17 08:15:00,250.132,250.232,250.082,250.082,22
2008-12-17 08:16:00,249.932,250.282,249.831,250.232,57
2008-12-17 08:17:00,249.581,250.082,249.581,249.881,36
2008-12-17 08:18:00,249.331,249.631,249.281,249.631,57
2008-12-17 08:19:00,249.381,249.431,249.281,249.381,24
2008-12-17 08:20:00,249.081,249.331,249.031,249.331,37
2008-12-17 08:21:00,248.981,249.181,248.931,249.031,32
2008-12-17 08:22:00,248.981,249.031,248.78,248.931,53
2008-12-17 08:23:00,249.03,249.081,248.78,248.93,38
2008-12-17 08:24:00,249.531,249.531,248.98,248.98,39
2008-12-17 08:25:00,249.18,249.581,249.13,249.481,30
2008-12-17 08:26:00,249.18,249.331,249.08,249.13,25
2008-12-17 08:27:00,249.18,249.381,249.08,249.13,24
2008-12-17 08:28:00,249.38,249.481,249.13,249.23,47
2008-12-17 08:29:00,249.23,249.38,249.18,249.33,19
2008-12-17 08:30:00,249.08,249.28,248.93,249.28,42
2008-12-17 08:31:00,248.88,249.08,248.78,249.03,35
2008-12-17 08:32:00,249.03,249.08,248.83,248.93,25
2008-12-17 08:33:00,248.83,249.13,248.78,248.98,22
2008-12-17 08:34:00,248.78,248.83,248.68,248.78,14
2008-12-17 08:35:00,248.529,248.88,248.529,248.83,20
2008-12-17 08:36:00,248.229,248.529,248.129,248.479,40
2008-12-17 08:37:00,247.228,248.329,247.028,248.179,107
2008-12-17 08:38:00,247.328,247.479,247.128,247.178,55
2008-12-17 08:39:00,247.278,247.378,246.928,247.378,52
2008-12-17 08:40:00,247.679,247.679,247.028,247.328,86
2008-12-17 08:41:00,247.328,247.629,247.128,247.629,28
2008-12-17 08:42:00,247.929,247.929,247.378,247.378,25
2008-12-17 08:43:00,247.979,248.129,247.779,247.829,21
2008-12-17 08:44:00,247.879,248.129,247.728,247.929,44
2008-12-17 08:45:00,248.179,248.179,247.878,247.929,19
2008-12-17 08:46:00,247.778,248.129,247.778,248.129,18
2008-12-17 08:47:00,247.878,248.028,247.828,247.828,12
2008-12-17 08:48:00,247.828,248.028,247.728,247.978,17
2008-12-17 08:49:00,248.028,248.178,247.928,247.928,18
2008-12-17 08:50:00,248.078,248.128,247.928,247.978,12
2008-12-17 08:51:00,248.078,248.178,247.978,248.028,7
2008-12-17 08:52:00,247.978,248.128,247.928,248.128,22
2008-12-17 08:53:00,247.828,247.978,247.728,247.928,30
2008-12-17 08:54:00,247.828,247.878,247.728,247.728,23
2008-12-17 08:55:00,247.628,247.878,247.628,247.878,9
2008-12-17 08:56:00,247.628,247.678,247.578,247.578,26
2008-12-17 08:57:00,247.678,247.778,247.578,247.678,20
2008-12-17 08:58:00,247.277,247.628,247.227,247.628,23
2008-12-17 08:59:00,247.377,247.377,247.077,247.227,19
2008-12-17 09:00:00,246.427,247.477,246.276,247.427,86
2008-12-17 09:01:00,245.726,246.427,245.676,246.377,51
2008-12-17 09:02:00,245.726,245.776,245.476,245.776,52
2008-12-17 09:03:00,246.076,246.076,245.676,245.676,27
2008-12-17 09:04:00,246.176,246.426,245.926,246.126,55
2008-12-17 09:05:00,245.626,246.226,245.626,246.226,35
2008-12-17 09:06:00,245.376,245.576,245.275,245.526,42
2008-12-17 09:07:00,245.426,245.426,245.125,245.325,34
2008-12-17 09:08:00,245.075,245.576,244.825,245.526,41
2008-12-17 09:09:00,244.825,245.025,244.675,244.975,21
2008-12-17 09:10:00,244.275,244.775,244.174,244.775,60
2008-12-17 09:11:00,243.674,244.275,243.674,244.124,50
2008-12-17 09:12:00,244.174,244.224,243.624,243.724,60
2008-12-17 09:13:00,243.974,244.124,243.874,244.124,18
2008-12-17 09:14:00,244.825,244.825,243.924,244.024,47
2008-12-17 09:15:00,244.474,244.875,244.474,244.875,29
2008-12-17 09:16:00,244.374,244.524,244.274,244.424,33
2008-12-17 09:17:00,244.474,244.574,244.424,244.424,28
2008-12-17 09:18:00,244.674,244.724,244.574,244.574,9
2008-12-17 09:19:00,244.874,245.025,244.724,244.724,19
2008-12-17 09:20:00,244.924,245.025,244.874,244.924,12
2008-12-17 09:21:00,244.824,245.075,244.824,244.974,19
2008-12-17 09:22:00,244.774,244.874,244.774,244.774,20
2008-12-17 09:23:00,245.174,245.275,244.724,244.724,41
2008-12-17 09:24:00,245.124,245.275,244.874,245.275,32
2008-12-17 09:25:00,245.074,245.274,245.024,245.174,30
2008-12-17 09:26:00,244.974,245.074,244.924,245.024,7
2008-12-17 09:27:00,244.724,245.024,244.724,245.024,13
2008-12-17 09:28:00,244.574,244.924,244.324,244.674,67
2008-12-17 09:29:00,244.273,244.524,244.173,244.524,43
2008-12-17 09:30:00,244.023,244.324,243.923,244.324,46
2008-12-17 09:31:00,244.373,244.423,244.023,244.073,31
2008-12-17 09:32:00,244.423,244.423,244.273,244.423,9
2008-12-17 09:33:00,244.573,244.774,244.473,244.473,27
2008-12-17 09:34:00,244.523,244.523,244.473,244.473,4
2008-12-17 09:35:00,244.874,244.874,244.573,244.573,16
2008-12-17 09:36:00,244.773,245.224,244.573,244.924,31
2008-12-17 09:37:00,244.773,244.924,244.723,244.723,8
2008-12-17 09:38:00,244.623,244.723,244.573,244.673,10
2008-12-17 09:39:00,244.973,245.074,244.673,244.673,30
2008-12-17 09:40:00,244.723,244.923,244.673,244.923,12
2008-12-17 09:41:00,244.523,244.673,244.373,244.623,15
2008-12-17 09:42:00,244.723,244.723,244.473,244.473,9
2008-12-17 09:43:00,244.673,244.723,244.673,244.673,7
2008-12-17 09:44:00,244.673,244.873,244.473,244.723,29
2008-12-17 09:45:00,244.473,244.723,244.423,244.623,11
2008-12-17 09:46:00,244.323,244.473,244.323,244.373,19
2008-12-17 09:47:00,244.273,244.323,244.223,244.223,7
2008-12-17 09:48:00,244.773,244.773,244.222,244.323,29
2008-12-17 09:49:00,244.773,244.873,244.473,244.723,45
2008-12-17 09:50:00,244.973,244.973,244.823,244.823,15
2008-12-17 09:51:00,245.373,245.373,244.923,244.923,27
2008-12-17 09:52:00,245.473,245.623,245.323,245.423,19
2008-12-17 09:53:00,245.573,245.573,245.373,245.423,17
2008-12-17 09:54:00,245.223,245.623,245.123,245.473,24
2008-12-17 09:55:00,245.373,245.473,245.273,245.323,15
2008-12-17 09:56:00,245.273,245.473,245.273,245.423,7
2008-12-17 09:57:00,245.223,245.473,245.173,245.323,8
2008-12-17 09:58:00,245.123,245.173,245.022,245.123,7
2008-12-17 09:59:00,245.223,245.273,245.072,245.072,11
2008-12-17 10:00:00,245.273,245.423,245.222,245.273,14
2008-12-17 10:01:00,245.373,245.373,245.272,245.373,11
2008-12-17 10:02:00,245.423,245.523,245.372,245.423,7
2008-12-17 10:03:00,245.072,245.322,245.072,245.322,7
2008-12-17 10:04:00,245.172,245.322,245.072,245.122,22
2008-12-17 10:05:00,245.222,245.272,245.072,245.072,8
2008-12-17 10:06:00,245.222,245.322,245.172,245.272,7
2008-12-17 10:07:00,245.322,245.372,245.272,245.272,4
2008-12-17 10:08:00,245.322,245.372,245.322,245.372,2
2008-12-17 10:09:00,245.122,245.422,245.122,245.422,8
2008-12-17 10:10:00,245.222,245.272,245.122,245.172,7
2008-12-17 10:11:00,245.222,245.272,245.122,245.122,13
2008-12-17 10:12:00,245.122,245.172,245.072,245.122,7
2008-12-17 10:13:00,245.122,245.222,244.922,245.172,17
2008-12-17 10:14:00,245.272,245.272,245.072,245.072,8
2008-12-17 10:15:00,245.272,245.322,245.122,245.172,7
2008-12-17 10:16:00,245.622,245.672,245.322,245.322,17
2008-12-17 10:17:00,245.622,245.622,245.472,245.572,9
2008-12-17 10:18:00,245.772,245.772,245.672,245.672,8
2008-12-17 10:19:00,246.272,246.372,245.822,245.822,29
2008-12-17 10:20:00,246.322,246.472,246.122,246.172,22
2008-12-17 10:21:00,246.322,246.372,246.272,246.372,8
2008-12-17 10:22:00,246.522,246.672,246.372,246.372,40
2008-12-17 10:23:00,246.622,246.672,246.472,246.572,20
2008-12-17 10:24:00,246.672,246.722,246.522,246.522,15
2008-12-17 10:25:00,246.672,246.872,246.622,246.772,25
2008-12-17 10:26:00,246.572,246.772,246.522,246.722,16
2008-12-17 10:27:00,246.522,246.722,246.472,246.622,23
2008-12-17 10:28:00,246.472,246.522,246.372,246.472,24
2008-12-17 10:29:00,246.622,246.822,246.372,246.422,44
2008-12-17 10:30:00,246.472,246.772,246.422,246.722,31
2008-12-17 10:31:00,246.672,246.772,246.372,246.422,38
2008-12-17 10:32:00,246.422,246.722,246.422,246.722,35
2008-12-17 10:33:00,246.572,246.572,246.171,246.372,28
2008-12-17 10:34:00,246.472,246.622,246.371,246.472,27
2008-12-17 10:35:00,246.421,246.471,246.221,246.421,32
2008-12-17 10:36:00,246.471,246.722,246.371,246.471,35
2008-12-17 10:37:00,246.521,246.671,246.421,246.421,37
2008-12-17 10:38:00,246.371,246.571,246.221,246.471,35
2008-12-17 10:39:00,246.571,246.621,246.321,246.321,19
2008-12-17 10:40:00,246.521,246.721,246.421,246.521,18
2008-12-17 10:41:00,246.771,246.771,246.321,246.471,27
2008-12-17 10:42:00,246.471,246.671,246.321,246.671,26
2008-12-17 10:43:00,246.271,246.471,246.221,246.421,23
2008-12-17 10:44:00,246.221,246.321,246.071,246.221,27
2008-12-17 10:45:00,246.321,246.371,246.121,246.171,29
2008-12-17 10:46:00,246.221,246.271,246.071,246.271,28
2008-12-17 10:47:00,246.221,246.321,246.121,246.171,25
2008-12-17 10:48:00,246.271,246.321,246.171,246.171,23
2008-12-17 10:49:00,245.82,246.171,245.57,246.171,39
2008-12-17 10:50:00,245.87,245.92,245.57,245.77,34
2008-12-17 10:51:00,245.62,245.82,245.57,245.82,17
2008-12-17 10:52:00,245.57,245.77,245.47,245.67,28
2008-12-17 10:53:00,246.02,246.27,245.52,245.52,55
2008-12-17 10:54:00,245.97,246.07,245.92,245.97,13
2008-12-17 10:55:00,245.97,246.17,245.87,245.92,27
2008-12-17 10:56:00,245.82,246.02,245.77,245.92,17
2008-12-17 10:57:00,245.57,245.82,245.52,245.77,29
2008-12-17 10:58:00,245.87,245.87,245.47,245.52,56
2008-12-17 10:59:00,246.27,246.27,245.72,245.82,43
2008-12-17 11:00:00,246.42,246.52,246.17,246.22,48
2008-12-17 11:01:00,246.27,246.42,246.22,246.32,21
2008-12-17 11:02:00,246.57,246.82,246.32,246.32,32
2008-12-17 11:03:00,246.72,246.77,246.52,246.52,17
2008-12-17 11:04:00,246.62,246.92,246.62,246.67,26
2008-12-17 11:05:00,246.87,246.87,246.52,246.52,22
2008-12-17 11:06:00,247.12,247.12,246.77,246.92,38
2008-12-17 11:07:00,247.12,247.17,247.07,247.07,13
2008-12-17 11:08:00,246.82,247.12,246.77,247.07,18
2008-12-17 11:09:00,247.02,247.02,246.77,246.87,34
2008-12-17 11:10:00,247.12,247.27,246.87,247.07,31
2008-12-17 11:11:00,247.07,247.22,247.02,247.22,20
2008-12-17 11:12:00,246.77,247.02,246.67,247.02,12
2008-12-17 11:13:00,246.77,247.02,246.62,246.72,24
2008-12-17 11:14:00,246.669,246.77,246.619,246.669,7
2008-12-17 11:15:00,246.669,246.77,246.569,246.619,11
2008-12-17 11:16:00,246.669,246.719,246.619,246.619,3
2008-12-17 11:17:00,246.619,246.869,246.519,246.619,21
2008-12-17 11:18:00,246.769,246.769,246.519,246.569,14
2008-12-17 11:19:00,246.669,246.869,246.569,246.819,9
2008-12-17 11:20:00,246.919,246.919,246.519,246.619,25
2008-12-17 11:21:00,246.819,247.169,246.719,246.869,25
2008-12-17 11:22:00,246.569,246.769,246.419,246.769,15
2008-12-17 11:23:00,246.569,246.569,246.519,246.519,6
2008-12-17 11:24:00,246.619,246.769,246.169,246.519,18
2008-12-17 11:25:00,246.769,246.869,246.569,246.669,12
2008-12-17 11:26:00,246.319,246.919,246.319,246.819,32
2008-12-17 11:27:00,246.519,246.519,246.319,246.369,21
2008-12-17 11:28:00,246.719,246.819,246.569,246.569,11
2008-12-17 11:29:00,246.669,246.769,246.619,246.619,7
2008-12-17 11:30:00,246.819,246.969,246.719,246.719,7
2008-12-17 11:31:00,246.719,246.869,246.719,246.769,8
2008-12-17 11:32:00,246.618,246.769,246.568,246.669,7
2008-12-17 11:33:00,246.518,246.668,246.418,246.568,22
2008-12-17 11:34:00,246.668,246.668,246.468,246.468,4
2008-12-17 11:35:00,246.518,246.618,246.518,246.618,2
2008-12-17 11:36:00,246.668,246.668,246.518,246.568,5
2008-12-17 11:37:00,246.568,246.618,246.568,246.568,3
2008-12-17 11:38:00,246.468,246.668,246.418,246.668,8
2008-12-17 11:39:00,246.418,246.518,246.268,246.418,16
2008-12-17 11:40:00,246.318,246.368,246.218,246.368,8
2008-12-17 11:41:00,246.018,246.218,245.968,246.218,9
2008-12-17 11:42:00,245.867,245.967,245.717,245.967,14
2008-12-17 11:43:00,245.817,245.917,245.817,245.917,5
2008-12-17 11:44:00,245.617,245.767,245.617,245.767,8
2008-12-17 11:45:00,245.967,246.017,245.567,245.567,19
2008-12-17 11:46:00,245.917,246.017,245.867,246.017,5
2008-12-17 11:47:00,245.867,245.967,245.867,245.967,2
2008-12-17 11:48:00,245.917,246.167,245.867,245.917,12
2008-12-17 11:49:00,245.917,245.967,245.867,245.867,4
2008-12-17 11:50:00,246.117,246.117,245.867,245.867,8
2008-12-17 11:51:00,246.067,246.067,246.067,246.067,1
2008-12-17 11:52:00,246.217,246.317,246.117,246.117,9
2008-12-17 11:53:00,246.167,246.217,246.067,246.167,11
2008-12-17 11:54:00,246.117,246.117,246.117,246.117,1
2008-12-17 11:55:00,246.217,246.217,246.117,246.167,4
2008-12-17 11:56:00,246.317,246.467,246.267,246.267,16
2008-12-17 11:57:00,245.867,246.267,245.817,246.267,14
2008-12-17 11:58:00,246.017,246.017,245.766,245.816,10
2008-12-17 11:59:00,246.067,246.117,245.816,245.917,27
2008-12-17 12:00:00,245.966,246.217,245.916,246.017,26
2008-12-17 12:01:00,246.117,246.267,246.016,246.067,17
2008-12-17 12:02:00,245.966,246.016,245.916,246.016,10
2008-12-17 12:03:00,245.766,246.016,245.766,246.016,7
2008-12-17 12:04:00,245.966,245.966,245.516,245.816,25
2008-12-17 12:05:00,245.716,246.066,245.716,245.916,12
2008-12-17 12:06:00,245.816,245.816,245.566,245.666,12
2008-12-17 12:07:00,245.666,245.766,245.616,245.766,4
2008-12-17 12:08:00,245.516,245.616,245.516,245.616,5
2008-12-17 12:09:00,245.516,245.516,245.266,245.466,15
2008-12-17 12:10:00,245.416,245.466,245.416,245.466,2
2008-12-17 12:11:00,245.416,245.416,245.315,245.366,6
2008-12-17 12:12:00,245.465,245.566,245.315,245.365,17
2008-12-17 12:13:00,245.716,245.866,245.465,245.516,19
2008-12-17 12:14:00,245.866,245.866,245.716,245.766,13
2008-12-17 12:15:00,245.816,245.866,245.766,245.816,8
2008-12-17 12:16:00,245.815,245.866,245.565,245.766,11
2008-12-17 12:17:00,245.966,246.066,245.866,245.866,10
2008-12-17 12:18:00,246.116,246.116,246.016,246.016,7
2008-12-17 12:19:00,246.166,246.216,246.166,246.216,4
2008-12-17 12:20:00,246.616,246.716,246.266,246.266,14
2008-12-17 12:21:00,246.516,246.716,246.516,246.566,8
2008-12-17 12:22:00,246.566,246.666,246.466,246.466,12
2008-12-17 12:23:00,246.566,246.766,246.566,246.616,18
2008-12-17 12:24:00,246.616,246.666,246.616,246.616,3
2008-12-17 12:25:00,246.916,246.916,246.666,246.666,16
2008-12-17 12:26:00,246.966,246.966,246.666,246.966,9
2008-12-17 12:27:00,246.966,247.066,246.866,247.016,8
2008-12-17 12:28:00,246.866,247.066,246.866,247.016,8
2008-12-17 12:29:00,246.765,246.866,246.715,246.816,7
2008-12-17 12:30:00,246.615,246.865,246.615,246.815,10
2008-12-17 12:31:00,246.915,246.965,246.515,246.565,25
2008-12-17 12:32:00,246.865,246.915,246.865,246.865,3
2008-12-17 12:33:00,246.565,246.865,246.515,246.815,11
2008-12-17 12:34:00,246.315,246.765,246.315,246.665,14
2008-12-17 12:35:00,246.265,246.515,246.215,246.415,13
2008-12-17 12:36:00,246.215,246.315,245.965,246.315,14
2008-12-17 12:37:00,246.265,246.265,246.265,246.265,1
2008-12-17 12:38:00,246.115,246.215,246.014,246.215,9
2008-12-17 12:39:00,246.265,246.265,246.064,246.064,12
2008-12-17 12:40:00,246.164,246.215,246.064,246.215,11
2008-12-17 12:41:00,246.465,246.515,246.114,246.114,16
2008-12-17 12:42:00,246.414,246.815,246.414,246.515,13
2008-12-17 12:43:00,246.414,246.464,246.214,246.314,29
2008-12-17 12:44:00,246.364,246.364,246.114,246.264,9
2008-12-17 12:45:00,246.064,246.264,246.064,246.264,5
2008-12-17 12:46:00,246.014,246.114,245.964,246.114,8
2008-12-17 12:47:00,245.964,245.964,245.864,245.964,7
2008-12-17 12:48:00,246.264,246.314,245.864,246.014,24
2008-12-17 12:49:00,246.064,246.264,246.064,246.214,6
2008-12-17 12:50:00,246.114,246.214,246.114,246.164,7
2008-12-17 12:51:00,246.064,246.264,246.064,246.064,7
2008-12-17 12:52:00,246.214,246.214,246.214,246.214,1
2008-12-17 12:53:00,246.214,246.214,246.114,246.114,2
2008-12-17 12:54:00,246.264,246.364,246.264,246.364,9
2008-12-17 12:55:00,246.514,246.514,246.314,246.314,7
2008-12-17 12:56:00,246.564,246.614,246.514,246.614,5
2008-12-17 12:57:00,246.314,246.514,246.314,246.514,5
2008-12-17 12:58:00,246.414,246.414,246.264,246.264,6
2008-12-17 12:59:00,247.014,247.014,246.464,246.564,30
2008-12-17 13:00:00,246.414,246.864,246.313,246.864,102
2008-12-17 13:01:00,246.664,246.714,246.363,246.363,16
2008-12-17 13:02:00,247.014,247.114,246.564,246.564,14
2008-12-17 13:03:00,247.014,247.014,246.764,246.964,22
2008-12-17 13:04:00,247.164,247.314,246.964,246.964,23
2008-12-17 13:05:00,246.964,247.064,246.814,247.064,16
2008-12-17 13:06:00,246.563,247.014,246.413,247.014,15
2008-12-17 13:07:00,246.463,246.613,246.263,246.513,27
2008-12-17 13:08:00,246.563,246.663,246.363,246.563,17
2008-12-17 13:09:00,246.563,246.713,246.413,246.513,16
2008-12-17 13:10:00,246.763,246.763,246.613,246.613,4
2008-12-17 13:11:00,246.713,246.813,246.613,246.713,20
2008-12-17 13:12:00,246.763,246.963,246.563,246.663,18
2008-12-17 13:13:00,246.663,247.063,246.613,246.813,19
2008-12-17 13:14:00,246.713,246.763,246.513,246.613,11
2008-12-17 13:15:00,246.763,246.763,246.663,246.663,3
2008-12-17 13:16:00,246.613,246.613,246.413,246.613,11
2008-12-17 13:17:00,246.513,246.713,246.513,246.563,6
2008-12-17 13:18:00,246.563,246.563,246.513,246.563,3
2008-12-17 13:19:00,246.463,246.513,246.212,246.463,16
2008-12-17 13:20:00,246.362,246.663,246.362,246.513,15
2008-12-17 13:21:00,246.512,246.613,246.112,246.262,22
2008-12-17 13:22:00,246.412,246.412,246.412,246.412,1
2008-12-17 13:23:00,246.612,246.763,246.462,246.462,15
2008-12-17 13:24:00,246.762,246.762,246.512,246.562,7
2008-12-17 13:25:00,246.812,246.963,246.612,246.712,13
2008-12-17 13:26:00,246.762,246.812,246.712,246.762,10
2008-12-17 13:27:00,246.912,247.012,246.812,246.812,12
2008-12-17 13:28:00,247.012,247.062,246.862,246.862,6
2008-12-17 13:29:00,247.062,247.062,247.062,247.062,1
2008-12-17 13:30:00,247.012,247.112,247.012,247.112,5
2008-12-17 13:31:00,247.162,247.212,247.062,247.112,8
2008-12-17 13:32:00,247.262,247.312,247.212,247.212,10
2008-12-17 13:33:00,247.312,247.412,247.262,247.312,7
2008-12-17 13:34:00,247.262,247.462,247.162,247.362,14
2008-12-17 13:35:00,247.462,247.462,247.162,247.312,29
2008-12-17 13:36:00,247.412,247.512,247.262,247.512,35
2008-12-17 13:37:00,247.462,247.712,247.312,247.362,29
2008-12-17 13:38:00,247.662,247.662,247.312,247.512,25
2008-12-17 13:39:00,247.712,247.912,247.512,247.612,30
2008-12-17 13:40:00,248.213,248.213,247.762,247.812,20
2008-12-17 13:41:00,248.313,248.413,248.112,248.162,27
2008-12-17 13:42:00,248.262,248.563,248.262,248.363,31
2008-12-17 13:43:00,248.362,248.463,248.262,248.362,18
2008-12-17 13:44:00,248.162,248.412,248.112,248.412,21
2008-12-17 13:45:00,248.212,248.362,248.212,248.262,12
2008-12-17 13:46:00,248.362,248.462,248.162,248.162,13
2008-12-17 13:47:00,248.312,248.462,248.262,248.312,11
2008-12-17 13:48:00,247.812,248.312,247.812,248.262,19
2008-12-17 13:49:00,248.012,248.062,247.862,247.862,6
2008-12-17 13:50:00,247.311,247.962,247.311,247.962,32
2008-12-17 13:51:00,247.411,247.461,247.311,247.361,8
2008-12-17 13:52:00,247.461,247.461,247.211,247.361,14
2008-12-17 13:53:00,247.561,247.711,247.361,247.511,31
2008-12-17 13:54:00,247.611,247.761,247.511,247.611,33
2008-12-17 13:55:00,248.012,248.012,247.561,247.661,18
2008-12-17 13:56:00,248.112,248.162,247.961,248.062,9
2008-12-17 13:57:00,248.061,248.262,248.061,248.212,8
2008-12-17 13:58:00,247.961,248.262,247.961,248.111,11
2008-12-17 13:59:00,248.161,248.261,247.911,247.911,8
2008-12-17 14:00:00,248.211,248.311,248.111,248.211,14
2008-12-17 14:01:00,248.311,248.361,248.161,248.261,8
2008-12-17 14:02:00,248.211,248.311,248.111,248.261,10
2008-12-17 14:03:00,248.211,248.211,248.061,248.161,11
2008-12-17 14:04:00,248.161,248.211,248.111,248.161,5
2008-12-17 14:05:00,248.461,248.461,248.161,248.211,14
2008-12-17 14:06:00,248.011,248.411,247.811,248.411,37
2008-12-17 14:07:00,247.961,248.111,247.861,248.061,8
2008-12-17 14:08:00,247.861,248.161,247.861,248.011,17
2008-12-17 14:09:00,247.761,247.911,247.761,247.811,11
2008-12-17 14:10:00,247.36,247.711,247.36,247.711,9
2008-12-17 14:11:00,247.56,247.61,247.36,247.41,11
2008-12-17 14:12:00,247.961,247.961,247.56,247.66,15
2008-12-17 14:13:00,247.86,248.011,247.71,248.011,16
2008-12-17 14:14:00,247.81,247.91,247.76,247.81,14
2008-12-17 14:15:00,247.56,247.76,247.51,247.76,14
2008-12-17 14:16:00,247.36,247.61,247.26,247.61,15
2008-12-17 14:17:00,247.41,247.56,247.26,247.31,16
2008-12-17 14:18:00,247.26,247.41,247.26,247.36,6
2008-12-17 14:19:00,247.26,247.41,247.26,247.36,7
2008-12-17 14:20:00,247.26,247.41,247.21,247.36,9
2008-12-17 14:21:00,247.16,247.31,247.11,247.21,12
2008-12-17 14:22:00,247.109,247.16,247.009,247.11,7
2008-12-17 14:23:00,246.759,247.059,246.759,247.059,13
2008-12-17 14:24:00,246.859,247.009,246.709,246.709,16
2008-12-17 14:25:00,246.859,246.859,246.759,246.809,8
2008-12-17 14:26:00,246.759,246.859,246.709,246.759,9
2008-12-17 14:27:00,246.559,246.809,246.559,246.809,7
2008-12-17 14:28:00,246.759,246.759,246.659,246.659,9
2008-12-17 14:29:00,246.709,246.859,246.659,246.709,10
2008-12-17 14:30:00,246.409,246.909,246.409,246.759,31
2008-12-17 14:31:00,246.759,246.959,246.409,246.509,46
2008-12-17 14:32:00,246.709,247.009,246.559,246.809,39
2008-12-17 14:33:00,246.659,246.709,246.458,246.659,23
2008-12-17 14:34:00,246.659,246.759,246.358,246.559,37
2008-12-17 14:35:00,246.759,246.809,246.458,246.709,36
2008-12-17 14:36:00,247.309,247.359,246.608,246.709,64
2008-12-17 14:37:00,247.659,247.809,247.359,247.409,43
2008-12-17 14:38:00,247.809,247.859,247.609,247.609,33
2008-12-17 14:39:00,247.609,247.809,247.459,247.759,28
2008-12-17 14:40:00,247.309,247.709,247.159,247.559,41
2008-12-17 14:41:00,247.409,247.509,247.108,247.359,38
2008-12-17 14:42:00,247.409,247.609,247.309,247.509,29
2008-12-17 14:43:00,247.208,247.509,247.058,247.359,37
2008-12-17 14:44:00,247.258,247.308,246.808,247.158,26
2008-12-17 14:45:00,247.358,247.459,247.158,247.308,44
2008-12-17 14:46:00,247.458,247.709,247.408,247.408,20
2008-12-17 14:47:00,247.708,247.759,247.458,247.558,38
2008-12-17 14:48:00,247.758,247.809,247.558,247.658,22
2008-12-17 14:49:00,247.959,248.009,247.758,247.809,14
2008-12-17 14:50:00,247.608,248.009,247.508,248.009,34
2008-12-17 14:51:00,247.658,247.808,247.608,247.658,14
2008-12-17 14:52:00,247.708,247.808,247.558,247.708,31
2008-12-17 14:53:00,247.758,247.808,247.558,247.658,15
2008-12-17 14:54:00,247.758,247.908,247.758,247.808,14
2008-12-17 14:55:00,247.758,247.758,247.458,247.708,17
2008-12-17 14:56:00,247.508,247.758,247.408,247.708,18
2008-12-17 14:57:00,247.608,247.758,247.458,247.558,27
2008-12-17 14:58:00,247.758,247.858,247.658,247.708,7
2008-12-17 14:59:00,248.058,248.258,247.808,247.858,27
2008-12-17 15:00:00,248.258,248.458,248.108,248.108,28
2008-12-17 15:01:00,247.908,248.308,247.808,248.308,28
2008-12-17 15:02:00,247.758,247.858,247.608,247.858,22
2008-12-17 15:03:00,247.758,247.958,247.658,247.808,21
2008-12-17 15:04:00,247.007,247.658,247.007,247.658,31
2008-12-17 15:05:00,246.407,246.957,246.407,246.957,39
2008-12-17 15:06:00,246.607,246.657,246.006,246.457,39
2008-12-17 15:07:00,246.507,246.607,246.407,246.557,25
2008-12-17 15:08:00,246.457,246.707,246.307,246.457,36
2008-12-17 15:09:00,246.557,246.607,246.256,246.356,26
2008-12-17 15:10:00,245.656,246.507,245.506,246.507,62
2008-12-17 15:11:00,245.456,245.706,245.306,245.706,48
2008-12-17 15:12:00,245.356,245.506,245.256,245.406,51
2008-12-17 15:13:00,245.155,245.256,245.005,245.256,29
2008-12-17 15:14:00,245.055,245.155,244.955,245.105,26
2008-12-17 15:15:00,245.105,245.155,245.005,245.005,26
2008-12-17 15:16:00,245.305,245.405,245.005,245.155,35
2008-12-17 15:17:00,245.405,245.455,245.255,245.355,23
2008-12-17 15:18:00,245.405,245.806,245.305,245.305,33
2008-12-17 15:19:00,245.605,245.605,245.455,245.455,15
2008-12-17 15:20:00,246.106,246.106,245.655,245.655,38
2008-12-17 15:21:00,246.156,246.156,245.906,246.006,15
2008-12-17 15:22:00,245.955,246.206,245.955,246.106,19
2008-12-17 15:23:00,246.356,246.456,246.056,246.056,18
2008-12-17 15:24:00,246.206,246.406,246.155,246.406,17
2008-12-17 15:25:00,245.955,246.205,245.905,246.155,38
2008-12-17 15:26:00,246.205,246.306,246.005,246.005,44
2008-12-17 15:27:00,246.205,246.305,246.055,246.255,12
2008-12-17 15:28:00,246.405,246.556,246.255,246.255,18
2008-12-17 15:29:00,246.555,246.555,246.255,246.255,18
2008-12-17 15:30:00,246.756,246.806,246.555,246.605,30
2008-12-17 15:31:00,246.756,246.956,246.756,246.806,12
2008-12-17 15:32:00,246.956,247.056,246.805,246.805,7
2008-12-17 15:33:00,247.206,247.256,247.006,247.056,18
2008-12-17 15:34:00,246.755,247.256,246.755,247.256,25
2008-12-17 15:35:00,246.655,246.805,246.555,246.805,20
2008-12-17 15:36:00,246.355,246.605,246.355,246.605,9
2008-12-17 15:37:00,246.455,246.655,246.255,246.305,30
2008-12-17 15:38:00,246.255,246.605,246.255,246.505,25
2008-12-17 15:39:00,246.505,246.505,246.005,246.205,28
2008-12-17 15:40:00,246.255,246.555,246.105,246.555,15
2008-12-17 15:41:00,246.255,246.305,246.255,246.305,4
2008-12-17 15:42:00,246.405,246.405,245.804,246.305,50
2008-12-17 15:43:00,247.105,247.105,246.355,246.455,64
2008-12-17 15:44:00,247.655,247.705,247.155,247.155,45
2008-12-17 15:45:00,247.305,247.905,247.255,247.705,39
2008-12-17 15:46:00,247.505,247.605,247.205,247.205,78
2008-12-17 15:47:00,247.655,247.705,247.305,247.405,53
2008-12-17 15:48:00,247.205,247.605,247.205,247.605,33
2008-12-17 15:49:00,246.805,247.305,246.805,247.155,35
2008-12-17 15:50:00,246.604,246.754,246.454,246.754,36
2008-12-17 15:51:00,246.804,247.255,246.704,246.704,34
2008-12-17 15:52:00,247.004,247.205,246.754,246.854,28
2008-12-17 15:53:00,247.505,247.505,247.055,247.055,31
2008-12-17 15:54:00,246.604,247.455,246.354,247.405,53
2008-12-17 15:55:00,247.054,247.355,246.704,246.704,38
2008-12-17 15:56:00,247.505,247.505,247.154,247.154,40
2008-12-17 15:57:00,247.354,247.455,247.204,247.455,14
2008-12-17 15:58:00,247.504,247.504,247.204,247.304,14
2008-12-17 15:59:00,247.354,247.454,247.304,247.454,20
2008-12-17 16:00:00,247.504,247.604,247.304,247.404,22
2008-12-17 16:01:00,248.105,248.105,247.504,247.554,29
2008-12-17 16:02:00,247.905,248.255,247.754,248.155,40
2008-12-17 16:03:00,247.454,248.005,247.254,247.955,32
2008-12-17 16:04:00,247.204,247.454,247.204,247.404,11
2008-12-17 16:05:00,247.104,247.254,247.054,247.254,18
2008-12-17 16:06:00,247.104,247.354,247.004,247.154,21
2008-12-17 16:07:00,247.054,247.104,246.854,247.054,17
2008-12-17 16:08:00,246.854,247.154,246.854,247.104,21
2008-12-17 16:09:00,247.404,247.404,246.854,246.904,20
2008-12-17 16:10:00,247.054,247.354,247.054,247.304,13
2008-12-17 16:11:00,246.753,247.004,246.653,247.004,49
2008-12-17 16:12:00,247.003,247.103,246.753,246.803,17
2008-12-17 16:13:00,247.103,247.304,247.053,247.053,24
2008-12-17 16:14:00,247.203,247.253,247.053,247.153,16
2008-12-17 16:15:00,246.953,247.253,246.953,247.153,27
2008-12-17 16:16:00,246.503,246.903,246.453,246.903,39
2008-12-17 16:17:00,246.253,246.553,246.153,246.553,36
2008-12-17 16:18:00,246.153,246.253,246.002,246.203,20
2008-12-17 16:19:00,246.052,246.253,246.052,246.253,10
2008-12-17 16:20:00,246.403,246.503,245.902,245.952,34
2008-12-17 16:21:00,246.603,246.703,246.303,246.453,22
2008-12-17 16:22:00,246.302,246.753,246.252,246.653,47
2008-12-17 16:23:00,246.502,246.603,246.302,246.352,34
2008-12-17 16:24:00,246.302,246.603,246.252,246.553,21
2008-12-17 16:25:00,246.152,246.252,246.102,246.252,27
2008-12-17 16:26:00,246.102,246.402,246.102,246.202,27
2008-12-17 16:27:00,246.652,246.652,246.152,246.152,29
2008-12-17 16:28:00,246.752,246.802,246.552,246.702,24
2008-12-17 16:29:00,247.203,247.303,246.452,246.702,57
2008-12-17 16:30:00,247.303,247.403,247.153,247.153,35
2008-12-17 16:31:00,247.903,247.953,247.353,247.353,25
2008-12-17 16:32:00,248.003,248.053,247.653,247.853,34
2008-12-17 16:33:00,247.903,248.253,247.653,247.953,61
2008-12-17 16:34:00,247.953,248.153,247.653,247.853,50
2008-12-17 16:35:00,248.253,248.253,248.003,248.053,17
2008-12-17 16:36:00,248.103,248.603,248.103,248.303,17
2008-12-17 16:37:00,248.203,248.203,248.053,248.153,5
2008-12-17 16:38:00,248.603,248.603,248.103,248.103,11
2008-12-17 16:39:00,248.503,248.703,248.453,248.453,9
2008-12-17 16:40:00,248.603,248.603,248.553,248.553,2
2008-12-17 16:41:00,248.653,248.653,248.503,248.503,7
2008-12-17 16:42:00,248.453,248.753,248.453,248.703,9
2008-12-17 16:43:00,248.653,248.753,248.503,248.503,5
2008-12-17 16:44:00,248.803,248.903,248.703,248.703,10
2008-12-17 16:45:00,248.703,248.753,248.703,248.753,2
2008-12-17 16:46:00,248.903,248.903,248.653,248.653,5
2008-12-17 16:47:00,248.602,248.803,248.602,248.803,5
2008-12-17 16:48:00,248.702,248.702,248.502,248.502,3
2008-12-17 16:49:00,248.602,248.652,248.552,248.602,4
2008-12-17 16:50:00,248.652,248.852,248.502,248.552,6
2008-12-17 16:51:00,248.452,248.452,248.452,248.452,1
2008-12-17 16:52:00,248.402,248.452,248.402,248.402,3
2008-12-17 16:53:00,248.402,248.652,248.402,248.652,4
2008-12-17 16:54:00,248.202,248.452,248.202,248.352,5
2008-12-17 16:55:00,248.252,248.252,248.102,248.102,2
2008-12-17 16:56:00,248.702,248.702,248.352,248.352,5
2008-12-17 16:57:00,248.852,248.902,248.752,248.752,6
2008-12-17 16:58:00,249.002,249.002,248.952,248.952,2
2008-12-17 16:59:00,248.952,249.052,248.952,249.052,3
2008-12-17 17:00:00,248.802,248.852,248.802,248.852,4
2008-12-17 17:01:00,248.602,248.652,248.602,248.652,2
2008-12-17 17:02:00,248.652,248.652,248.652,248.652,1
2008-12-17 17:03:00,248.752,248.852,248.752,248.752,3
2008-12-17 17:04:00,248.652,248.752,248.652,248.702,4
2008-12-17 17:05:00,248.852,248.852,248.852,248.852,1
2008-12-17 17:06:00,249.002,249.002,248.902,248.902,2
2008-12-17 17:07:00,249.152,249.152,249.052,249.052,3
2008-12-17 17:08:00,249.402,249.402,249.202,249.202,3
2008-12-17 17:10:00,250.052,250.052,249.302,249.302,12
2008-12-17 17:11:00,250.502,250.552,250.002,250.002,7
2008-12-17 17:12:00,250.652,250.652,250.552,250.602,3
2008-12-17 17:13:00,250.552,250.552,250.502,250.552,3
2008-12-17 17:14:00,250.702,250.702,250.502,250.652,7
2008-12-18 07:00:00,248.906,249.706,248.906,249.706,3
2008-12-18 07:01:00,248.756,248.756,248.656,248.656,2
2008-12-18 07:02:00,248.706,248.706,248.656,248.656,2
2008-12-18 07:03:00,248.856,248.856,248.756,248.756,2
2008-12-18 07:05:00,248.755,248.755,248.705,248.705,2
2008-12-18 07:07:00,248.905,248.905,248.905,248.905,1
2008-12-18 07:09:00,249.005,249.005,249.005,249.005,1
2008-12-18 07:10:00,248.855,248.955,248.855,248.955,2
2008-12-18 07:11:00,248.905,249.005,248.905,249.005,2
2008-12-18 07:13:00,248.755,248.755,248.755,248.755,1
2008-12-18 07:19:00,248.655,248.705,248.655,248.705,2
2008-12-18 07:20:00,248.504,248.605,248.504,248.605,2
2008-12-18 07:21:00,248.604,248.604,248.604,248.604,1
2008-12-18 07:23:00,248.704,248.704,248.704,248.704,1
2008-12-18 07:24:00,248.754,248.754,248.754,248.754,1
2008-12-18 07:25:00,248.704,248.704,248.704,248.704,1
2008-12-18 07:34:00,248.654,248.654,248.654,248.654,1
2008-12-18 07:36:00,248.604,248.604,248.604,248.604,1
2008-12-18 07:38:00,248.503,248.503,248.453,248.503,3
2008-12-18 07:39:00,248.403,248.403,248.403,248.403,1
2008-12-18 07:40:00,248.603,248.603,248.503,248.503,2
2008-12-18 07:41:00,248.403,248.403,248.403,248.403,1
2008-12-18 07:46:00,248.603,248.603,248.553,248.553,2
2008-12-18 07:50:00,248.553,248.753,248.553,248.703,3
2008-12-18 07:51:00,248.503,248.553,248.503,248.503,3
2008-12-18 07:52:00,248.603,248.603,248.603,248.603,1
2008-12-18 07:53:00,248.703,248.803,248.703,248.753,4
2008-12-18 07:54:00,248.603,248.603,248.553,248.603,3
2008-12-18 07:55:00,248.503,248.503,248.402,248.503,3
2008-12-18 07:56:00,248.653,248.653,248.653,248.653,1
2008-12-18 07:57:00,248.602,248.602,248.602,248.602,1
2008-12-18 07:58:00,248.752,248.752,248.752,248.752,1
2008-12-18 07:59:00,248.502,248.902,248.502,248.802,11
2008-12-18 08:00:00,247.852,248.652,247.452,248.552,109
2008-12-18 08:01:00,247.952,247.952,247.402,247.802,71
2008-12-18 08:02:00,248.202,248.252,247.902,247.902,22
2008-12-18 08:03:00,248.202,248.302,247.952,248.152,27
2008-12-18 08:04:00,248.002,248.152,247.952,248.152,21
2008-12-18 08:05:00,248.052,248.102,247.852,247.952,23
2008-12-18 08:06:00,248.552,248.552,248.002,248.002,45
2008-12-18 08:07:00,248.502,248.602,248.452,248.502,19
2008-12-18 08:08:00,248.602,248.652,248.352,248.452,36
2008-12-18 08:09:00,248.552,248.702,248.502,248.552,27
2008-12-18 08:10:00,248.552,248.602,248.402,248.502,27
2008-12-18 08:11:00,248.101,248.552,248.101,248.502,24
2008-12-18 08:12:00,248.001,248.252,247.901,248.151,18
2008-12-18 08:13:00,247.851,248.001,247.851,247.901,14
2008-12-18 08:14:00,247.851,247.951,247.751,247.801,21
2008-12-18 08:15:00,248.001,248.001,247.851,247.951,13
2008-12-18 08:16:00,248.101,248.301,248.001,248.051,21
2008-12-18 08:17:00,248.101,248.251,248.051,248.201,14
2008-12-18 08:18:00,247.951,248.151,247.901,248.151,10
2008-12-18 08:19:00,247.851,248.101,247.851,248.001,14
2008-12-18 08:20:00,247.801,247.901,247.651,247.901,17
2008-12-18 08:21:00,247.701,247.751,247.651,247.751,10
2008-12-18 08:22:00,247.751,248.051,247.601,247.801,40
2008-12-18 08:23:00,247.801,247.851,247.701,247.701,7
2008-12-18 08:24:00,247.851,247.951,247.801,247.901,11
2008-12-18 08:25:00,247.851,248.101,247.851,247.901,16
2008-12-18 08:26:00,248.351,248.351,248.001,248.001,17
2008-12-18 08:27:00,248.251,248.451,248.201,248.401,17
2008-12-18 08:28:00,248.151,248.401,248.151,248.301,13
2008-12-18 08:29:00,248.251,248.401,248.101,248.101,13
2008-12-18 08:30:00,248.2,248.401,248.1,248.2,28
2008-12-18 08:31:00,248.25,248.3,248.05,248.15,17
2008-12-18 08:32:00,248.3,248.35,248.2,248.2,9
2008-12-18 08:33:00,248.3,248.35,248.25,248.35,7
2008-12-18 08:34:00,248.5,248.55,248.25,248.35,21
2008-12-18 08:35:00,248.85,249.001,248.35,248.45,42
2008-12-18 08:36:00,248.7,248.85,248.65,248.8,20
2008-12-18 08:37:00,248.9,248.95,248.7,248.75,12
2008-12-18 08:38:00,248.85,248.9,248.75,248.85,13
2008-12-18 08:39:00,248.85,248.9,248.8,248.8,8
2008-12-18 08:40:00,248.9,248.95,248.8,248.9,13
2008-12-18 08:41:00,249.0,249.1,248.8,248.95,12
2008-12-18 08:42:00,248.85,248.95,248.75,248.95,17
2008-12-18 08:43:00,248.9,249.0,248.75,248.9,15
2008-12-18 08:44:00,248.6,248.95,248.6,248.95,35
2008-12-18 08:45:00,248.65,248.65,248.5,248.65,14
2008-12-18 08:46:00,249.05,249.1,248.7,248.7,25
2008-12-18 08:47:00,248.7,249.1,248.7,249.1,28
2008-12-18 08:48:00,248.9,249.0,248.75,248.75,19
2008-12-18 08:49:00,249.1,249.2,248.85,248.95,16
2008-12-18 08:50:00,249.15,249.25,249.0,249.05,13
2008-12-18 08:51:00,249.25,249.35,249.05,249.1,15
2008-12-18 08:52:00,249.35,249.4,249.3,249.35,7
2008-12-18 08:53:00,249.6,249.85,249.3,249.3,22
2008-12-18 08:54:00,249.65,249.7,249.6,249.7,4
2008-12-18 08:55:00,249.85,249.85,249.65,249.7,8
2008-12-18 08:56:00,249.9,250.1,249.75,249.8,29
2008-12-18 08:57:00,250.2,250.2,249.85,249.85,26
2008-12-18 08:58:00,250.25,250.3,250.15,250.25,8
2008-12-18 08:59:00,250.3,250.35,250.2,250.3,22
2008-12-18 09:00:00,250.4,250.45,250.1,250.35,39
2008-12-18 09:01:00,250.45,250.5,250.4,250.45,10
2008-12-18 09:02:00,250.4,250.45,250.25,250.4,22
2008-12-18 09:03:00,250.099,250.35,249.949,250.35,42
2008-12-18 09:04:00,249.999,250.149,249.899,250.149,12
2008-12-18 09:05:00,249.849,249.949,249.799,249.949,10
2008-12-18 09:06:00,250.049,250.149,249.899,249.999,17
2008-12-18 09:07:00,250.199,250.199,249.999,249.999,9
2008-12-18 09:08:00,250.349,250.449,250.199,250.249,16
2008-12-18 09:09:00,250.599,250.849,250.299,250.299,39
2008-12-18 09:10:00,250.799,250.899,250.599,250.649,22
2008-12-18 09:11:00,250.749,250.799,250.649,250.749,14
2008-12-18 09:12:00,250.749,250.799,250.699,250.699,9
2008-12-18 09:13:00,250.849,251.049,250.699,250.699,29
2008-12-18 09:14:00,250.749,250.899,250.699,250.899,12
2008-12-18 09:15:00,250.849,250.849,250.549,250.699,21
2008-12-18 09:16:00,250.899,250.949,250.699,250.699,12
2008-12-18 09:17:00,250.749,250.949,250.749,250.949,4
2008-12-18 09:18:00,250.949,250.949,250.799,250.849,9
2008-12-18 09:19:00,250.949,250.999,250.899,250.999,5
2008-12-18 09:20:00,250.999,250.999,250.849,250.899,9
2008-12-18 09:21:00,250.799,250.949,250.749,250.949,7
2008-12-18 09:22:00,250.649,250.699,250.599,250.699,6
2008-12-18 09:23:00,250.649,250.749,250.599,250.699,9
2008-12-18 09:24:00,250.598,250.748,250.598,250.699,7
2008-12-18 09:25:00,250.999,251.099,250.548,250.648,24
2008-12-18 09:26:00,250.748,251.049,250.698,251.049,15
2008-12-18 09:27:00,250.898,251.048,250.898,250.948,6
2008-12-18 09:28:00,250.748,250.848,250.698,250.848,7
2008-12-18 09:29:00,250.798,250.798,250.748,250.798,3
2008-12-18 09:30:00,250.948,251.048,250.848,250.898,15
2008-12-18 09:31:00,250.998,251.048,250.948,251.048,9
2008-12-18 09:32:00,250.998,251.148,250.848,251.098,14
2008-12-18 09:33:00,250.948,251.048,250.948,251.048,7
2008-12-18 09:34:00,251.148,251.298,250.898,250.998,19
2008-12-18 09:35:00,251.148,251.448,251.098,251.248,22
2008-12-18 09:36:00,250.948,251.298,250.948,251.248,18
2008-12-18 09:37:00,250.898,250.898,250.898,250.898,1
2008-12-18 09:38:00,250.898,251.048,250.848,250.948,10
2008-12-18 09:39:00,251.098,251.098,250.798,250.848,19
2008-12-18 09:40:00,251.048,251.098,250.998,251.048,4
2008-12-18 09:41:00,250.948,250.998,250.848,250.998,6
2008-12-18 09:42:00,250.898,250.998,250.898,250.998,3
2008-12-18 09:43:00,250.797,250.848,250.697,250.848,8
2008-12-18 09:44:00,250.747,250.897,250.647,250.847,12
2008-12-18 09:45:00,250.647,250.697,250.597,250.697,4
2008-12-18 09:46:00,250.547,250.697,250.547,250.597,7
2008-12-18 09:47:00,250.397,250.597,250.297,250.497,20
2008-12-18 09:48:00,250.497,250.547,250.397,250.447,8
2008-12-18 09:49:00,250.447,250.597,250.297,250.597,16
2008-12-18 09:50:00,250.147,250.547,250.097,250.497,31
2008-12-18 09:51:00,250.097,250.147,249.947,250.097,10
2008-12-18 09:52:00,249.847,249.997,249.797,249.947,15
2008-12-18 09:53:00,250.047,250.097,249.897,249.897,11
2008-12-18 09:54:00,249.947,250.047,249.797,249.997,20
2008-12-18 09:55:00,249.846,250.197,249.846,249.896,16
2008-12-18 09:56:00,249.896,249.896,249.846,249.896,3
2008-12-18 09:57:00,249.946,249.946,249.746,249.946,10
2008-12-18 09:58:00,250.246,250.296,249.996,249.996,9
2008-12-18 09:59:00,250.396,250.396,250.246,250.296,8
2008-12-18 10:00:00,250.546,250.596,250.396,250.446,7
2008-12-18 10:01:00,250.546,250.596,250.496,250.496,4
2008-12-18 10:02:00,250.646,250.696,250.596,250.696,5
2008-12-18 10:03:00,250.846,250.846,250.596,250.596,9
2008-12-18 10:04:00,250.946,251.046,250.796,250.896,10
2008-12-18 10:05:00,250.896,250.896,250.846,250.846,2
2008-12-18 10:06:00,251.146,251.196,250.946,250.946,11
2008-12-18 10:07:00,250.946,251.196,250.946,251.096,9
2008-12-18 10:08:00,250.946,250.996,250.796,250.896,11
2008-12-18 10:09:00,250.896,250.896,250.896,250.896,1
2008-12-18 10:10:00,250.746,250.796,250.696,250.796,5
2008-12-18 10:11:00,250.696,250.696,250.696,250.696,1
2008-12-18 10:12:00,250.396,250.646,250.396,250.596,9
2008-12-18 10:13:00,250.546,250.546,250.396,250.446,8
2008-12-18 10:14:00,250.496,250.546,250.446,250.496,8
2008-12-18 10:15:00,250.296,250.396,250.195,250.346,10
2008-12-18 10:16:00,250.295,250.446,250.295,250.346,5
2008-12-18 10:17:00,250.395,250.445,250.195,250.245,9
2008-12-18 10:18:00,250.595,250.695,250.295,250.345,16
2008-12-18 10:19:00,250.795,250.795,250.545,250.545,5
2008-12-18 10:20:00,250.495,250.845,250.495,250.845,8
2008-12-18 10:21:00,250.695,250.745,250.595,250.595,3
2008-12-18 10:22:00,250.445,250.745,250.445,250.645,23
2008-12-18 10:23:00,250.545,250.595,250.395,250.495,9
2008-12-18 10:24:00,250.745,250.745,250.595,250.595,2
2008-12-18 10:25:00,250.595,250.695,250.595,250.695,2
2008-12-18 10:26:00,250.745,250.795,250.645,250.645,3
2008-12-18 10:27:00,250.545,250.795,250.495,250.795,11
2008-12-18 10:28:00,250.745,250.795,250.595,250.595,16
2008-12-18 10:29:00,250.645,250.795,250.645,250.695,8
2008-12-18 10:30:00,250.695,250.695,250.495,250.595,18
2008-12-18 10:31:00,250.795,250.845,250.695,250.745,7
2008-12-18 10:32:00,250.845,250.845,250.845,250.845,1
2008-12-18 10:33:00,250.595,250.895,250.595,250.895,10
2008-12-18 10:34:00,250.645,250.745,250.545,250.545,4
2008-12-18 10:35:00,250.544,250.595,250.294,250.595,29
2008-12-18 10:36:00,250.294,250.544,250.144,250.494,23
2008-12-18 10:37:00,249.944,250.194,249.894,250.194,15
2008-12-18 10:38:00,249.994,250.094,249.994,250.044,5
2008-12-18 10:39:00,249.694,249.944,249.494,249.944,15
2008-12-18 10:40:00,249.494,249.694,249.344,249.644,27
2008-12-18 10:41:00,249.394,249.494,249.294,249.394,11
2008-12-18 10:42:00,249.394,249.544,249.394,249.444,8
2008-12-18 10:43:00,249.644,249.644,249.444,249.444,8
2008-12-18 10:44:00,249.594,249.844,249.544,249.694,9
2008-12-18 10:45:00,249.343,249.694,249.243,249.544,23
2008-12-18 10:46:00,249.644,249.644,249.293,249.293,8
2008-12-18 10:47:00,249.343,249.593,249.343,249.593,13
2008-12-18 10:48:00,249.643,249.743,249.443,249.443,8
2008-12-18 10:49:00,249.743,249.793,249.693,249.693,6
2008-12-18 10:50:00,249.743,249.793,249.693,249.693,5
2008-12-18 10:51:00,249.493,249.693,249.443,249.693,11
2008-12-18 10:52:00,249.943,249.993,249.493,249.593,16
2008-12-18 10:53:00,249.843,249.943,249.793,249.893,6
2008-12-18 10:54:00,249.843,249.943,249.843,249.943,3
2008-12-18 10:56:00,249.993,250.243,249.943,249.993,15
2008-12-18 10:57:00,249.993,250.043,249.943,250.043,4
2008-12-18 10:58:00,249.993,250.043,249.993,250.043,2
2008-12-18 10:59:00,250.243,250.243,250.093,250.093,7
2008-12-18 11:00:00,250.343,250.443,250.293,250.293,12
2008-12-18 11:01:00,250.343,250.443,250.093,250.093,8
2008-12-18 11:02:00,250.443,250.443,250.393,250.393,2
2008-12-18 11:03:00,250.543,250.543,250.443,250.493,7
2008-12-18 11:04:00,250.293,250.443,250.193,250.443,17
2008-12-18 11:05:00,250.493,250.493,250.293,250.343,8
2008-12-18 11:06:00,250.493,250.493,250.343,250.393,7
2008-12-18 11:07:00,250.443,250.543,250.443,250.543,6
2008-12-18 11:08:00,250.693,250.743,250.543,250.543,16
2008-12-18 11:09:00,250.493,250.743,250.443,250.743,8
2008-12-18 11:10:00,250.493,250.693,250.493,250.543,12
2008-12-18 11:11:00,250.643,250.643,250.543,250.543,3
2008-12-18 11:12:00,250.492,250.542,250.392,250.542,16
2008-12-18 11:13:00,250.742,250.842,250.392,250.442,20
2008-12-18 11:14:00,250.842,250.892,250.642,250.692,23
2008-12-18 11:15:00,250.892,250.942,250.792,250.892,12
2008-12-18 11:16:00,250.842,250.942,250.792,250.792,12
2008-12-18 11:17:00,250.942,250.992,250.792,250.792,12
2008-12-18 11:18:00,250.842,250.942,250.742,250.842,11
2008-12-18 11:19:00,250.892,250.992,250.892,250.892,7
2008-12-18 11:20:00,250.892,250.892,250.842,250.842,4
2008-12-18 11:21:00,250.892,250.992,250.892,250.942,7
2008-12-18 11:22:00,250.842,250.892,250.792,250.842,7
2008-12-18 11:23:00,250.792,250.842,250.792,250.792,5
2008-12-18 11:24:00,250.742,250.742,250.742,250.742,1
2008-12-18 11:25:00,250.742,250.842,250.592,250.792,7
2008-12-18 11:26:00,250.742,250.742,250.692,250.692,2
2008-12-18 11:27:00,250.542,250.642,250.542,250.642,3
2008-12-18 11:28:00,250.492,250.592,250.341,250.592,8
2008-12-18 11:29:00,250.291,250.441,250.291,250.441,10
2008-12-18 11:30:00,250.391,250.391,250.291,250.341,4
2008-12-18 11:31:00,250.291,250.341,250.291,250.291,3
2008-12-18 11:32:00,250.191,250.291,250.191,250.241,5
2008-12-18 11:33:00,250.091,250.091,249.991,250.091,18
2008-12-18 11:34:00,250.191,250.241,250.091,250.141,10
2008-12-18 11:35:00,250.191,250.241,250.141,250.241,4
2008-12-18 11:36:00,250.141,250.141,250.041,250.091,3
2008-12-18 11:37:00,249.941,250.091,249.941,250.091,4
2008-12-18 11:38:00,250.141,250.191,249.891,249.891,4
2008-12-18 11:39:00,250.191,250.241,250.091,250.091,5
2008-12-18 11:40:00,250.291,250.291,250.141,250.141,11
2008-12-18 11:41:00,250.241,250.241,250.241,250.241,1
2008-12-18 11:42:00,250.191,250.391,250.141,250.341,10
2008-12-18 11:43:00,250.191,250.191,250.141,250.141,2
2008-12-18 11:44:00,250.04,250.141,250.04,250.141,3
2008-12-18 11:45:00,250.19,250.24,249.84,249.99,22
2008-12-18 11:46:00,249.94,250.09,249.89,250.09,9
2008-12-18 11:47:00,250.04,250.04,249.89,250.04,7
2008-12-18 11:48:00,250.04,250.19,250.04,250.09,7
2008-12-18 11:49:00,250.04,250.14,250.04,250.09,3
2008-12-18 11:50:00,250.19,250.19,250.14,250.14,2
2008-12-18 11:51:00,250.29,250.29,250.19,250.24,6
2008-12-18 11:52:00,250.19,250.24,250.19,250.24,2
2008-12-18 11:53:00,250.09,250.09,250.09,250.09,1
2008-12-18 11:54:00,250.14,250.24,250.09,250.14,7
2008-12-18 11:55:00,250.19,250.19,250.19,250.19,1
2008-12-18 11:56:00,250.09,250.09,250.09,250.09,1
2008-12-18 11:57:00,250.39,250.39,250.14,250.14,7
2008-12-18 11:58:00,250.29,250.34,250.24,250.34,4
2008-12-18 11:59:00,250.24,250.24,250.24,250.24,1
2008-12-18 12:00:00,250.19,250.34,250.14,250.14,4
2008-12-18 12:01:00,250.34,250.34,250.24,250.29,4
2008-12-18 12:02:00,250.14,250.49,250.09,250.39,25
2008-12-18 12:03:00,250.089,250.19,250.089,250.19,3
2008-12-18 12:04:00,249.889,250.139,249.889,250.139,6
2008-12-18 12:05:00,250.039,250.089,249.839,249.839,16
2008-12-18 12:07:00,250.089,250.189,249.989,250.089,7
2008-12-18 12:08:00,250.139,250.139,250.089,250.139,3
2008-12-18 12:09:00,249.989,250.039,249.989,250.039,6
2008-12-18 12:11:00,249.939,250.039,249.939,249.939,7
2008-12-18 12:12:00,250.189,250.239,249.989,249.989,12
2008-12-18 12:13:00,250.139,250.139,250.039,250.139,5
2008-12-18 12:14:00,249.989,250.089,249.989,250.089,7
2008-12-18 12:15:00,249.989,250.039,249.939,249.939,4
2008-12-18 12:16:00,249.939,249.939,249.939,249.939,1
2008-12-18 12:17:00,249.939,249.989,249.839,249.889,5
2008-12-18 12:18:00,249.738,249.889,249.738,249.889,10
2008-12-18 12:19:00,249.788,249.889,249.738,249.788,8
2008-12-18 12:20:00,249.788,249.788,249.638,249.738,6
2008-12-18 12:21:00,249.738,249.838,249.738,249.838,3
2008-12-18 12:22:00,249.888,249.888,249.788,249.788,3
2008-12-18 12:23:00,250.188,250.188,249.988,249.988,5
2008-12-18 12:24:00,250.088,250.138,250.088,250.138,2
2008-12-18 12:25:00,250.038,250.138,250.038,250.138,2
2008-12-18 12:26:00,249.988,249.988,249.988,249.988,1
2008-12-18 12:27:00,249.888,249.988,249.838,249.938,6
2008-12-18 12:28:00,249.738,249.838,249.688,249.838,8
2008-12-18 12:29:00,249.638,249.688,249.638,249.638,3
2008-12-18 12:30:00,249.738,249.788,249.688,249.688,4
2008-12-18 12:31:00,249.938,249.938,249.788,249.788,5
2008-12-18 12:32:00,249.888,249.988,249.888,249.888,6
2008-12-18 12:33:00,249.888,249.888,249.788,249.838,4
2008-12-18 12:34:00,249.788,249.788,249.788,249.788,1
2008-12-18 12:35:00,249.838,249.838,249.738,249.738,3
2008-12-18 12:36:00,249.687,249.738,249.637,249.688,7
2008-12-18 12:37:00,249.737,249.737,249.737,249.737,1
2008-12-18 12:38:00,249.987,250.037,249.837,249.837,7
2008-12-18 12:39:00,249.887,249.887,249.887,249.887,1
2008-12-18 12:40:00,250.087,250.137,249.987,249.987,4
2008-12-18 12:41:00,250.037,250.287,250.037,250.137,10
2008-12-18 12:42:00,249.987,250.087,249.887,250.087,9
2008-12-18 12:43:00,249.737,249.887,249.637,249.887,7
2008-12-18 12:44:00,249.787,249.837,249.787,249.787,5
2008-12-18 12:45:00,249.837,249.837,249.737,249.837,4
2008-12-18 12:46:00,249.837,249.887,249.787,249.787,8
2008-12-18 12:47:00,249.787,249.887,249.787,249.887,3
2008-12-18 12:48:00,249.837,249.887,249.837,249.887,2
2008-12-18 12:49:00,249.887,249.887,249.787,249.787,2
2008-12-18 12:50:00,249.837,249.937,249.837,249.937,3
2008-12-18 12:51:00,249.837,249.937,249.837,249.937,2
2008-12-18 12:52:00,249.937,249.937,249.937,249.937,1
2008-12-18 12:53:00,249.887,249.887,249.837,249.887,3
2008-12-18 12:54:00,249.887,249.887,249.837,249.837,2
2008-12-18 12:55:00,249.937,249.937,249.937,249.937,1
2008-12-18 12:56:00,250.086,250.087,249.986,249.986,7
2008-12-18 12:57:00,250.186,250.287,250.136,250.137,13
2008-12-18 12:58:00,250.086,250.387,249.986,250.236,12
2008-12-18 12:59:00,250.036,250.036,250.036,250.036,1
2008-12-18 13:00:00,250.036,250.186,250.036,250.086,5
2008-12-18 13:01:00,249.986,249.986,249.986,249.986,1
2008-12-18 13:02:00,250.036,250.036,250.036,250.036,1
2008-12-18 13:03:00,249.986,250.086,249.986,250.086,2
2008-12-18 13:04:00,250.086,250.086,250.086,250.086,1
2008-12-18 13:05:00,250.086,250.086,249.986,250.036,6
2008-12-18 13:06:00,249.936,250.086,249.936,250.036,7
2008-12-18 13:07:00,249.986,250.036,249.886,249.886,6
2008-12-18 13:08:00,250.086,250.136,250.036,250.036,4
2008-12-18 13:09:00,250.086,250.086,250.036,250.036,2
2008-12-18 13:10:00,249.886,250.036,249.836,250.036,6
2008-12-18 13:11:00,250.036,250.036,249.936,249.936,3
2008-12-18 13:12:00,250.036,250.036,249.936,249.986,3
2008-12-18 13:13:00,249.986,249.986,249.986,249.986,1
2008-12-18 13:14:00,249.985,249.985,249.935,249.935,2
2008-12-18 13:15:00,249.985,249.985,249.885,249.885,2
2008-12-18 13:16:00,250.085,250.085,249.935,250.035,8
2008-12-18 13:17:00,249.985,249.985,249.985,249.985,1
2008-12-18 13:18:00,249.885,249.935,249.835,249.935,9
2008-12-18 13:19:00,250.135,250.135,249.985,249.985,6
2008-12-18 13:20:00,249.985,250.085,249.985,250.085,5
2008-12-18 13:21:00,250.085,250.085,249.935,249.935,4
2008-12-18 13:22:00,250.085,250.185,249.985,250.135,9
2008-12-18 13:23:00,249.935,250.085,249.935,250.035,6
2008-12-18 13:25:00,249.835,249.935,249.835,249.885,3
2008-12-18 13:26:00,249.885,249.885,249.885,249.885,1
2008-12-18 13:27:00,250.035,250.035,249.735,249.785,11
2008-12-18 13:28:00,249.935,249.985,249.935,249.985,2
2008-12-18 13:29:00,249.985,250.085,249.835,249.885,6
2008-12-18 13:30:00,250.085,250.085,249.735,250.085,20
2008-12-18 13:31:00,250.135,250.235,249.935,250.135,17
2008-12-18 13:32:00,250.385,250.585,250.185,250.185,19
2008-12-18 13:33:00,250.635,250.685,250.435,250.435,16
2008-12-18 13:34:00,250.535,250.585,250.485,250.585,6
2008-12-18 13:35:00,250.585,250.785,250.534,250.585,17
2008-12-18 13:36:00,250.584,250.785,250.584,250.635,6
2008-12-18 13:37:00,250.284,250.584,250.284,250.534,20
2008-12-18 13:38:00,250.634,250.634,250.134,250.334,19
2008-12-18 13:39:00,250.534,250.584,250.534,250.584,4
2008-12-18 13:40:00,250.484,250.584,250.484,250.584,3
2008-12-18 13:41:00,250.534,250.534,250.384,250.384,2
2008-12-18 13:42:00,250.484,250.584,250.434,250.484,12
2008-12-18 13:43:00,250.534,250.534,250.334,250.534,11
2008-12-18 13:44:00,250.334,250.584,250.234,250.584,8
2008-12-18 13:45:00,250.384,250.434,250.334,250.384,4
2008-12-18 13:46:00,250.284,250.384,250.084,250.284,16
2008-12-18 13:47:00,250.334,250.384,250.134,250.184,11
2008-12-18 13:48:00,250.384,250.384,250.234,250.384,6
2008-12-18 13:49:00,250.434,250.484,250.334,250.334,4
2008-12-18 13:50:00,250.184,250.384,250.184,250.384,7
2008-12-18 13:51:00,249.883,250.284,249.883,250.284,9
2008-12-18 13:52:00,250.083,250.083,249.883,249.933,10
2008-12-18 13:53:00,250.333,250.383,250.083,250.133,8
2008-12-18 13:54:00,250.483,250.483,250.233,250.383,14
2008-12-18 13:55:00,250.333,250.583,250.283,250.383,15
2008-12-18 13:56:00,250.183,250.333,250.133,250.283,11
2008-12-18 13:57:00,250.383,250.433,250.183,250.233,5
2008-12-18 13:58:00,250.333,250.433,250.233,250.283,8
2008-12-18 13:59:00,250.133,250.233,250.133,250.233,9
2008-12-18 14:00:00,250.033,250.383,250.033,250.183,22
2008-12-18 14:01:00,249.983,250.183,249.933,250.083,13
2008-12-18 14:02:00,249.883,250.033,249.833,250.033,9
2008-12-18 14:03:00,249.683,249.883,249.533,249.833,41
2008-12-18 14:04:00,249.733,249.883,249.733,249.733,8
2008-12-18 14:05:00,249.733,249.733,249.683,249.683,4
2008-12-18 14:06:00,249.983,250.183,249.783,249.783,19
2008-12-18 14:07:00,249.832,249.883,249.782,249.883,7
2008-12-18 14:08:00,249.832,249.832,249.782,249.782,2
2008-12-18 14:09:00,250.032,250.133,249.882,249.932,9
2008-12-18 14:10:00,249.932,249.982,249.932,249.982,2
2008-12-18 14:11:00,249.982,250.032,249.982,249.982,3
2008-12-18 14:12:00,249.832,249.932,249.782,249.932,5
2008-12-18 14:13:00,249.832,249.832,249.682,249.782,6
2008-12-18 14:14:00,249.882,249.932,249.882,249.932,2
2008-12-18 14:15:00,249.982,250.132,249.932,249.932,7
2008-12-18 14:16:00,250.082,250.132,250.032,250.032,5
2008-12-18 14:17:00,250.032,250.182,249.982,250.132,9
2008-12-18 14:18:00,249.932,250.082,249.832,250.082,5
2008-12-18 14:20:00,250.032,250.032,249.932,249.982,3
2008-12-18 14:21:00,249.882,250.132,249.882,250.082,6
2008-12-18 14:22:00,249.982,249.982,249.982,249.982,1
2008-12-18 14:23:00,249.982,249.982,249.932,249.932,2
2008-12-18 14:24:00,249.832,249.882,249.832,249.882,2
2008-12-18 14:25:00,249.731,249.932,249.731,249.882,6
2008-12-18 14:26:00,249.781,249.831,249.681,249.681,9
2008-12-18 14:27:00,249.781,249.781,249.681,249.731,4
2008-12-18 14:28:00,249.781,249.831,249.681,249.731,8
2008-12-18 14:29:00,249.931,249.981,249.831,249.831,12
2008-12-18 14:30:00,249.731,249.931,249.731,249.881,15
2008-12-18 14:31:00,250.081,250.081,249.731,249.781,11
2008-12-18 14:32:00,250.031,250.131,249.881,250.031,18
2008-12-18 14:33:00,249.681,250.031,249.331,249.981,37
2008-12-18 14:34:00,250.031,250.181,249.581,249.631,26
2008-12-18 14:35:00,250.431,250.631,250.131,250.131,26
2008-12-18 14:36:00,250.431,250.531,250.181,250.481,10
2008-12-18 14:37:00,250.731,250.731,250.331,250.381,12
2008-12-18 14:38:00,250.381,250.581,250.181,250.581,26
2008-12-18 14:39:00,250.331,250.381,250.031,250.331,15
2008-12-18 14:40:00,250.031,250.431,250.031,250.431,13
2008-12-18 14:41:00,250.031,250.231,249.931,250.131,26
2008-12-18 14:42:00,249.781,250.231,249.681,250.081,13
2008-12-18 14:43:00,249.981,250.031,249.831,249.831,10
2008-12-18 14:44:00,249.83,250.081,249.78,250.031,8
2008-12-18 14:45:00,249.58,249.88,249.53,249.88,9
2008-12-18 14:46:00,249.58,249.83,249.58,249.63,9
2008-12-18 14:47:00,249.48,249.63,249.43,249.63,17
2008-12-18 14:48:00,249.38,249.53,248.98,249.53,52
2008-12-18 14:49:00,249.38,249.38,249.13,249.33,21
2008-12-18 14:50:00,248.98,249.53,248.93,249.33,30
2008-12-18 14:51:00,248.68,249.38,248.68,249.03,44
2008-12-18 14:52:00,248.83,248.83,248.63,248.73,23
2008-12-18 14:53:00,248.88,249.08,248.73,248.88,10
2008-12-18 14:54:00,248.329,248.98,248.329,248.93,33
2008-12-18 14:55:00,248.529,248.73,248.229,248.379,50
2008-12-18 14:56:00,248.629,248.679,248.479,248.479,25
2008-12-18 14:57:00,248.129,248.779,248.129,248.679,27
2008-12-18 14:58:00,248.729,248.729,248.179,248.179,29
2008-12-18 14:59:00,248.429,248.679,248.329,248.679,18
2008-12-18 15:00:00,249.079,249.329,248.379,248.379,97
2008-12-18 15:01:00,249.129,249.429,248.979,249.029,59
2008-12-18 15:02:00,249.179,249.229,248.929,249.079,34
2008-12-18 15:03:00,249.179,249.329,249.129,249.229,20
2008-12-18 15:04:00,249.179,249.229,248.929,249.129,26
2008-12-18 15:05:00,248.729,249.129,248.729,249.129,19
2008-12-18 15:06:00,248.729,248.829,248.579,248.679,14
2008-12-18 15:07:00,248.879,248.929,248.729,248.779,24
2008-12-18 15:08:00,248.629,248.879,248.579,248.829,18
2008-12-18 15:09:00,248.779,248.829,248.679,248.779,12
2008-12-18 15:10:00,248.679,248.879,248.629,248.829,10
2008-12-18 15:11:00,248.829,248.879,248.729,248.729,13
2008-12-18 15:12:00,248.779,248.879,248.478,248.779,22
2008-12-18 15:13:00,248.528,248.929,248.428,248.829,16
2008-12-18 15:14:00,248.428,248.678,248.428,248.478,11
2008-12-18 15:15:00,248.378,248.628,248.328,248.478,14
2008-12-18 15:16:00,248.628,248.678,248.428,248.428,16
2008-12-18 15:17:00,248.428,248.878,248.378,248.678,31
2008-12-18 15:18:00,247.878,248.528,247.878,248.528,45
2008-12-18 15:19:00,247.728,247.828,247.578,247.828,59
2008-12-18 15:20:00,247.628,247.878,247.528,247.678,39
2008-12-18 15:21:00,247.878,248.028,247.628,247.678,21
2008-12-18 15:22:00,247.828,248.128,247.578,247.928,45
2008-12-18 15:23:00,247.778,248.178,247.778,247.878,19
2008-12-18 15:24:00,247.778,247.978,247.578,247.828,24
2008-12-18 15:25:00,247.978,248.028,247.628,247.728,18
2008-12-18 15:26:00,248.028,248.078,247.878,247.928,15
2008-12-18 15:27:00,248.478,248.578,248.078,248.128,21
2008-12-18 15:28:00,248.578,248.678,248.378,248.378,30
2008-12-18 15:29:00,248.428,248.528,248.077,248.478,30
2008-12-18 15:30:00,248.578,248.578,248.327,248.377,21
2008-12-18 15:31:00,248.677,248.728,248.477,248.527,21
2008-12-18 15:32:00,248.577,248.828,248.577,248.577,15
2008-12-18 15:33:00,248.527,248.777,248.377,248.677,16
2008-12-18 15:34:00,248.777,248.777,248.477,248.477,4
2008-12-18 15:35:00,249.027,249.077,248.827,248.827,20
2008-12-18 15:36:00,248.877,249.027,248.827,248.977,7
2008-12-18 15:37:00,249.277,249.327,248.777,248.827,22
2008-12-18 15:38:00,249.177,249.427,249.127,249.327,17
2008-12-18 15:39:00,249.277,249.377,249.127,249.127,14
2008-12-18 15:40:00,249.427,249.477,249.277,249.327,12
2008-12-18 15:41:00,249.277,249.477,249.227,249.477,11
2008-12-18 15:42:00,249.227,249.427,249.177,249.327,15
2008-12-18 15:43:00,249.427,249.477,249.177,249.177,17
2008-12-18 15:44:00,249.277,249.377,249.077,249.377,16
2008-12-18 15:45:00,249.077,249.227,248.977,249.227,7
2008-12-18 15:46:00,249.077,249.127,248.877,249.127,21
2008-12-18 15:47:00,249.527,249.627,249.127,249.127,40
2008-12-18 15:48:00,249.727,249.777,249.577,249.577,9
2008-12-18 15:49:00,249.777,249.927,249.677,249.777,28
2008-12-18 15:50:00,249.877,250.177,249.827,249.827,44
2008-12-18 15:51:00,249.777,250.127,249.677,249.827,30
2008-12-18 15:52:00,250.177,250.227,249.877,249.877,26
2008-12-18 15:53:00,250.227,250.327,250.127,250.127,12
2008-12-18 15:54:00,250.427,250.477,250.327,250.327,9
2008-12-18 15:55:00,250.277,250.477,250.227,250.477,18
2008-12-18 15:56:00,250.227,250.427,250.077,250.227,45
2008-12-18 15:57:00,250.227,250.277,250.077,250.277,27
2008-12-18 15:58:00,250.226,250.276,250.126,250.126,13
2008-12-18 15:59:00,250.076,250.276,249.976,250.276,10
2008-12-18 16:00:00,250.226,250.276,250.076,250.126,8
2008-12-18 16:01:00,250.626,250.676,250.276,250.276,16
2008-12-18 16:02:00,250.776,250.826,250.476,250.676,37
2008-12-18 16:03:00,250.626,250.826,250.626,250.826,8
2008-12-18 16:04:00,250.976,250.976,250.576,250.576,31
2008-12-18 16:05:00,251.076,251.326,250.776,251.076,69
2008-12-18 16:06:00,251.276,251.276,251.076,251.126,10
2008-12-18 16:07:00,251.226,251.326,251.076,251.226,20
2008-12-18 16:08:00,250.876,251.176,250.876,251.176,18
2008-12-18 16:09:00,250.526,250.826,250.526,250.776,14
2008-12-18 16:10:00,250.276,250.626,250.276,250.626,16
2008-12-18 16:11:00,250.326,250.426,250.176,250.176,11
2008-12-18 16:12:00,250.026,250.376,249.976,250.376,21
2008-12-18 16:13:00,250.226,250.226,249.926,249.926,23
2008-12-18 16:14:00,250.126,250.326,250.076,250.176,23
2008-12-18 16:15:00,250.376,250.376,250.126,250.176,11
2008-12-18 16:16:00,250.476,250.476,250.326,250.326,6
2008-12-18 16:17:00,250.375,250.475,250.375,250.426,5
2008-12-18 16:18:00,250.475,250.525,250.175,250.425,25
2008-12-18 16:19:00,250.375,250.475,250.325,250.425,20
2008-12-18 16:20:00,250.225,250.525,250.225,250.425,20
2008-12-18 16:21:00,250.075,250.325,250.025,250.325,23
2008-12-18 16:22:00,249.875,250.025,249.825,250.025,15
2008-12-18 16:23:00,249.925,250.025,249.825,249.925,17
2008-12-18 16:24:00,249.725,249.975,249.675,249.875,34
2008-12-18 16:25:00,249.775,249.825,249.575,249.625,17
2008-12-18 16:26:00,249.675,249.825,249.625,249.725,11
2008-12-18 16:27:00,249.525,249.725,249.475,249.625,21
2008-12-18 16:28:00,249.625,249.625,249.425,249.575,26
2008-12-18 16:29:00,249.575,249.875,249.475,249.525,38
2008-12-18 16:30:00,249.975,249.975,249.525,249.675,31
2008-12-18 16:31:00,249.825,249.925,249.825,249.925,3
2008-12-18 16:32:00,249.524,249.775,249.524,249.775,16
2008-12-18 16:33:00,249.374,249.524,249.324,249.474,11
2008-12-18 16:34:00,250.074,250.124,249.374,249.524,33
2008-12-18 16:35:00,250.024,250.324,250.024,250.174,24
2008-12-18 16:36:00,250.074,250.074,250.024,250.074,3
2008-12-18 16:38:00,250.074,250.174,250.074,250.174,3
2008-12-18 16:39:00,250.324,250.324,250.174,250.174,3
2008-12-18 16:40:00,250.424,250.424,250.274,250.274,6
2008-12-18 16:41:00,250.424,250.424,250.324,250.324,2
2008-12-18 16:42:00,250.524,250.524,250.374,250.474,5
2008-12-18 16:43:00,250.474,250.574,250.474,250.474,5
2008-12-18 16:45:00,250.724,250.724,250.474,250.574,6
2008-12-18 16:46:00,250.724,250.724,250.674,250.674,4
2008-12-18 16:47:00,250.774,250.774,250.774,250.774,1
2008-12-18 16:48:00,250.824,250.874,250.724,250.874,3
2008-12-18 16:49:00,250.824,250.824,250.724,250.724,5
2008-12-18 16:50:00,250.674,250.774,250.674,250.724,6
2008-12-18 16:51:00,250.924,250.924,250.824,250.824,2
2008-12-18 16:52:00,250.874,250.874,250.824,250.824,2
2008-12-18 16:53:00,250.924,250.924,250.924,250.924,1
2008-12-18 16:54:00,250.774,250.974,250.774,250.974,5
2008-12-18 16:55:00,250.724,250.774,250.724,250.724,3
2008-12-18 16:56:00,250.773,250.773,250.723,250.773,3
2008-12-18 16:57:00,250.823,250.923,250.823,250.923,3
2008-12-18 16:58:00,250.773,250.873,250.773,250.873,4
2008-12-18 16:59:00,250.723,250.823,250.723,250.823,2
2008-12-18 17:00:00,250.723,250.723,250.623,250.673,4
2008-12-18 17:02:00,249.973,250.173,249.973,250.173,4
2008-12-18 17:03:00,249.723,249.923,249.723,249.923,5
2008-12-18 17:04:00,249.923,249.923,249.723,249.773,3
2008-12-18 17:05:00,249.773,249.773,249.773,249.773,1
2008-12-18 17:06:00,249.723,249.823,249.723,249.823,3
2008-12-18 17:07:00,249.773,249.773,249.723,249.773,3
2008-12-18 17:10:00,249.772,249.772,249.672,249.672,2
2008-12-18 17:11:00,249.622,249.622,249.622,249.622,1
2008-12-18 17:12:00,249.572,249.572,249.572,249.572,1
2008-12-18 17:14:00,249.672,249.672,249.322,249.522,5
2008-12-19 07:00:00,249.6,249.6,249.6,249.6,1
2008-12-19 07:01:00,249.904,249.904,249.904,249.904,1
2008-12-19 07:03:00,249.853,249.853,249.853,249.853,1
2008-12-19 07:05:00,249.955,249.955,249.955,249.955,1
2008-12-19 07:08:00,249.701,250.106,249.701,249.853,4
2008-12-19 07:09:00,249.751,249.751,249.751,249.751,1
2008-12-19 07:11:00,249.802,249.802,249.802,249.802,1
2008-12-19 07:34:00,250.155,250.206,250.155,250.206,2
2008-12-19 07:38:00,250.256,250.357,250.256,250.357,2
2008-12-19 07:43:00,250.154,250.154,250.154,250.154,1
2008-12-19 07:44:00,250.154,250.255,250.154,250.255,2
2008-12-19 07:45:00,250.053,250.053,250.053,250.053,1
2008-12-19 07:46:00,250.002,250.052,250.002,250.002,3
2008-12-19 07:47:00,250.052,250.052,250.052,250.052,1
2008-12-19 07:48:00,250.154,250.154,250.103,250.154,3
2008-12-19 07:49:00,250.154,250.154,250.052,250.052,2
2008-12-19 07:51:00,250.356,250.356,250.356,250.356,1
2008-12-19 07:52:00,250.306,250.306,250.306,250.306,1
2008-12-19 07:55:00,250.001,250.052,250.001,250.052,2
2008-12-19 07:56:00,250.052,250.052,250.052,250.052,1
2008-12-19 07:57:00,250.051,250.102,250.051,250.102,4
2008-12-19 07:58:00,250.356,250.356,250.001,250.001,5
2008-12-19 07:59:00,250.66,250.66,250.356,250.406,9
2008-12-19 08:00:00,250.761,251.015,250.356,250.812,50
2008-12-19 08:01:00,250.355,251.116,250.153,250.711,69
2008-12-19 08:02:00,250.507,250.558,250.152,250.406,49
2008-12-19 08:03:00,250.457,250.507,250.355,250.457,15
2008-12-19 08:04:00,250.507,250.507,250.304,250.355,12
2008-12-19 08:05:00,250.456,250.558,250.304,250.457,42
2008-12-19 08:06:00,250.71,250.811,250.406,250.406,44
2008-12-19 08:07:00,250.811,250.811,250.558,250.761,32
2008-12-19 08:08:00,250.203,250.811,250.203,250.761,49
2008-12-19 08:09:00,250.0,250.355,249.949,250.253,38
2008-12-19 08:10:00,249.492,250.0,249.442,249.949,84
2008-12-19 08:11:00,249.999,249.999,249.442,249.442,36
2008-12-19 08:12:00,249.949,250.05,249.797,250.05,21
2008-12-19 08:13:00,250.05,250.05,249.847,249.847,17
2008-12-19 08:14:00,250.101,250.253,250.05,250.101,23
2008-12-19 08:15:00,250.05,250.101,249.999,249.999,16
2008-12-19 08:16:00,250.151,250.151,249.999,249.999,7
2008-12-19 08:17:00,250.557,250.557,250.1,250.1,15
2008-12-19 08:18:00,250.354,250.557,250.252,250.506,21
2008-12-19 08:19:00,250.506,250.557,250.354,250.405,27
2008-12-19 08:20:00,250.557,250.607,250.405,250.405,24
2008-12-19 08:21:00,251.013,251.064,250.607,250.607,29
2008-12-19 08:22:00,251.165,251.267,251.013,251.064,27
2008-12-19 08:23:00,251.469,251.469,251.216,251.216,21
2008-12-19 08:24:00,251.469,251.621,251.419,251.419,26
2008-12-19 08:25:00,251.266,251.621,251.266,251.571,26
2008-12-19 08:26:00,251.266,251.418,251.165,251.317,27
2008-12-19 08:27:00,251.012,251.266,251.012,251.215,12
2008-12-19 08:28:00,250.962,251.012,250.86,250.911,18
2008-12-19 08:29:00,251.012,251.114,250.911,250.911,12
2008-12-19 08:30:00,251.114,251.164,250.809,250.962,22
2008-12-19 08:31:00,251.367,251.418,251.063,251.063,17
2008-12-19 08:32:00,251.57,251.621,251.367,251.418,35
2008-12-19 08:33:00,251.671,251.824,251.519,251.519,28
2008-12-19 08:34:00,251.671,251.671,251.519,251.57,11
2008-12-19 08:35:00,251.316,251.62,251.215,251.62,32
2008-12-19 08:36:00,251.012,251.265,250.91,251.265,24
2008-12-19 08:37:00,251.57,251.57,250.91,250.961,38
2008-12-19 08:38:00,251.519,251.569,251.417,251.519,9
2008-12-19 08:39:00,251.468,251.519,251.417,251.417,9
2008-12-19 08:40:00,251.316,251.417,251.265,251.417,8
2008-12-19 08:41:00,251.163,251.265,251.113,251.265,7
2008-12-19 08:42:00,251.163,251.214,251.011,251.214,16
2008-12-19 08:43:00,250.859,251.113,250.808,251.113,8
2008-12-19 08:44:00,250.808,250.91,250.757,250.808,8
2008-12-19 08:45:00,250.808,250.96,250.757,250.757,9
2008-12-19 08:46:00,250.656,250.757,250.605,250.757,10
2008-12-19 08:47:00,250.605,250.706,250.554,250.706,8
2008-12-19 08:48:00,250.605,250.757,250.503,250.554,18
2008-12-19 08:49:00,250.656,250.656,250.554,250.554,7
2008-12-19 08:50:00,250.655,250.655,250.503,250.605,9
2008-12-19 08:51:00,250.706,250.706,250.605,250.605,6
2008-12-19 08:52:00,250.96,251.01,250.757,250.757,19
2008-12-19 08:53:00,251.01,251.162,251.01,251.01,15
2008-12-19 08:54:00,251.112,251.112,250.959,251.061,22
2008-12-19 08:55:00,251.111,251.162,251.01,251.061,14
2008-12-19 08:56:00,251.061,251.213,251.061,251.162,13
2008-12-19 08:57:00,251.162,251.213,251.111,251.111,10
2008-12-19 08:58:00,251.365,251.466,251.213,251.213,8
2008-12-19 08:59:00,251.213,251.314,251.213,251.263,6
2008-12-19 09:00:00,251.263,251.263,251.162,251.263,7
2008-12-19 09:01:00,251.415,251.517,251.365,251.365,5
2008-12-19 09:02:00,251.719,251.77,251.466,251.466,21
2008-12-19 09:03:00,251.821,251.922,251.669,251.77,25
2008-12-19 09:04:00,251.821,251.872,251.719,251.872,4
2008-12-19 09:05:00,251.922,251.922,251.719,251.77,6
2008-12-19 09:06:00,251.719,251.871,251.668,251.871,15
2008-12-19 09:07:00,251.567,251.821,251.516,251.77,30
2008-12-19 09:08:00,251.77,251.77,251.516,251.516,7
2008-12-19 09:09:00,251.871,251.972,251.668,251.719,11
2008-12-19 09:10:00,252.074,252.074,251.972,251.972,9
2008-12-19 09:11:00,252.023,252.226,251.972,252.124,14
2008-12-19 09:12:00,251.769,252.074,251.769,251.922,16
2008-12-19 09:13:00,251.769,251.769,251.719,251.719,2
2008-12-19 09:14:00,251.82,251.82,251.718,251.718,2
2008-12-19 09:15:00,251.718,251.921,251.566,251.871,26
2008-12-19 09:16:00,251.82,251.82,251.617,251.668,5
2008-12-19 09:17:00,251.921,251.972,251.718,251.769,10
2008-12-19 09:18:00,251.769,251.87,251.769,251.87,5
2008-12-19 09:19:00,251.718,251.718,251.566,251.718,9
2008-12-19 09:20:00,252.073,252.073,251.718,251.769,18
2008-12-19 09:21:00,251.921,252.124,251.921,252.124,8
2008-12-19 09:22:00,251.87,251.971,251.87,251.87,9
2008-12-19 09:23:00,251.768,251.819,251.768,251.819,2
2008-12-19 09:24:00,251.718,251.718,251.667,251.718,3
2008-12-19 09:25:00,251.87,251.92,251.667,251.667,13
2008-12-19 09:27:00,251.768,251.819,251.768,251.819,2
2008-12-19 09:28:00,251.514,251.768,251.514,251.717,7
2008-12-19 09:29:00,251.768,251.768,251.565,251.565,6
2008-12-19 09:30:00,251.717,251.768,251.616,251.616,7
2008-12-19 09:31:00,251.818,251.818,251.666,251.768,3
2008-12-19 09:32:00,252.021,252.021,251.97,251.97,4
2008-12-19 09:33:00,251.92,252.072,251.92,251.97,8
2008-12-19 09:34:00,251.97,252.021,251.97,251.97,3
2008-12-19 09:35:00,252.072,252.122,251.97,252.021,8
2008-12-19 09:36:00,252.021,252.021,251.97,252.021,3
2008-12-19 09:37:00,252.173,252.173,252.021,252.071,6
2008-12-19 09:38:00,252.274,252.426,252.071,252.122,24
2008-12-19 09:39:00,252.223,252.376,252.223,252.376,10
2008-12-19 09:40:00,252.274,252.325,252.122,252.274,10
2008-12-19 09:41:00,251.817,252.173,251.767,252.173,26
2008-12-19 09:42:00,251.513,251.767,251.462,251.767,19
2008-12-19 09:43:00,251.716,251.716,251.513,251.564,8
2008-12-19 09:44:00,251.665,251.767,251.614,251.665,12
2008-12-19 09:45:00,251.564,251.614,251.513,251.614,6
2008-12-19 09:47:00,251.665,251.665,251.614,251.614,2
2008-12-19 09:48:00,251.614,251.766,251.563,251.715,9
2008-12-19 09:49:00,251.411,251.563,251.411,251.563,10
2008-12-19 09:50:00,251.411,251.462,251.31,251.462,10
2008-12-19 09:51:00,251.36,251.563,251.309,251.512,10
2008-12-19 09:52:00,251.259,251.309,251.157,251.309,5
2008-12-19 09:53:00,251.208,251.208,251.056,251.157,15
2008-12-19 09:54:00,251.106,251.208,251.106,251.157,4
2008-12-19 09:55:00,251.157,251.208,251.106,251.208,7
2008-12-19 09:56:00,250.954,251.106,250.751,251.106,25
2008-12-19 09:57:00,250.802,250.903,250.802,250.903,5
2008-12-19 09:58:00,250.7,250.751,250.7,250.7,3
2008-12-19 09:59:00,250.345,250.751,250.294,250.649,32
2008-12-19 10:00:00,250.294,250.396,250.193,250.396,26
2008-12-19 10:01:00,250.294,250.345,250.142,250.243,27
2008-12-19 10:02:00,250.548,250.548,250.345,250.345,24
2008-12-19 10:03:00,250.7,250.903,250.497,250.497,17
2008-12-19 10:04:00,250.902,250.902,250.7,250.75,15
2008-12-19 10:05:00,251.156,251.156,250.852,250.852,20
2008-12-19 10:06:00,251.562,251.612,251.257,251.257,9
2008-12-19 10:07:00,251.562,251.612,251.511,251.511,6
2008-12-19 10:08:00,251.561,251.561,251.409,251.511,11
2008-12-19 10:09:00,251.561,251.612,251.511,251.511,6
2008-12-19 10:10:00,251.156,251.511,251.003,251.359,26
2008-12-19 10:11:00,251.358,251.358,251.105,251.105,20
2008-12-19 10:12:00,251.155,251.358,251.054,251.308,18
2008-12-19 10:13:00,251.003,251.206,251.003,251.206,7
2008-12-19 10:14:00,250.445,250.952,250.394,250.952,31
2008-12-19 10:15:00,250.749,250.902,250.445,250.496,43
2008-12-19 10:16:00,250.597,250.749,250.394,250.648,40
2008-12-19 10:17:00,250.546,250.749,250.496,250.648,25
2008-12-19 10:18:00,250.546,250.597,250.496,250.496,5
2008-12-19 10:19:00,250.495,250.597,250.495,250.597,3
2008-12-19 10:20:00,250.343,250.394,250.191,250.394,12
2008-12-19 10:21:00,250.343,250.445,250.242,250.292,8
2008-12-19 10:22:00,250.14,250.292,250.039,250.292,34
2008-12-19 10:23:00,249.886,250.039,249.785,250.039,28
2008-12-19 10:24:00,249.684,250.089,249.684,249.937,35
2008-12-19 10:25:00,249.785,250.038,249.633,249.633,34
2008-12-19 10:26:00,250.089,250.292,249.734,249.734,43
2008-12-19 10:27:00,250.089,250.14,250.038,250.14,8
2008-12-19 10:28:00,249.937,250.038,249.937,250.038,9
2008-12-19 10:29:00,249.835,249.987,249.835,249.987,8
2008-12-19 10:30:00,249.683,249.886,249.683,249.886,14
2008-12-19 10:31:00,249.429,249.734,249.429,249.632,29
2008-12-19 10:32:00,249.074,249.429,249.023,249.379,31
2008-12-19 10:33:00,248.871,249.074,248.77,249.023,36
2008-12-19 10:34:00,248.973,249.074,248.871,248.973,15
2008-12-19 10:35:00,248.922,248.973,248.871,248.922,19
2008-12-19 10:36:00,249.023,249.023,248.871,248.871,14
2008-12-19 10:37:00,249.327,249.327,248.972,248.972,18
2008-12-19 10:38:00,249.327,249.327,249.175,249.226,9
2008-12-19 10:39:00,249.631,249.631,249.277,249.277,12
2008-12-19 10:40:00,249.784,249.834,249.581,249.581,15
2008-12-19 10:41:00,249.682,249.733,249.53,249.733,10
2008-12-19 10:42:00,249.733,249.733,249.631,249.631,7
2008-12-19 10:43:00,249.682,249.783,249.631,249.682,20
2008-12-19 10:44:00,249.986,249.986,249.733,249.733,12
2008-12-19 10:45:00,249.935,249.986,249.935,249.935,5
2008-12-19 10:46:00,250.29,250.442,249.986,249.986,30
2008-12-19 10:47:00,250.087,250.239,249.986,250.189,18
2008-12-19 10:48:00,250.189,250.29,250.138,250.189,14
2008-12-19 10:49:00,250.949,250.949,250.239,250.239,29
2008-12-19 10:50:00,251.253,251.355,250.848,250.848,56
2008-12-19 10:51:00,251.05,251.304,250.949,251.203,33
2008-12-19 10:52:00,251.0,251.05,250.848,251.0,26
2008-12-19 10:53:00,251.152,251.152,250.949,250.949,13
2008-12-19 10:54:00,251.507,251.557,251.101,251.202,33
2008-12-19 10:55:00,251.659,251.659,251.557,251.557,14
2008-12-19 10:56:00,250.746,251.608,250.695,251.608,41
2008-12-19 10:57:00,250.137,250.796,250.086,250.796,26
2008-12-19 10:58:00,250.34,250.391,250.036,250.086,22
2008-12-19 10:59:00,250.745,250.948,250.391,250.441,38
2008-12-19 11:00:00,250.441,250.695,250.34,250.695,31
2008-12-19 11:01:00,250.542,250.593,250.34,250.39,14
2008-12-19 11:02:00,250.542,250.847,250.34,250.492,27
2008-12-19 11:03:00,250.948,250.948,250.593,250.593,11
2008-12-19 11:04:00,251.1,251.151,250.897,250.999,9
2008-12-19 11:05:00,250.999,251.201,250.999,251.151,21
2008-12-19 11:06:00,250.948,250.999,250.846,250.948,11
2008-12-19 11:07:00,250.998,251.151,250.897,250.897,10
2008-12-19 11:08:00,250.948,250.948,250.846,250.948,7
2008-12-19 11:09:00,250.846,250.948,250.795,250.897,10
2008-12-19 11:10:00,250.998,250.998,250.897,250.947,6
2008-12-19 11:11:00,251.099,251.15,251.099,251.099,3
2008-12-19 11:12:00,251.505,251.607,251.099,251.15,22
2008-12-19 11:13:00,251.556,251.556,251.404,251.454,12
2008-12-19 11:14:00,251.606,251.606,251.606,251.606,1
2008-12-19 11:15:00,251.657,251.758,251.556,251.556,7
2008-12-19 11:16:00,251.606,251.708,251.556,251.708,4
2008-12-19 11:17:00,251.555,251.606,251.251,251.555,32
2008-12-19 11:18:00,251.048,251.505,250.997,251.505,16
2008-12-19 11:19:00,251.048,251.15,250.947,250.947,6
2008-12-19 11:20:00,251.099,251.099,251.099,251.099,1
2008-12-19 11:21:00,250.896,251.048,250.794,250.997,12
2008-12-19 11:22:00,250.794,250.845,250.693,250.845,6
2008-12-19 11:23:00,250.845,250.946,250.642,250.693,13
2008-12-19 11:24:00,250.642,250.946,250.642,250.794,10
2008-12-19 11:25:00,250.49,250.591,250.439,250.591,9
2008-12-19 11:26:00,250.895,250.946,250.439,250.439,17
2008-12-19 11:27:00,250.642,250.794,250.439,250.794,24
2008-12-19 11:28:00,250.54,250.642,250.54,250.591,8
2008-12-19 11:29:00,250.489,250.591,250.489,250.591,2
2008-12-19 11:30:00,250.388,250.54,250.286,250.54,15
2008-12-19 11:31:00,250.286,250.337,250.185,250.337,8
2008-12-19 11:32:00,250.388,250.438,250.337,250.388,5
2008-12-19 11:33:00,250.337,250.489,250.337,250.489,9
2008-12-19 11:34:00,250.235,250.337,250.235,250.286,6
2008-12-19 11:35:00,250.286,250.286,250.235,250.286,5
2008-12-19 11:36:00,250.489,250.489,250.387,250.387,6
2008-12-19 11:37:00,250.59,250.59,250.489,250.539,4
2008-12-19 11:38:00,250.438,250.691,250.387,250.641,12
2008-12-19 11:39:00,250.387,250.488,250.387,250.387,8
2008-12-19 11:40:00,250.387,250.438,250.336,250.438,3
2008-12-19 11:41:00,250.488,250.488,250.285,250.438,9
2008-12-19 11:42:00,250.894,250.894,250.488,250.539,19
2008-12-19 11:43:00,251.046,251.046,250.843,250.843,3
2008-12-19 11:44:00,250.336,250.995,250.336,250.995,28
2008-12-19 11:45:00,250.082,250.387,250.031,250.285,23
2008-12-19 11:46:00,250.234,250.285,250.082,250.133,9
2008-12-19 11:47:00,250.133,250.234,250.031,250.183,10
2008-12-19 11:48:00,250.133,250.133,250.082,250.082,6
2008-12-19 11:49:00,250.183,250.285,250.082,250.183,7
2008-12-19 11:50:00,250.082,250.234,250.082,250.132,6
2008-12-19 11:51:00,249.879,250.082,249.879,250.031,14
2008-12-19 11:52:00,250.284,250.335,249.929,249.929,28
2008-12-19 11:53:00,250.487,250.487,250.234,250.234,26
2008-12-19 11:54:00,250.538,250.639,250.436,250.538,18
2008-12-19 11:55:00,250.487,250.538,250.386,250.487,10
2008-12-19 11:56:00,250.436,250.588,250.436,250.588,7
2008-12-19 11:57:00,250.639,250.639,250.385,250.487,11
2008-12-19 11:58:00,250.943,250.943,250.588,250.69,31
2008-12-19 11:59:00,250.842,251.095,250.842,251.095,18
2008-12-19 12:00:00,250.284,250.892,250.284,250.892,28
2008-12-19 12:01:00,250.081,250.233,250.081,250.182,22
2008-12-19 12:02:00,250.131,250.182,249.979,250.03,19
2008-12-19 12:03:00,249.979,250.081,249.928,250.081,8
2008-12-19 12:04:00,250.03,250.08,249.827,249.928,22
2008-12-19 12:05:00,250.233,250.233,249.928,250.08,41
2008-12-19 12:06:00,250.08,250.131,250.03,250.08,5
2008-12-19 12:07:00,250.08,250.08,249.979,250.03,3
2008-12-19 12:08:00,250.08,250.182,250.029,250.131,8
2008-12-19 12:09:00,249.928,249.979,249.928,249.979,10
2008-12-19 12:10:00,249.877,249.877,249.826,249.877,3
2008-12-19 12:11:00,249.928,249.928,249.776,249.776,4
2008-12-19 12:12:00,249.826,249.826,249.826,249.826,1
2008-12-19 12:13:00,249.877,249.978,249.877,249.877,8
2008-12-19 12:14:00,250.029,250.029,249.927,249.978,4
2008-12-19 12:15:00,249.978,250.08,249.826,249.877,13
2008-12-19 12:16:00,250.079,250.13,250.029,250.079,7
2008-12-19 12:17:00,250.079,250.13,250.079,250.13,4
2008-12-19 12:18:00,249.978,250.079,249.978,250.029,4
2008-12-19 12:19:00,250.079,250.13,250.029,250.029,8
2008-12-19 12:20:00,249.978,250.028,249.927,250.028,4
2008-12-19 12:21:00,250.028,250.13,249.927,249.927,4
2008-12-19 12:22:00,250.13,250.13,250.028,250.13,4
2008-12-19 12:23:00,250.079,250.079,250.028,250.028,2
2008-12-19 12:25:00,250.231,250.231,250.079,250.129,5
2008-12-19 12:26:00,250.434,250.434,250.281,250.281,4
2008-12-19 12:27:00,250.535,250.586,250.484,250.484,6
2008-12-19 12:28:00,250.636,250.636,250.586,250.586,6
2008-12-19 12:29:00,250.687,250.687,250.636,250.687,3
2008-12-19 12:30:00,250.687,250.687,250.636,250.636,2
2008-12-19 12:31:00,250.839,250.839,250.687,250.737,6
2008-12-19 12:32:00,250.889,250.889,250.737,250.737,6
2008-12-19 12:33:00,250.889,250.991,250.889,250.94,3
2008-12-19 12:34:00,250.788,250.94,250.788,250.94,5
2008-12-19 12:35:00,250.889,250.94,250.737,250.737,7
2008-12-19 12:36:00,250.991,250.991,250.838,250.838,8
2008-12-19 12:37:00,250.99,251.041,250.94,250.94,7
2008-12-19 12:38:00,250.99,251.041,250.94,250.94,5
2008-12-19 12:39:00,250.94,250.99,250.889,250.94,5
2008-12-19 12:40:00,250.889,250.889,250.889,250.889,1
2008-12-19 12:41:00,250.889,250.939,250.838,250.939,6
2008-12-19 12:42:00,250.838,250.889,250.838,250.838,3
2008-12-19 12:43:00,250.939,250.939,250.889,250.889,2
2008-12-19 12:44:00,250.736,250.838,250.736,250.838,7
2008-12-19 12:45:00,250.584,250.787,250.584,250.787,9
2008-12-19 12:46:00,250.736,250.736,250.736,250.736,1
2008-12-19 12:47:00,250.736,250.888,250.635,250.837,14
2008-12-19 12:48:00,250.787,250.787,250.736,250.787,3
2008-12-19 12:49:00,250.888,250.888,250.685,250.837,11
2008-12-19 12:50:00,250.989,250.989,250.837,250.837,6
2008-12-19 12:51:00,250.938,250.989,250.888,250.888,4
2008-12-19 12:52:00,251.091,251.141,250.989,250.989,4
2008-12-19 12:53:00,251.192,251.192,251.091,251.141,4
2008-12-19 12:54:00,251.344,251.395,251.192,251.243,11
2008-12-19 12:55:00,251.547,251.547,251.395,251.395,6
2008-12-19 12:56:00,251.648,251.648,251.547,251.597,8
2008-12-19 12:57:00,251.597,251.597,251.394,251.597,8
2008-12-19 12:58:00,251.496,251.547,251.445,251.547,5
2008-12-19 12:59:00,251.344,251.546,251.344,251.546,10
2008-12-19 13:00:00,251.191,251.242,251.039,251.242,11
2008-12-19 13:01:00,250.938,251.09,250.938,251.09,3
2008-12-19 13:02:00,250.938,250.988,250.887,250.988,3
2008-12-19 13:03:00,251.039,251.14,250.988,250.988,6
2008-12-19 13:04:00,251.039,251.14,251.039,251.09,4
2008-12-19 13:05:00,251.039,251.089,250.988,251.089,7
2008-12-19 13:06:00,251.191,251.191,251.039,251.089,4
2008-12-19 13:07:00,251.14,251.14,251.14,251.14,1
2008-12-19 13:08:00,251.14,251.14,251.038,251.089,3
2008-12-19 13:09:00,251.241,251.241,251.191,251.191,2
2008-12-19 13:10:00,251.647,251.647,251.292,251.292,17
2008-12-19 13:11:00,251.951,251.951,251.596,251.596,23
2008-12-19 13:12:00,252.205,252.306,251.9,252.103,49
2008-12-19 13:13:00,252.154,252.204,252.052,252.154,19
2008-12-19 13:14:00,252.306,252.306,252.204,252.204,9
2008-12-19 13:15:00,252.559,252.559,252.255,252.356,23
2008-12-19 13:16:00,252.61,252.661,252.458,252.61,29
2008-12-19 13:17:00,252.61,252.661,252.559,252.559,16
2008-12-19 13:18:00,252.559,252.61,252.407,252.559,15
2008-12-19 13:19:00,252.356,252.508,252.305,252.508,19
2008-12-19 13:20:00,252.255,252.305,252.204,252.305,7
2008-12-19 13:21:00,252.254,252.305,252.204,252.204,4
2008-12-19 13:22:00,252.356,252.407,252.204,252.305,12
2008-12-19 13:23:00,252.153,252.305,252.153,252.305,4
2008-12-19 13:24:00,252.153,252.153,252.051,252.051,13
2008-12-19 13:25:00,251.798,252.102,251.798,252.102,28
2008-12-19 13:26:00,251.798,251.899,251.544,251.747,24
2008-12-19 13:27:00,251.544,251.747,251.544,251.747,12
2008-12-19 13:28:00,251.595,251.595,251.595,251.595,1
2008-12-19 13:29:00,251.645,251.645,251.544,251.544,7
2008-12-19 13:30:00,251.493,251.594,251.442,251.594,14
2008-12-19 13:31:00,251.848,251.899,251.544,251.544,18
2008-12-19 13:32:00,251.848,251.848,251.645,251.797,14
2008-12-19 13:33:00,252.0,252.051,251.898,251.898,12
2008-12-19 13:34:00,252.253,252.253,252.0,252.051,12
2008-12-19 13:35:00,252.456,252.456,252.203,252.203,14
2008-12-19 13:36:00,252.355,252.405,252.253,252.405,8
2008-12-19 13:37:00,252.608,252.608,252.253,252.253,14
2008-12-19 13:38:00,252.354,252.507,252.354,252.507,9
2008-12-19 13:39:00,252.354,252.456,252.253,252.456,9
2008-12-19 13:40:00,252.456,252.557,252.405,252.456,8
2008-12-19 13:41:00,252.506,252.608,252.456,252.506,8
2008-12-19 13:42:00,252.506,252.658,252.506,252.557,9
2008-12-19 13:43:00,253.013,253.064,252.608,252.608,33
2008-12-19 13:44:00,252.76,252.962,252.709,252.962,18
2008-12-19 13:45:00,253.317,253.977,252.81,252.81,120
2008-12-19 13:46:00,253.267,253.622,253.216,253.267,45
2008-12-19 13:47:00,253.419,253.419,253.114,253.216,15
2008-12-19 13:48:00,253.216,253.469,253.216,253.469,10
2008-12-19 13:49:00,252.861,253.165,252.708,253.165,33
2008-12-19 13:50:00,253.013,253.165,252.81,252.911,25
2008-12-19 13:51:00,253.215,253.317,253.013,253.063,10
2008-12-19 13:52:00,253.57,253.57,253.266,253.266,9
2008-12-19 13:53:00,253.519,253.874,253.519,253.52,28
2008-12-19 13:54:00,253.418,253.57,253.266,253.57,16
2008-12-19 13:55:00,253.57,253.671,253.316,253.367,29
2008-12-19 13:56:00,253.773,253.874,253.469,253.621,26
2008-12-19 13:57:00,253.976,253.976,253.773,253.823,20
2008-12-19 13:58:00,254.33,254.483,253.976,254.026,20
2008-12-19 13:59:00,254.635,254.838,254.432,254.432,44
2008-12-19 14:00:00,254.888,254.888,254.685,254.685,27
2008-12-19 14:01:00,255.852,255.852,254.837,254.837,66
2008-12-19 14:02:00,255.649,256.004,255.598,255.801,52
2008-12-19 14:03:00,255.446,255.649,255.344,255.598,23
2008-12-19 14:04:00,255.192,255.446,255.192,255.344,21
2008-12-19 14:05:00,254.989,255.192,254.888,255.141,28
2008-12-19 14:06:00,254.33,255.04,254.33,255.04,37
2008-12-19 14:07:00,254.634,254.888,254.38,254.38,36
2008-12-19 14:08:00,254.482,254.634,254.482,254.583,9
2008-12-19 14:09:00,253.924,254.38,253.924,254.33,44
2008-12-19 14:10:00,253.518,253.974,253.467,253.974,16
2008-12-19 14:11:00,253.416,253.619,253.315,253.569,33
2008-12-19 14:12:00,253.163,253.416,253.112,253.366,25
2008-12-19 14:13:00,253.163,253.163,252.757,253.061,78
2008-12-19 14:14:00,252.808,253.213,252.655,253.213,48
2008-12-19 14:15:00,252.96,253.213,252.757,252.858,37
2008-12-19 14:16:00,252.909,252.96,252.706,252.909,19
2008-12-19 14:17:00,253.162,253.162,252.858,252.858,35
2008-12-19 14:18:00,253.314,253.416,253.162,253.213,22
2008-12-19 14:19:00,253.416,253.517,253.365,253.365,14
2008-12-19 14:20:00,253.365,253.466,253.162,253.365,23
2008-12-19 14:21:00,253.162,253.365,253.111,253.314,21
2008-12-19 14:22:00,252.604,253.111,252.604,253.111,28
2008-12-19 14:23:00,252.756,252.807,252.503,252.553,25
2008-12-19 14:24:00,252.756,252.807,252.604,252.705,10
2008-12-19 14:25:00,252.959,253.009,252.655,252.705,17
2008-12-19 14:26:00,253.364,253.364,252.908,253.06,28
2008-12-19 14:27:00,253.314,253.415,253.263,253.314,13
2008-12-19 14:28:00,253.466,253.669,253.263,253.263,29
2008-12-19 14:29:00,253.364,253.415,253.212,253.364,33
2008-12-19 14:30:00,254.074,254.175,253.263,253.415,67
2008-12-19 14:31:00,254.48,254.581,254.125,254.175,53
2008-12-19 14:32:00,254.682,254.885,254.48,254.53,36
2008-12-19 14:33:00,254.682,255.088,254.682,254.733,46
2008-12-19 14:34:00,254.429,254.834,254.429,254.733,40
2008-12-19 14:35:00,254.479,254.581,254.327,254.479,20
2008-12-19 14:36:00,254.631,254.733,254.479,254.53,26
2008-12-19 14:37:00,254.378,254.733,254.276,254.682,40
2008-12-19 14:38:00,254.023,254.53,253.769,254.479,46
2008-12-19 14:39:00,253.718,254.124,253.718,254.073,32
2008-12-19 14:40:00,254.225,254.276,253.718,253.82,28
2008-12-19 14:41:00,254.174,254.53,254.124,254.276,35
2008-12-19 14:42:00,253.87,254.327,253.87,254.327,28
2008-12-19 14:43:00,253.769,253.971,253.718,253.971,15
2008-12-19 14:44:00,253.971,254.022,253.769,253.819,22
2008-12-19 14:45:00,253.921,254.022,253.768,254.022,13
2008-12-19 14:46:00,253.819,254.022,253.768,253.87,17
2008-12-19 14:47:00,253.92,253.92,253.718,253.768,21
2008-12-19 14:48:00,253.971,254.022,253.768,253.87,21
2008-12-19 14:49:00,254.275,254.326,254.072,254.072,26
2008-12-19 14:50:00,254.529,254.529,254.224,254.326,28
2008-12-19 14:51:00,254.782,254.884,254.529,254.579,30
2008-12-19 14:52:00,254.934,254.985,254.731,254.833,21
2008-12-19 14:53:00,254.681,254.985,254.681,254.883,18
2008-12-19 14:54:00,254.833,254.833,254.68,254.782,12
2008-12-19 14:55:00,254.832,254.883,254.731,254.731,8
2008-12-19 14:56:00,254.934,254.934,254.782,254.782,9
2008-12-19 14:57:00,255.289,255.289,254.934,254.985,20
2008-12-19 14:58:00,255.187,255.542,255.136,255.339,26
2008-12-19 14:59:00,255.136,255.238,254.883,255.086,30
2008-12-19 15:00:00,255.288,255.441,254.934,255.086,53
2008-12-19 15:01:00,255.085,255.339,254.984,255.339,33
2008-12-19 15:02:00,255.085,255.136,254.883,254.933,14
2008-12-19 15:03:00,255.542,255.795,255.136,255.187,50
2008-12-19 15:04:00,255.998,256.099,255.491,255.592,32
2008-12-19 15:05:00,255.947,256.201,255.846,256.099,37
2008-12-19 15:06:00,255.998,256.251,255.897,255.998,21
2008-12-19 15:07:00,256.15,256.251,255.947,255.947,11
2008-12-19 15:08:00,256.403,256.403,256.251,256.251,11
2008-12-19 15:09:00,256.505,256.606,256.454,256.454,8
2008-12-19 15:10:00,256.505,256.505,256.15,256.454,25
2008-12-19 15:11:00,256.809,256.86,256.505,256.555,33
2008-12-19 15:12:00,256.91,257.012,256.809,256.86,18
2008-12-19 15:13:00,256.91,257.062,256.859,256.961,20
2008-12-19 15:14:00,256.555,256.859,256.504,256.859,22
2008-12-19 15:15:00,256.707,256.91,256.656,256.656,23
2008-12-19 15:16:00,256.758,256.859,256.656,256.808,16
2008-12-19 15:17:00,257.113,257.113,256.859,256.859,15
2008-12-19 15:18:00,256.96,257.265,256.96,257.062,16
2008-12-19 15:19:00,256.757,257.011,256.757,257.011,17
2008-12-19 15:20:00,256.656,256.96,256.605,256.808,18
2008-12-19 15:21:00,256.808,256.859,256.656,256.707,16
2008-12-19 15:22:00,256.554,256.757,256.554,256.757,9
2008-12-19 15:23:00,256.605,256.605,256.453,256.504,20
2008-12-19 15:24:00,256.25,256.554,256.25,256.554,19
2008-12-19 15:25:00,256.199,256.605,256.098,256.351,41
2008-12-19 15:26:00,256.605,256.655,256.148,256.148,35
2008-12-19 15:27:00,256.655,256.807,256.554,256.554,24
2008-12-19 15:28:00,256.554,256.757,256.402,256.706,29
2008-12-19 15:29:00,256.3,256.604,256.3,256.452,18
2008-12-19 15:30:00,256.148,256.452,256.097,256.249,11
2008-12-19 15:31:00,255.742,256.199,255.742,256.199,26
2008-12-19 15:32:00,255.945,256.046,255.843,255.843,17
2008-12-19 15:33:00,255.894,255.945,255.843,255.894,13
2008-12-19 15:34:00,255.691,255.894,255.691,255.843,20
2008-12-19 15:35:00,255.59,255.742,255.59,255.64,9
2008-12-19 15:36:00,255.995,256.046,255.539,255.539,22
2008-12-19 15:37:00,255.894,256.046,255.894,256.046,11
2008-12-19 15:38:00,255.792,255.944,255.792,255.843,6
2008-12-19 15:39:00,256.096,256.147,255.843,255.843,16
2008-12-19 15:40:00,256.046,256.198,255.995,256.198,16
2008-12-19 15:41:00,256.299,256.35,256.046,256.096,12
2008-12-19 15:42:00,256.35,256.654,256.248,256.248,34
2008-12-19 15:43:00,256.654,256.654,256.299,256.299,17
2008-12-19 15:44:00,256.704,256.704,256.552,256.603,10
2008-12-19 15:45:00,256.654,256.806,256.654,256.755,12
2008-12-19 15:46:00,256.654,256.907,256.603,256.704,15
2008-12-19 15:47:00,256.451,256.653,256.451,256.603,11
2008-12-19 15:48:00,256.4,256.603,256.349,256.349,18
2008-12-19 15:49:00,256.298,256.501,256.298,256.349,6
2008-12-19 15:50:00,256.602,256.602,256.248,256.248,13
2008-12-19 15:51:00,256.602,256.653,256.501,256.653,5
2008-12-19 15:52:00,256.856,256.856,256.552,256.552,9
2008-12-19 15:53:00,256.957,256.957,256.704,256.907,13
2008-12-19 15:54:00,256.906,257.008,256.856,256.856,9
2008-12-19 15:55:00,256.703,256.856,256.703,256.856,4
2008-12-19 15:56:00,256.754,256.856,256.653,256.653,10
2008-12-19 15:57:00,256.45,256.805,256.45,256.805,20
2008-12-19 15:58:00,256.348,256.602,256.348,256.5,12
2008-12-19 15:59:00,256.399,256.551,256.196,256.399,17
2008-12-19 16:00:00,256.399,256.754,256.247,256.297,30
2008-12-19 16:01:00,255.942,256.449,255.892,256.297,24
2008-12-19 16:02:00,255.638,255.993,255.638,255.993,17
2008-12-19 16:03:00,255.79,256.094,255.688,255.689,31
2008-12-19 16:04:00,255.891,256.043,255.739,255.739,19
2008-12-19 16:05:00,255.79,255.993,255.739,255.993,10
2008-12-19 16:06:00,255.688,255.891,255.536,255.84,17
2008-12-19 16:07:00,255.587,255.739,255.587,255.637,19
2008-12-19 16:08:00,255.282,255.637,255.282,255.637,27
2008-12-19 16:09:00,254.775,255.232,254.623,255.232,33
2008-12-19 16:10:00,254.775,254.877,254.623,254.826,17
2008-12-19 16:11:00,254.572,254.876,254.521,254.826,27
2008-12-19 16:12:00,254.623,254.724,254.572,254.623,13
2008-12-19 16:13:00,254.318,254.623,254.318,254.572,14
2008-12-19 16:14:00,254.673,254.775,254.318,254.369,20
2008-12-19 16:15:00,254.622,254.724,254.217,254.623,37
2008-12-19 16:16:00,254.42,254.673,254.318,254.673,19
2008-12-19 16:17:00,254.572,254.622,254.369,254.47,16
2008-12-19 16:18:00,254.47,254.521,254.369,254.521,10
2008-12-19 16:19:00,254.47,254.571,254.419,254.521,9
2008-12-19 16:20:00,254.622,254.622,254.419,254.419,11
2008-12-19 16:21:00,254.571,254.723,254.521,254.673,10
2008-12-19 16:22:00,254.419,254.571,254.267,254.52,19
2008-12-19 16:23:00,254.064,254.368,254.064,254.368,15
2008-12-19 16:24:00,254.267,254.267,254.064,254.115,11
2008-12-19 16:25:00,253.81,254.216,253.759,254.216,29
2008-12-19 16:26:00,253.557,253.861,253.557,253.861,19
2008-12-19 16:27:00,253.556,253.607,253.354,253.607,25
2008-12-19 16:28:00,253.911,253.911,253.455,253.455,29
2008-12-19 16:29:00,253.658,254.013,253.506,253.81,46
2008-12-19 16:30:00,253.607,253.911,253.353,253.708,46
2008-12-19 16:31:00,253.353,253.607,253.252,253.556,25
2008-12-19 16:32:00,253.505,253.505,253.252,253.252,15
2008-12-19 16:33:00,253.505,254.063,253.505,253.556,28
2008-12-19 16:34:00,254.012,254.317,253.556,253.556,51
2008-12-19 16:35:00,254.367,254.367,253.759,254.063,31
2008-12-19 16:36:00,254.114,254.367,254.012,254.316,11
2008-12-19 16:37:00,254.164,254.215,254.113,254.164,6
2008-12-19 16:38:00,253.86,254.215,253.86,254.215,7
2008-12-19 16:39:00,253.657,253.758,253.657,253.708,7
2008-12-19 16:40:00,253.91,254.062,253.758,253.758,12
2008-12-19 16:41:00,253.809,253.809,253.555,253.758,10
2008-12-19 16:42:00,253.403,253.657,253.352,253.606,15
2008-12-19 16:43:00,253.454,253.504,253.352,253.352,3
2008-12-19 16:44:00,253.403,253.403,253.352,253.352,2
2008-12-19 16:45:00,253.403,253.403,253.301,253.352,3
2008-12-19 16:46:00,253.2,253.352,253.2,253.301,6
2008-12-19 16:47:00,253.25,253.25,253.25,253.25,1
2008-12-19 16:48:00,252.895,253.149,252.895,253.048,5
2008-12-19 16:49:00,252.946,252.946,252.946,252.946,1
2008-12-19 16:50:00,252.946,252.946,252.845,252.895,3
2008-12-19 16:51:00,252.743,252.794,252.591,252.743,8
2008-12-19 16:52:00,252.489,252.591,252.489,252.591,5
2008-12-19 16:53:00,252.084,252.591,251.931,252.591,7
2008-12-19 16:54:00,251.982,251.982,251.779,251.83,5
2008-12-19 16:55:00,251.678,251.728,251.678,251.728,4
2008-12-19 16:56:00,251.678,251.779,251.526,251.526,6
2008-12-19 16:57:00,251.678,251.678,251.576,251.576,2
2008-12-19 16:58:00,251.424,251.576,251.424,251.576,3
2008-12-19 17:00:00,251.373,251.373,251.373,251.373,1
2008-12-19 17:01:00,251.576,251.626,251.576,251.626,2
2008-12-19 17:03:00,251.018,251.931,251.018,251.931,9
2008-12-19 17:06:00,250.865,250.865,250.865,250.865,1
2008-12-19 17:08:00,251.271,251.322,251.068,251.068,3
2008-12-19 17:09:00,250.764,250.865,250.713,250.865,4
2008-12-19 17:10:00,251.068,251.068,250.713,250.713,2
2008-12-19 17:11:00,250.916,251.017,250.916,251.017,2
2008-12-19 17:12:00,251.22,251.22,251.017,251.017,2
2008-12-19 17:13:00,251.473,251.473,251.321,251.321,2
2008-12-19 17:14:00,251.321,251.321,251.321,251.321,1
2008-12-22 07:00:00,251.956,252.716,251.906,252.21,8
2008-12-22 07:01:00,252.412,252.463,252.21,252.463,3
2008-12-22 07:02:00,251.703,252.21,251.703,252.21,4
2008-12-22 07:03:00,252.311,252.311,252.311,252.311,1
2008-12-22 07:04:00,252.209,252.209,252.209,252.209,1
2008-12-22 07:06:00,252.462,252.462,252.31,252.31,3
2008-12-22 07:08:00,252.665,252.715,252.665,252.715,4
2008-12-22 07:09:00,252.361,252.766,252.361,252.563,8
2008-12-22 07:10:00,252.158,252.31,252.158,252.259,7
2008-12-22 07:11:00,251.854,252.411,251.854,252.107,7
2008-12-22 07:12:00,251.398,251.753,251.398,251.753,5
2008-12-22 07:13:00,251.297,251.803,251.246,251.803,10
2008-12-22 07:14:00,251.145,251.348,251.145,251.348,6
2008-12-22 07:15:00,250.993,250.993,250.841,250.993,7
2008-12-22 07:17:00,251.297,251.297,251.297,251.297,1
2008-12-22 07:18:00,251.651,251.651,251.398,251.398,4
2008-12-22 07:20:00,251.6,251.6,251.6,251.6,1
2008-12-22 07:21:00,251.549,251.549,251.549,251.549,1
2008-12-22 07:22:00,251.397,251.397,251.397,251.397,1
2008-12-22 07:23:00,251.499,251.499,251.499,251.499,1
2008-12-22 07:30:00,251.549,251.549,251.549,251.549,1
2008-12-22 07:33:00,251.396,251.396,251.396,251.396,1
2008-12-22 07:37:00,251.548,251.548,251.548,251.548,1
2008-12-22 07:38:00,251.649,251.649,251.649,251.649,1
2008-12-22 07:39:00,251.396,251.447,251.396,251.447,2
2008-12-22 07:42:00,251.446,251.446,251.446,251.446,1
2008-12-22 07:44:00,251.497,251.497,251.497,251.497,1
2008-12-22 07:45:00,251.649,251.649,251.649,251.649,1
2008-12-22 07:46:00,251.497,251.497,251.497,251.497,1
2008-12-22 07:49:00,251.75,251.75,251.648,251.648,2
2008-12-22 07:50:00,251.648,251.648,251.648,251.648,1
2008-12-22 07:56:00,251.698,251.8,251.698,251.8,2
2008-12-22 07:57:00,251.799,251.799,251.799,251.799,1
2008-12-22 07:58:00,252.002,252.002,251.951,251.951,2
2008-12-22 07:59:00,252.255,252.255,252.002,252.053,5
2008-12-22 08:00:00,250.027,252.306,249.773,252.002,78
2008-12-22 08:01:00,250.888,250.989,249.925,249.925,27
2008-12-22 08:02:00,250.685,251.039,250.685,250.837,20
2008-12-22 08:03:00,250.685,250.887,250.533,250.786,33
2008-12-22 08:04:00,250.381,250.685,250.33,250.634,42
2008-12-22 08:05:00,250.431,250.431,250.229,250.431,14
2008-12-22 08:06:00,250.026,250.533,249.925,250.482,34
2008-12-22 08:07:00,249.621,250.026,249.469,249.976,41
2008-12-22 08:08:00,249.57,250.127,249.368,249.57,65
2008-12-22 08:09:00,249.57,249.823,249.368,249.52,45
2008-12-22 08:10:00,249.722,249.874,249.469,249.469,23
2008-12-22 08:11:00,249.418,249.722,249.165,249.621,47
2008-12-22 08:12:00,249.519,249.772,249.367,249.519,30
2008-12-22 08:13:00,249.367,249.772,249.317,249.57,20
2008-12-22 08:14:00,249.367,249.57,249.316,249.418,21
2008-12-22 08:15:00,249.316,249.671,249.164,249.418,28
2008-12-22 08:16:00,249.316,249.468,249.114,249.367,21
2008-12-22 08:17:00,249.367,249.418,249.114,249.266,26
2008-12-22 08:18:00,249.62,249.62,249.063,249.316,35
2008-12-22 08:19:00,249.671,249.822,249.468,249.671,45
2008-12-22 08:20:00,249.721,249.822,249.519,249.721,36
2008-12-22 08:21:00,249.62,249.873,249.62,249.67,20
2008-12-22 08:22:00,249.518,249.62,249.366,249.569,24
2008-12-22 08:23:00,249.62,249.67,249.468,249.468,18
2008-12-22 08:24:00,249.771,249.923,249.569,249.67,43
2008-12-22 08:25:00,250.126,250.278,249.822,249.822,37
2008-12-22 08:26:00,249.822,250.278,249.822,250.075,32
2008-12-22 08:27:00,249.923,250.126,249.872,249.923,13
2008-12-22 08:28:00,249.771,249.974,249.72,249.974,15
2008-12-22 08:29:00,249.771,249.974,249.518,249.72,21
2008-12-22 08:30:00,249.821,250.075,249.72,249.822,22
2008-12-22 08:31:00,249.872,250.024,249.771,249.872,13
2008-12-22 08:32:00,250.075,250.075,249.872,249.923,6
2008-12-22 08:33:00,249.973,250.024,249.872,250.024,8
2008-12-22 08:34:00,249.872,250.024,249.821,250.024,8
2008-12-22 08:35:00,249.568,249.872,249.568,249.821,21
2008-12-22 08:36:00,249.416,249.669,249.416,249.618,14
2008-12-22 08:37:00,249.365,249.466,249.264,249.365,11
2008-12-22 08:38:00,249.466,249.466,249.264,249.416,23
2008-12-22 08:39:00,249.517,249.719,249.466,249.517,11
2008-12-22 08:40:00,249.264,249.669,249.264,249.567,14
2008-12-22 08:41:00,249.365,249.415,249.213,249.314,13
2008-12-22 08:42:00,249.415,249.517,249.314,249.415,8
2008-12-22 08:43:00,249.415,249.517,249.314,249.517,8
2008-12-22 08:44:00,249.567,249.618,249.365,249.466,7
2008-12-22 08:45:00,249.77,249.77,249.516,249.618,10
2008-12-22 08:46:00,249.567,249.618,249.516,249.618,8
2008-12-22 08:47:00,249.415,249.617,249.415,249.617,19
2008-12-22 08:48:00,249.263,249.364,249.06,249.364,24
2008-12-22 08:49:00,249.111,249.212,249.06,249.212,13
2008-12-22 08:50:00,249.161,249.263,249.111,249.161,6
2008-12-22 08:51:00,248.807,249.212,248.807,249.212,18
2008-12-22 08:52:00,248.655,248.756,248.655,248.756,13
2008-12-22 08:53:00,248.351,248.756,248.351,248.604,18
2008-12-22 08:54:00,248.401,248.452,248.351,248.452,16
2008-12-22 08:55:00,248.3,248.401,248.199,248.351,19
2008-12-22 08:56:00,248.3,248.452,248.199,248.401,23
2008-12-22 08:57:00,248.401,248.401,248.249,248.249,11
2008-12-22 08:58:00,248.401,248.401,248.148,248.3,12
2008-12-22 08:59:00,247.844,248.3,247.844,248.249,26
2008-12-22 09:00:00,247.185,247.844,246.983,247.793,55
2008-12-22 09:01:00,246.882,247.135,246.831,247.135,29
2008-12-22 09:02:00,246.729,246.831,246.628,246.831,29
2008-12-22 09:03:00,247.033,247.135,246.78,246.78,20
2008-12-22 09:04:00,247.185,247.337,246.932,246.932,22
2008-12-22 09:05:00,247.286,247.286,247.084,247.084,23
2008-12-22 09:06:00,247.185,247.388,247.185,247.236,17
2008-12-22 09:07:00,247.084,247.387,247.084,247.286,17
2008-12-22 09:08:00,248.046,248.35,247.134,247.134,41
2008-12-22 09:09:00,247.792,248.147,247.59,247.995,27
2008-12-22 09:10:00,247.742,247.894,247.64,247.894,13
2008-12-22 09:11:00,247.742,247.742,247.691,247.691,2
2008-12-22 09:12:00,247.64,247.843,247.64,247.843,6
2008-12-22 09:13:00,247.893,247.893,247.539,247.59,14
2008-12-22 09:14:00,247.792,247.944,247.741,247.944,8
2008-12-22 09:15:00,247.741,247.843,247.691,247.741,7
2008-12-22 09:16:00,247.69,247.792,247.64,247.691,12
2008-12-22 09:17:00,247.893,247.944,247.64,247.64,12
2008-12-22 09:18:00,247.488,247.842,247.437,247.842,16
2008-12-22 09:19:00,247.437,247.538,247.386,247.437,9
2008-12-22 09:20:00,247.336,247.437,247.285,247.386,11
2008-12-22 09:21:00,247.082,247.285,247.032,247.285,14
2008-12-22 09:22:00,247.234,247.285,247.032,247.032,7
2008-12-22 09:23:00,247.285,247.285,247.285,247.285,1
2008-12-22 09:24:00,247.386,247.386,247.386,247.386,1
2008-12-22 09:25:00,247.436,247.436,247.436,247.436,1
2008-12-22 09:26:00,247.436,247.487,247.386,247.386,6
2008-12-22 09:27:00,247.588,247.639,247.487,247.538,8
2008-12-22 09:28:00,247.639,247.639,247.639,247.639,1
2008-12-22 09:29:00,247.689,247.689,247.537,247.588,5
2008-12-22 09:30:00,247.689,247.689,247.537,247.639,15
2008-12-22 09:31:00,247.892,247.892,247.74,247.74,4
2008-12-22 09:32:00,248.044,248.094,247.841,247.841,8
2008-12-22 09:33:00,247.993,248.145,247.892,248.145,9
2008-12-22 09:34:00,248.145,248.145,248.043,248.094,7
2008-12-22 09:35:00,248.145,248.195,248.043,248.195,8
2008-12-22 09:36:00,248.145,248.347,248.043,248.195,16
2008-12-22 09:37:00,248.6,248.6,248.094,248.094,12
2008-12-22 09:38:00,248.651,248.701,248.55,248.55,11
2008-12-22 09:39:00,248.701,248.701,248.549,248.549,2
2008-12-22 09:40:00,248.752,248.853,248.651,248.651,11
2008-12-22 09:41:00,248.853,248.904,248.802,248.853,8
2008-12-22 09:42:00,248.853,249.005,248.802,248.954,9
2008-12-22 09:43:00,248.549,248.954,248.549,248.752,17
2008-12-22 09:44:00,248.65,248.701,248.448,248.6,11
2008-12-22 09:45:00,248.751,249.005,248.65,248.701,17
2008-12-22 09:46:00,248.802,248.903,248.751,248.853,7
2008-12-22 09:47:00,248.701,248.701,248.65,248.65,2
2008-12-22 09:48:00,248.549,248.751,248.549,248.751,5
2008-12-22 09:49:00,248.498,248.599,248.498,248.599,3
2008-12-22 09:50:00,248.397,248.65,248.397,248.549,8
2008-12-22 09:51:00,247.991,248.346,247.941,248.346,24
2008-12-22 09:52:00,247.941,248.093,247.941,248.042,7
2008-12-22 09:53:00,248.042,248.042,247.839,247.839,8
2008-12-22 09:54:00,248.143,248.143,247.991,247.991,5
2008-12-22 09:55:00,248.092,248.092,248.092,248.092,1
2008-12-22 09:56:00,248.042,248.042,247.991,247.991,2
2008-12-22 09:57:00,247.788,247.991,247.687,247.991,14
2008-12-22 09:58:00,247.737,247.788,247.586,247.738,16
2008-12-22 09:59:00,247.687,247.788,247.636,247.788,3
2008-12-22 10:00:00,247.94,248.092,247.585,247.636,20
2008-12-22 10:01:00,247.737,247.889,247.737,247.889,3
2008-12-22 10:02:00,247.788,247.889,247.788,247.788,4
2008-12-22 10:03:00,247.838,247.838,247.838,247.838,1
2008-12-22 10:04:00,247.788,247.889,247.737,247.788,6
2008-12-22 10:05:00,247.788,247.788,247.737,247.737,2
2008-12-22 10:06:00,247.534,247.737,247.534,247.686,11
2008-12-22 10:07:00,247.078,247.484,247.078,247.484,22
2008-12-22 10:08:00,246.926,247.18,246.926,247.129,7
2008-12-22 10:09:00,247.281,247.483,246.926,246.977,20
2008-12-22 10:10:00,247.179,247.433,247.179,247.23,13
2008-12-22 10:11:00,247.129,247.23,247.027,247.23,7
2008-12-22 10:12:00,247.432,247.584,247.027,247.078,20
2008-12-22 10:13:00,247.382,247.534,247.331,247.483,9
2008-12-22 10:14:00,247.483,247.483,247.382,247.483,6
2008-12-22 10:15:00,247.736,247.736,247.534,247.534,9
2008-12-22 10:16:00,247.938,247.938,247.635,247.635,7
2008-12-22 10:17:00,247.938,247.989,247.888,247.989,7
2008-12-22 10:18:00,247.938,247.989,247.888,247.888,4
2008-12-22 10:19:00,247.989,247.989,247.837,247.989,5
2008-12-22 10:20:00,247.887,248.039,247.837,248.039,4
2008-12-22 10:21:00,247.685,247.837,247.685,247.837,2
2008-12-22 10:22:00,247.786,247.786,247.735,247.735,2
2008-12-22 10:23:00,247.887,247.887,247.887,247.887,1
2008-12-22 10:24:00,247.735,247.837,247.735,247.837,3
2008-12-22 10:25:00,247.634,247.634,247.634,247.634,1
2008-12-22 10:26:00,247.735,247.735,247.684,247.735,3
2008-12-22 10:27:00,247.887,247.887,247.836,247.836,2
2008-12-22 10:28:00,247.786,247.836,247.786,247.836,2
2008-12-22 10:30:00,247.887,247.937,247.887,247.937,2
2008-12-22 10:31:00,247.937,247.937,247.836,247.836,5
2008-12-22 10:32:00,247.988,247.988,247.988,247.988,1
2008-12-22 10:33:00,247.734,247.886,247.734,247.886,5
2008-12-22 10:34:00,247.937,247.988,247.684,247.684,7
2008-12-22 10:35:00,247.987,247.988,247.886,247.886,5
2008-12-22 10:36:00,248.139,248.139,248.038,248.038,3
2008-12-22 10:37:00,247.835,248.089,247.785,248.089,7
2008-12-22 10:38:00,247.835,247.886,247.835,247.886,2
2008-12-22 10:39:00,247.785,247.936,247.734,247.734,8
2008-12-22 10:40:00,247.936,247.987,247.886,247.886,3
2008-12-22 10:41:00,248.038,248.038,247.987,247.987,2
2008-12-22 10:42:00,247.936,247.987,247.936,247.987,2
2008-12-22 10:43:00,247.683,247.886,247.379,247.886,32
2008-12-22 10:44:00,247.683,247.885,247.632,247.632,15
2008-12-22 10:45:00,247.784,247.936,247.784,247.835,7
2008-12-22 10:46:00,247.683,247.784,247.632,247.683,9
2008-12-22 10:47:00,247.632,247.733,247.48,247.733,17
2008-12-22 10:48:00,247.581,247.733,247.48,247.733,6
2008-12-22 10:49:00,247.48,247.632,247.429,247.531,6
2008-12-22 10:50:00,247.48,247.632,247.48,247.53,6
2008-12-22 10:51:00,247.581,247.733,247.53,247.53,7
2008-12-22 10:52:00,247.682,247.834,247.53,247.53,14
2008-12-22 10:53:00,247.885,247.986,247.733,247.733,10
2008-12-22 10:54:00,247.631,247.986,247.479,247.986,16
2008-12-22 10:55:00,247.581,247.682,247.53,247.581,9
2008-12-22 10:56:00,247.53,247.631,247.479,247.631,6
2008-12-22 10:57:00,247.58,247.58,247.58,247.58,1
2008-12-22 10:58:00,247.53,247.682,247.53,247.631,4
2008-12-22 10:59:00,247.58,247.58,247.58,247.58,1
2008-12-22 11:00:00,247.58,247.631,247.58,247.631,2
2008-12-22 11:01:00,247.631,247.681,247.58,247.631,8
2008-12-22 11:02:00,248.188,248.188,247.732,247.732,11
2008-12-22 11:03:00,248.137,248.137,248.086,248.086,2
2008-12-22 11:04:00,248.238,248.238,248.086,248.086,3
2008-12-22 11:05:00,248.035,248.339,247.985,248.339,5
2008-12-22 11:06:00,247.883,247.985,247.833,247.985,7
2008-12-22 11:07:00,247.833,247.934,247.782,247.934,9
2008-12-22 11:08:00,247.883,247.883,247.731,247.731,5
2008-12-22 11:09:00,248.086,248.086,247.934,247.934,6
2008-12-22 11:10:00,248.086,248.136,248.086,248.136,2
2008-12-22 11:11:00,248.339,248.339,248.136,248.136,10
2008-12-22 11:12:00,248.44,248.44,248.339,248.389,10
2008-12-22 11:13:00,248.44,248.541,248.389,248.389,6
2008-12-22 11:14:00,248.592,248.592,248.541,248.541,2
2008-12-22 11:15:00,248.592,248.592,248.541,248.541,2
2008-12-22 11:16:00,248.44,248.642,248.338,248.642,9
2008-12-22 11:17:00,248.44,248.44,248.338,248.389,3
2008-12-22 11:18:00,248.49,248.49,248.389,248.389,2
2008-12-22 11:19:00,248.642,248.642,248.591,248.591,2
2008-12-22 11:20:00,248.642,248.693,248.642,248.693,2
2008-12-22 11:21:00,248.692,248.844,248.642,248.743,15
2008-12-22 11:22:00,248.692,248.794,248.692,248.743,4
2008-12-22 11:23:00,248.54,248.642,248.54,248.642,6
2008-12-22 11:24:00,248.642,248.642,248.388,248.439,16
2008-12-22 11:25:00,248.591,248.692,248.439,248.591,12
2008-12-22 11:26:00,248.692,248.793,248.54,248.692,11
2008-12-22 11:27:00,248.641,248.743,248.591,248.641,6
2008-12-22 11:28:00,248.591,248.692,248.54,248.692,4
2008-12-22 11:29:00,248.641,248.641,248.59,248.641,3
2008-12-22 11:30:00,248.59,248.692,248.439,248.59,12
2008-12-22 11:31:00,248.641,248.742,248.641,248.692,6
2008-12-22 11:32:00,248.641,248.641,248.489,248.59,6
2008-12-22 11:33:00,248.742,248.742,248.691,248.691,4
2008-12-22 11:34:00,248.641,248.793,248.59,248.793,15
2008-12-22 11:35:00,248.539,248.691,248.539,248.691,3
2008-12-22 11:36:00,248.641,248.641,248.641,248.641,1
2008-12-22 11:37:00,248.64,248.64,248.59,248.59,2
2008-12-22 11:38:00,248.539,248.691,248.539,248.691,4
2008-12-22 11:39:00,248.691,248.691,248.488,248.488,11
2008-12-22 11:40:00,248.184,248.59,248.083,248.59,24
2008-12-22 11:41:00,248.235,248.286,248.134,248.134,5
2008-12-22 11:42:00,248.032,248.437,247.982,248.336,19
2008-12-22 11:43:00,247.83,247.982,247.576,247.982,38
2008-12-22 11:44:00,248.032,248.032,247.88,247.88,4
2008-12-22 11:45:00,248.437,248.437,248.133,248.133,8
2008-12-22 11:46:00,248.69,248.69,248.488,248.488,6
2008-12-22 11:47:00,248.639,248.842,248.639,248.741,15
2008-12-22 11:48:00,248.69,248.69,248.589,248.589,3
2008-12-22 11:49:00,248.69,248.741,248.487,248.639,12
2008-12-22 11:50:00,248.69,248.741,248.69,248.741,2
2008-12-22 11:51:00,248.791,248.791,248.74,248.791,3
2008-12-22 11:52:00,248.943,248.943,248.842,248.892,4
2008-12-22 11:53:00,248.993,249.044,248.943,248.994,7
2008-12-22 11:54:00,249.247,249.297,249.044,249.044,8
2008-12-22 11:55:00,249.398,249.449,249.297,249.297,7
2008-12-22 11:56:00,249.398,249.398,249.348,249.348,2
2008-12-22 11:58:00,249.55,249.55,249.398,249.449,4
2008-12-22 11:59:00,249.601,249.803,249.601,249.601,7
2008-12-22 12:00:00,249.297,249.601,249.297,249.499,17
2008-12-22 12:01:00,249.499,249.6,249.246,249.246,17
2008-12-22 12:02:00,249.651,249.651,249.55,249.6,6
2008-12-22 12:03:00,249.853,249.853,249.6,249.6,14
2008-12-22 12:04:00,249.651,249.853,249.651,249.803,7
2008-12-22 12:05:00,249.701,249.803,249.701,249.701,4
2008-12-22 12:06:00,249.397,249.701,249.296,249.499,8
2008-12-22 12:07:00,249.347,249.397,249.296,249.347,5
2008-12-22 12:08:00,249.499,249.499,249.397,249.397,3
2008-12-22 12:09:00,249.397,249.448,249.397,249.448,4
2008-12-22 12:11:00,249.245,249.346,249.144,249.346,5
2008-12-22 12:12:00,249.144,249.194,249.144,249.144,3
2008-12-22 12:13:00,249.042,249.093,249.042,249.093,2
2008-12-22 12:14:00,248.941,248.992,248.941,248.992,2
2008-12-22 12:15:00,249.042,249.093,248.84,248.84,10
2008-12-22 12:16:00,248.992,248.992,248.941,248.992,3
2008-12-22 12:17:00,249.042,249.093,249.042,249.042,3
2008-12-22 12:18:00,249.093,249.143,248.941,249.093,8
2008-12-22 12:19:00,249.244,249.295,249.143,249.143,5
2008-12-22 12:20:00,249.092,249.396,249.042,249.346,13
2008-12-22 12:21:00,249.042,249.194,248.991,249.143,9
2008-12-22 12:22:00,249.042,249.092,249.042,249.092,2
2008-12-22 12:24:00,249.193,249.193,249.092,249.092,3
2008-12-22 12:25:00,249.193,249.193,249.041,249.143,5
2008-12-22 12:26:00,249.092,249.244,249.092,249.244,4
2008-12-22 12:27:00,249.396,249.396,249.193,249.193,8
2008-12-22 12:28:00,249.396,249.396,249.294,249.345,6
2008-12-22 12:29:00,249.446,249.497,249.294,249.345,8
2008-12-22 12:30:00,249.395,249.395,249.294,249.294,2
2008-12-22 12:31:00,249.699,249.699,249.395,249.446,7
2008-12-22 12:32:00,249.496,249.598,249.496,249.598,3
2008-12-22 12:33:00,249.547,249.547,249.547,249.547,1
2008-12-22 12:34:00,249.648,249.749,249.547,249.598,5
2008-12-22 12:35:00,249.547,249.547,249.547,249.547,1
2008-12-22 12:36:00,249.597,249.597,249.547,249.597,3
2008-12-22 12:37:00,249.547,249.699,249.547,249.648,5
2008-12-22 12:38:00,249.698,249.749,249.597,249.648,6
2008-12-22 12:39:00,249.749,249.749,249.749,249.749,1
2008-12-22 12:40:00,249.749,249.8,249.749,249.8,2
2008-12-22 12:41:00,249.799,249.85,249.749,249.8,5
2008-12-22 12:42:00,249.749,249.901,249.749,249.85,7
2008-12-22 12:43:00,249.85,249.85,249.698,249.799,5
2008-12-22 12:44:00,249.901,249.901,249.85,249.901,3
2008-12-22 12:45:00,249.799,250.002,249.799,249.951,6
2008-12-22 12:46:00,249.85,249.951,249.85,249.85,5
2008-12-22 12:47:00,249.647,249.799,249.596,249.748,11
2008-12-22 12:50:00,249.596,249.647,249.546,249.596,5
2008-12-22 12:51:00,249.444,249.545,249.394,249.545,4
2008-12-22 12:52:00,249.191,249.393,249.09,249.393,7
2008-12-22 12:53:00,249.191,249.241,249.14,249.241,6
2008-12-22 12:54:00,249.14,249.14,249.14,249.14,1
2008-12-22 12:55:00,249.393,249.444,249.191,249.191,12
2008-12-22 12:56:00,249.494,249.494,249.342,249.342,7
2008-12-22 12:57:00,249.444,249.444,249.444,249.444,1
2008-12-22 12:58:00,249.393,249.393,249.393,249.393,1
2008-12-22 12:59:00,249.443,249.443,249.443,249.443,1
2008-12-22 13:00:00,249.494,249.494,249.494,249.494,1
2008-12-22 13:01:00,249.848,249.848,249.696,249.696,3
2008-12-22 13:02:00,249.798,249.798,249.798,249.798,1
2008-12-22 13:03:00,249.747,249.798,249.747,249.747,3
2008-12-22 13:04:00,249.544,249.696,249.544,249.696,3
2008-12-22 13:05:00,249.494,249.595,249.494,249.595,3
2008-12-22 13:06:00,249.443,249.443,249.443,249.443,1
2008-12-22 13:07:00,249.493,249.544,249.493,249.544,2
2008-12-22 13:08:00,249.595,249.595,249.544,249.544,4
2008-12-22 13:09:00,249.493,249.544,249.493,249.544,2
2008-12-22 13:10:00,249.746,249.746,249.443,249.443,9
2008-12-22 13:11:00,249.594,249.696,249.594,249.696,5
2008-12-22 13:12:00,249.847,249.847,249.696,249.696,3
2008-12-22 13:13:00,249.847,249.949,249.797,249.898,7
2008-12-22 13:14:00,249.898,249.898,249.847,249.898,3
2008-12-22 13:15:00,249.948,249.948,249.948,249.948,1
2008-12-22 13:16:00,249.999,250.05,249.847,249.847,5
2008-12-22 13:17:00,249.999,250.05,249.948,250.05,7
2008-12-22 13:18:00,250.151,250.151,250.049,250.049,3
2008-12-22 13:19:00,250.303,250.303,250.151,250.201,9
2008-12-22 13:20:00,250.353,250.404,250.252,250.252,9
2008-12-22 13:21:00,250.353,250.454,250.353,250.404,10
2008-12-22 13:22:00,250.505,250.505,250.353,250.404,10
2008-12-22 13:23:00,250.555,250.606,250.454,250.454,6
2008-12-22 13:24:00,250.505,250.555,250.454,250.505,10
2008-12-22 13:25:00,250.555,250.656,250.555,250.555,7
2008-12-22 13:26:00,250.454,250.504,250.403,250.504,4
2008-12-22 13:27:00,250.403,250.454,250.403,250.403,5
2008-12-22 13:28:00,250.555,250.555,250.454,250.454,5
2008-12-22 13:29:00,250.403,250.504,250.403,250.454,5
2008-12-22 13:30:00,250.453,250.504,250.403,250.454,7
2008-12-22 13:31:00,250.453,250.453,250.403,250.403,2
2008-12-22 13:32:00,250.403,250.453,250.301,250.403,9
2008-12-22 13:33:00,250.453,250.453,250.453,250.453,1
2008-12-22 13:34:00,250.352,250.453,250.352,250.403,6
2008-12-22 13:35:00,250.402,250.453,250.402,250.453,2
2008-12-22 13:36:00,250.402,250.453,250.352,250.352,6
2008-12-22 13:37:00,250.402,250.554,250.402,250.453,9
2008-12-22 13:38:00,250.655,250.706,250.453,250.453,8
2008-12-22 13:39:00,250.554,250.706,250.554,250.605,7
2008-12-22 13:40:00,250.503,250.554,250.402,250.503,12
2008-12-22 13:41:00,250.453,250.503,250.453,250.453,3
2008-12-22 13:42:00,250.301,250.503,250.301,250.503,5
2008-12-22 13:43:00,250.199,250.3,250.149,250.25,9
2008-12-22 13:44:00,250.199,250.3,250.098,250.3,5
2008-12-22 13:45:00,250.148,250.148,250.047,250.148,5
2008-12-22 13:46:00,250.098,250.098,249.996,250.047,3
2008-12-22 13:47:00,249.996,250.098,249.996,250.047,4
2008-12-22 13:48:00,250.199,250.401,250.047,250.047,14
2008-12-22 13:49:00,250.047,250.148,250.047,250.148,4
2008-12-22 13:50:00,250.097,250.097,249.996,249.996,2
2008-12-22 13:52:00,250.097,250.148,249.996,250.148,10
2008-12-22 13:53:00,249.844,249.996,249.793,249.996,6
2008-12-22 13:54:00,249.591,249.793,249.591,249.793,3
2008-12-22 13:55:00,249.185,249.54,249.185,249.54,12
2008-12-22 13:56:00,249.337,249.438,249.135,249.135,11
2008-12-22 13:57:00,249.337,249.388,249.286,249.388,3
2008-12-22 13:58:00,249.843,249.843,249.388,249.388,13
2008-12-22 13:59:00,249.691,249.793,249.691,249.793,4
2008-12-22 14:00:00,249.489,249.691,249.489,249.59,8
2008-12-22 14:01:00,249.337,249.337,249.337,249.337,1
2008-12-22 14:02:00,249.337,249.489,249.337,249.387,5
2008-12-22 14:03:00,249.539,249.59,249.387,249.387,6
2008-12-22 14:04:00,249.742,249.742,249.64,249.64,3
2008-12-22 14:05:00,249.944,249.944,249.792,249.792,4
2008-12-22 14:06:00,249.539,249.893,249.539,249.893,6
2008-12-22 14:07:00,249.691,249.741,249.589,249.64,6
2008-12-22 14:08:00,249.741,249.741,249.741,249.741,1
2008-12-22 14:09:00,249.994,250.146,249.64,249.64,13
2008-12-22 14:10:00,249.944,249.944,249.893,249.944,3
2008-12-22 14:11:00,250.045,250.298,250.045,250.045,16
2008-12-22 14:12:00,250.045,250.045,249.943,249.943,2
2008-12-22 14:13:00,250.298,250.298,250.146,250.146,4
2008-12-22 14:14:00,249.893,250.247,249.639,250.247,23
2008-12-22 14:15:00,249.69,249.842,249.69,249.842,4
2008-12-22 14:16:00,249.791,249.842,249.639,249.639,8
2008-12-22 14:17:00,249.74,249.943,249.74,249.842,4
2008-12-22 14:18:00,249.74,249.74,249.69,249.69,2
2008-12-22 14:19:00,249.791,249.892,249.69,249.69,6
2008-12-22 14:20:00,250.044,250.044,249.841,249.841,8
2008-12-22 14:21:00,250.095,250.095,249.993,249.993,3
2008-12-22 14:22:00,250.094,250.196,250.094,250.145,7
2008-12-22 14:23:00,250.094,250.196,250.094,250.145,4
2008-12-22 14:24:00,250.094,250.094,250.044,250.044,2
2008-12-22 14:25:00,250.499,250.55,250.145,250.145,15
2008-12-22 14:26:00,250.195,250.651,250.195,250.55,10
2008-12-22 14:27:00,249.942,250.246,249.891,250.145,13
2008-12-22 14:28:00,249.993,249.993,249.891,249.891,2
2008-12-22 14:29:00,249.638,249.891,249.587,249.891,7
2008-12-22 14:30:00,249.638,249.79,249.537,249.739,17
2008-12-22 14:31:00,249.739,249.84,249.689,249.739,13
2008-12-22 14:32:00,249.587,249.891,249.435,249.638,31
2008-12-22 14:33:00,248.828,249.537,248.828,249.486,25
2008-12-22 14:34:00,249.081,249.233,248.929,248.929,33
2008-12-22 14:35:00,249.739,249.789,249.131,249.131,36
2008-12-22 14:36:00,249.688,249.84,249.638,249.688,10
2008-12-22 14:37:00,249.739,249.739,249.637,249.637,7
2008-12-22 14:38:00,249.485,249.789,249.334,249.789,37
2008-12-22 14:39:00,249.283,249.435,249.08,249.333,17
2008-12-22 14:40:00,249.08,249.232,248.878,249.232,25
2008-12-22 14:41:00,248.928,249.181,248.928,249.131,11
2008-12-22 14:42:00,248.472,249.029,248.472,248.979,27
2008-12-22 14:43:00,248.624,248.725,248.422,248.422,9
2008-12-22 14:44:00,248.827,248.827,248.675,248.725,10
2008-12-22 14:45:00,248.421,248.725,248.219,248.725,27
2008-12-22 14:46:00,248.675,248.675,248.269,248.371,26
2008-12-22 14:47:00,248.725,248.776,248.523,248.573,13
2008-12-22 14:48:00,248.978,248.978,248.725,248.776,14
2008-12-22 14:49:00,248.927,249.13,248.927,249.029,10
2008-12-22 14:50:00,248.775,248.978,248.573,248.978,18
2008-12-22 14:51:00,248.826,249.029,248.674,248.725,12
2008-12-22 14:52:00,248.877,248.978,248.623,248.927,17
2008-12-22 14:53:00,248.674,248.826,248.421,248.826,18
2008-12-22 14:54:00,248.775,248.927,248.623,248.623,22
2008-12-22 14:55:00,248.826,248.927,248.826,248.826,7
2008-12-22 14:56:00,248.927,248.978,248.775,248.876,11
2008-12-22 14:57:00,248.825,248.927,248.825,248.826,4
2008-12-22 14:58:00,248.825,249.18,248.775,248.876,15
2008-12-22 14:59:00,248.825,248.977,248.775,248.775,18
2008-12-22 15:00:00,249.028,249.028,248.775,248.876,11
2008-12-22 15:01:00,248.926,249.129,248.825,249.129,15
2008-12-22 15:02:00,248.774,248.876,248.673,248.825,13
2008-12-22 15:03:00,248.673,248.724,248.622,248.724,9
2008-12-22 15:04:00,248.521,248.724,248.521,248.724,3
2008-12-22 15:05:00,248.521,248.622,248.521,248.572,7
2008-12-22 15:06:00,248.622,248.723,248.47,248.47,10
2008-12-22 15:07:00,248.318,248.571,248.318,248.521,7
2008-12-22 15:08:00,248.217,248.571,248.166,248.268,19
2008-12-22 15:09:00,248.166,248.47,248.166,248.166,9
2008-12-22 15:10:00,248.166,248.318,248.166,248.217,7
2008-12-22 15:11:00,248.065,248.115,247.913,248.115,7
2008-12-22 15:12:00,247.71,248.166,247.71,248.115,16
2008-12-22 15:13:00,247.71,247.862,247.659,247.66,15
2008-12-22 15:14:00,247.507,247.609,247.507,247.609,7
2008-12-22 15:15:00,247.305,247.507,247.305,247.457,22
2008-12-22 15:16:00,247.406,247.558,247.406,247.406,13
2008-12-22 15:17:00,247.457,247.558,247.355,247.355,6
2008-12-22 15:18:00,247.963,247.963,247.507,247.507,16
2008-12-22 15:19:00,248.165,248.165,247.912,248.013,14
2008-12-22 15:20:00,248.064,248.216,247.963,248.216,11
2008-12-22 15:21:00,248.064,248.114,247.912,248.013,11
2008-12-22 15:22:00,248.317,248.317,248.114,248.114,7
2008-12-22 15:23:00,247.81,248.266,247.76,248.266,15
2008-12-22 15:24:00,248.013,248.064,247.861,247.861,9
2008-12-22 15:25:00,247.81,247.912,247.81,247.912,2
2008-12-22 15:26:00,247.557,247.912,247.557,247.861,9
2008-12-22 15:27:00,247.861,247.861,247.658,247.658,4
2008-12-22 15:28:00,247.557,247.759,247.557,247.759,7
2008-12-22 15:29:00,247.759,247.759,247.607,247.607,3
2008-12-22 15:30:00,247.861,247.911,247.658,247.658,9
2008-12-22 15:31:00,247.506,247.86,247.455,247.81,11
2008-12-22 15:32:00,247.759,247.759,247.455,247.455,9
2008-12-22 15:33:00,247.607,247.81,247.607,247.81,8
2008-12-22 15:34:00,247.81,247.81,247.658,247.708,9
2008-12-22 15:35:00,247.911,247.911,247.809,247.86,8
2008-12-22 15:36:00,247.961,248.012,247.86,247.86,7
2008-12-22 15:37:00,248.062,248.063,247.911,248.012,7
2008-12-22 15:38:00,247.809,247.961,247.759,247.961,11
2008-12-22 15:39:00,247.556,247.759,247.556,247.759,17
2008-12-22 15:40:00,247.758,247.758,247.607,247.607,5
2008-12-22 15:41:00,247.556,247.708,247.556,247.708,4
2008-12-22 15:42:00,247.404,247.606,247.404,247.606,5
2008-12-22 15:43:00,247.1,247.404,247.049,247.353,18
2008-12-22 15:44:00,247.505,247.555,247.049,247.049,14
2008-12-22 15:45:00,247.657,247.657,247.505,247.555,8
2008-12-22 15:46:00,247.657,247.657,247.505,247.606,9
2008-12-22 15:47:00,247.656,247.808,247.606,247.707,12
2008-12-22 15:48:00,247.656,247.707,247.555,247.606,9
2008-12-22 15:49:00,247.454,247.656,247.454,247.606,16
2008-12-22 15:50:00,247.403,247.555,247.251,247.504,19
2008-12-22 15:51:00,247.352,247.454,247.352,247.454,4
2008-12-22 15:52:00,247.504,247.504,247.403,247.403,4
2008-12-22 15:53:00,247.707,247.757,247.605,247.707,5
2008-12-22 15:54:00,247.808,247.808,247.707,247.808,7
2008-12-22 15:55:00,247.605,247.909,247.605,247.858,10
2008-12-22 15:56:00,247.453,247.453,247.301,247.453,7
2008-12-22 15:57:00,247.453,247.453,247.301,247.403,7
2008-12-22 15:58:00,247.504,247.504,247.402,247.402,4
2008-12-22 15:59:00,247.504,247.554,247.453,247.453,5
2008-12-22 16:00:00,247.503,247.605,247.402,247.554,14
2008-12-22 16:01:00,247.655,247.655,247.503,247.605,5
2008-12-22 16:02:00,247.453,247.706,247.402,247.706,8
2008-12-22 16:03:00,247.199,247.402,247.199,247.402,5
2008-12-22 16:04:00,247.199,247.301,247.047,247.149,17
2008-12-22 16:05:00,247.199,247.351,247.199,247.301,6
2008-12-22 16:06:00,247.199,247.25,247.098,247.149,5
2008-12-22 16:07:00,247.25,247.25,247.199,247.25,3
2008-12-22 16:08:00,247.452,247.503,247.351,247.351,5
2008-12-22 16:09:00,247.3,247.503,247.3,247.503,9
2008-12-22 16:10:00,247.452,247.503,247.249,247.249,7
2008-12-22 16:11:00,247.452,247.553,247.452,247.553,3
2008-12-22 16:12:00,247.654,247.705,247.502,247.502,8
2008-12-22 16:13:00,247.452,247.756,247.452,247.756,12
2008-12-22 16:14:00,247.35,247.452,247.35,247.401,4
2008-12-22 16:15:00,247.603,247.603,247.401,247.401,4
2008-12-22 16:16:00,247.502,247.553,247.502,247.553,4
2008-12-22 16:17:00,247.553,247.603,247.451,247.451,7
2008-12-22 16:18:00,247.401,247.603,247.401,247.603,11
2008-12-22 16:19:00,247.552,247.603,247.401,247.502,16
2008-12-22 16:20:00,247.502,247.603,247.451,247.603,15
2008-12-22 16:21:00,247.4,247.552,247.4,247.552,14
2008-12-22 16:22:00,247.046,247.451,247.046,247.451,20
2008-12-22 16:23:00,247.046,247.198,246.894,246.995,37
2008-12-22 16:24:00,246.742,247.096,246.742,247.096,21
2008-12-22 16:25:00,246.843,246.995,246.691,246.792,28
2008-12-22 16:26:00,246.995,247.046,246.742,246.792,32
2008-12-22 16:27:00,247.197,247.299,246.944,246.944,17
2008-12-22 16:28:00,247.248,247.298,247.096,247.147,20
2008-12-22 16:29:00,247.248,247.349,247.045,247.197,28
2008-12-22 16:30:00,246.741,247.4,246.741,247.349,26
2008-12-22 16:31:00,246.64,246.741,246.589,246.691,10
2008-12-22 16:32:00,246.387,246.691,246.184,246.589,31
2008-12-22 16:33:00,246.133,246.539,246.133,246.336,22
2008-12-22 16:34:00,246.184,246.387,245.779,246.083,50
2008-12-22 16:35:00,245.222,246.083,245.222,246.083,22
2008-12-22 16:36:00,244.867,245.121,244.867,245.07,6
2008-12-22 16:37:00,244.918,245.019,244.817,245.019,10
2008-12-22 16:38:00,245.222,245.272,244.867,244.867,10
2008-12-22 16:39:00,245.373,245.373,245.171,245.272,9
2008-12-22 16:40:00,245.272,245.323,245.272,245.323,2
2008-12-22 16:41:00,245.272,245.323,245.221,245.221,3
2008-12-22 16:42:00,244.968,245.221,244.917,245.221,6
2008-12-22 16:43:00,244.614,244.816,244.563,244.816,6
2008-12-22 16:44:00,244.867,244.867,244.664,244.715,5
2008-12-22 16:45:00,244.765,245.019,244.664,244.968,6
2008-12-22 16:46:00,244.866,244.917,244.866,244.917,2
2008-12-22 16:47:00,244.866,245.018,244.866,244.968,4
2008-12-22 16:48:00,244.968,245.018,244.968,244.968,3
2008-12-22 16:49:00,245.069,245.17,245.069,245.069,7
2008-12-22 16:50:00,245.069,245.119,244.967,244.967,7
2008-12-22 16:51:00,244.967,244.967,244.967,244.967,1
2008-12-22 16:52:00,244.917,244.917,244.815,244.815,3
2008-12-22 16:53:00,244.866,244.866,244.866,244.866,1
2008-12-22 16:54:00,245.068,245.068,244.916,244.967,7
2008-12-22 16:55:00,244.916,244.916,244.916,244.916,1
2008-12-22 16:56:00,244.815,244.866,244.714,244.714,3
2008-12-22 16:57:00,245.068,245.068,244.764,244.764,8
2008-12-22 16:58:00,244.916,244.967,244.916,244.967,2
2008-12-22 16:59:00,244.916,244.967,244.916,244.967,2
2008-12-22 17:00:00,244.663,244.663,244.663,244.663,1
2008-12-22 17:01:00,244.561,244.663,244.561,244.612,3
2008-12-22 17:03:00,244.46,244.511,244.46,244.511,2
2008-12-22 17:04:00,244.409,244.409,244.409,244.409,1
2008-12-22 17:05:00,244.308,244.308,244.105,244.105,2
2008-12-22 17:06:00,244.358,244.358,244.358,244.358,1
2008-12-22 17:07:00,244.561,244.561,244.46,244.46,2
2008-12-22 17:08:00,244.46,244.46,244.46,244.46,1
2008-12-22 17:09:00,244.054,244.308,244.054,244.308,3
2008-12-22 17:11:00,244.611,244.611,244.51,244.51,3
2008-12-22 17:12:00,244.155,244.155,244.155,244.155,1
2008-12-22 17:13:00,244.105,244.105,244.003,244.003,3
2008-12-22 17:14:00,244.763,244.763,244.155,244.155,9
2008-12-23 07:00:00,244.894,245.603,244.793,244.996,8
2008-12-23 07:01:00,244.591,244.793,244.591,244.793,3
2008-12-23 07:02:00,244.641,244.641,244.489,244.489,2
2008-12-23 07:03:00,244.995,244.995,244.843,244.843,3
2008-12-23 07:04:00,244.894,244.945,244.894,244.945,2
2008-12-23 07:06:00,244.843,244.843,244.843,244.843,1
2008-12-23 07:08:00,244.489,244.539,244.489,244.539,2
2008-12-23 07:13:00,244.691,244.691,244.64,244.64,2
2008-12-23 07:16:00,244.64,244.64,244.64,244.64,1
2008-12-23 07:26:00,244.74,244.74,244.74,244.74,1
2008-12-23 07:27:00,244.791,244.791,244.791,244.791,1
2008-12-23 07:28:00,244.791,245.044,244.791,244.892,6
2008-12-23 07:34:00,244.993,244.993,244.993,244.993,1
2008-12-23 07:35:00,244.79,244.841,244.79,244.841,2
2008-12-23 07:47:00,244.84,244.84,244.84,244.84,1
2008-12-23 07:49:00,244.89,244.89,244.789,244.789,2
2008-12-23 07:50:00,244.991,244.991,244.991,244.991,1
2008-12-23 07:51:00,245.092,245.092,245.092,245.092,1
2008-12-23 07:55:00,245.092,245.092,244.991,244.991,2
2008-12-23 07:56:00,245.244,245.244,244.991,244.991,7
2008-12-23 07:57:00,245.193,245.193,245.193,245.193,1
2008-12-23 07:58:00,245.193,245.446,245.193,245.345,7
2008-12-23 07:59:00,245.598,245.649,245.294,245.294,9
2008-12-23 08:00:00,245.851,246.053,244.839,245.497,71
2008-12-23 08:01:00,245.851,245.952,245.699,245.75,24
2008-12-23 08:02:00,246.154,246.205,245.901,245.901,14
2008-12-23 08:03:00,246.812,246.863,246.256,246.256,31
2008-12-23 08:04:00,246.559,247.015,246.509,246.863,42
2008-12-23 08:05:00,246.812,246.812,246.559,246.61,14
2008-12-23 08:06:00,247.318,247.622,246.863,246.863,34
2008-12-23 08:07:00,247.318,247.622,247.318,247.369,22
2008-12-23 08:08:00,247.622,247.672,247.369,247.369,15
2008-12-23 08:09:00,247.925,247.925,247.419,247.672,19
2008-12-23 08:10:00,248.027,248.229,247.723,247.875,46
2008-12-23 08:11:00,247.875,248.128,247.875,248.077,18
2008-12-23 08:12:00,248.026,248.077,247.875,247.925,13
2008-12-23 08:13:00,247.672,247.976,247.52,247.976,32
2008-12-23 08:14:00,247.773,247.773,247.672,247.773,8
2008-12-23 08:15:00,247.621,247.824,247.571,247.824,14
2008-12-23 08:16:00,247.216,247.621,247.216,247.571,14
2008-12-23 08:17:00,247.165,247.469,247.115,247.317,17
2008-12-23 08:18:00,247.216,247.317,246.963,247.115,22
2008-12-23 08:19:00,247.52,247.52,247.165,247.165,14
2008-12-23 08:20:00,247.418,247.52,247.267,247.368,9
2008-12-23 08:21:00,247.418,247.52,247.418,247.469,4
2008-12-23 08:22:00,247.621,247.671,247.469,247.469,12
2008-12-23 08:23:00,247.418,247.722,247.317,247.57,16
2008-12-23 08:24:00,247.57,247.62,247.469,247.469,5
2008-12-23 08:25:00,247.468,247.671,247.418,247.519,10
2008-12-23 08:26:00,247.215,247.519,247.215,247.519,12
2008-12-23 08:27:00,247.367,247.418,247.114,247.165,10
2008-12-23 08:28:00,247.418,247.62,247.367,247.418,18
2008-12-23 08:29:00,247.418,247.569,247.367,247.367,13
2008-12-23 08:30:00,247.519,247.569,247.468,247.569,6
2008-12-23 08:31:00,247.164,247.569,247.114,247.569,14
2008-12-23 08:32:00,247.215,247.316,247.114,247.215,8
2008-12-23 08:33:00,246.81,247.316,246.709,247.316,22
2008-12-23 08:34:00,247.063,247.063,246.962,246.962,5
2008-12-23 08:35:00,247.215,247.265,246.962,247.113,7
2008-12-23 08:36:00,247.417,247.518,247.215,247.265,15
2008-12-23 08:37:00,247.67,247.822,247.468,247.468,15
2008-12-23 08:38:00,247.417,247.721,247.366,247.721,11
2008-12-23 08:39:00,247.72,247.72,247.467,247.467,5
2008-12-23 08:40:00,247.822,247.822,247.619,247.822,16
2008-12-23 08:41:00,247.518,247.72,247.518,247.72,3
2008-12-23 08:42:00,247.518,247.67,247.467,247.568,10
2008-12-23 08:43:00,247.619,247.619,247.568,247.568,2
2008-12-23 08:44:00,247.568,247.72,247.568,247.72,4
2008-12-23 08:45:00,247.568,247.669,247.416,247.669,8
2008-12-23 08:46:00,247.568,247.568,247.517,247.517,2
2008-12-23 08:47:00,247.72,247.72,247.618,247.618,3
2008-12-23 08:48:00,247.618,247.669,247.618,247.669,4
2008-12-23 08:49:00,247.719,247.72,247.669,247.669,6
2008-12-23 08:50:00,247.821,247.922,247.77,247.821,11
2008-12-23 08:51:00,247.871,247.972,247.871,247.871,7
2008-12-23 08:52:00,248.124,248.124,247.922,247.922,4
2008-12-23 08:53:00,248.124,248.225,248.124,248.175,10
2008-12-23 08:54:00,248.124,248.175,248.124,248.175,2
2008-12-23 08:55:00,248.276,248.276,248.175,248.175,3
2008-12-23 08:56:00,248.326,248.428,248.073,248.225,14
2008-12-23 08:57:00,248.427,248.478,248.326,248.377,8
2008-12-23 08:58:00,248.782,248.782,248.478,248.478,7
2008-12-23 08:59:00,248.933,248.984,248.731,248.731,11
2008-12-23 09:00:00,249.338,249.389,248.984,248.984,26
2008-12-23 09:01:00,249.186,249.288,249.136,249.288,15
2008-12-23 09:02:00,249.237,249.389,249.085,249.237,21
2008-12-23 09:03:00,248.933,249.186,248.933,249.186,7
2008-12-23 09:04:00,248.68,248.933,248.68,248.882,13
2008-12-23 09:05:00,248.477,248.73,248.376,248.73,9
2008-12-23 09:06:00,248.427,248.477,248.325,248.427,8
2008-12-23 09:07:00,248.578,248.68,248.427,248.477,15
2008-12-23 09:08:00,248.477,248.73,248.275,248.629,20
2008-12-23 09:09:00,248.528,248.578,248.426,248.426,7
2008-12-23 09:10:00,248.831,248.831,248.679,248.679,3
2008-12-23 09:11:00,248.73,248.781,248.679,248.781,4
2008-12-23 09:12:00,248.679,248.831,248.477,248.781,18
2008-12-23 09:13:00,248.73,248.78,248.578,248.73,8
2008-12-23 09:14:00,248.831,248.831,248.628,248.679,10
2008-12-23 09:15:00,248.881,248.932,248.78,248.78,9
2008-12-23 09:16:00,248.78,248.932,248.729,248.932,6
2008-12-23 09:19:00,249.134,249.185,248.881,248.881,10
2008-12-23 09:20:00,249.235,249.286,249.083,249.084,6
2008-12-23 09:21:00,249.134,249.134,249.134,249.134,1
2008-12-23 09:22:00,249.336,249.336,249.185,249.235,9
2008-12-23 09:23:00,249.488,249.539,249.336,249.387,11
2008-12-23 09:24:00,249.539,249.539,249.437,249.437,2
2008-12-23 09:25:00,249.741,249.741,249.539,249.589,10
2008-12-23 09:26:00,249.69,249.842,249.69,249.792,8
2008-12-23 09:27:00,249.336,249.64,249.336,249.64,13
2008-12-23 09:28:00,249.589,249.589,249.387,249.387,9
2008-12-23 09:29:00,249.336,249.538,249.285,249.488,13
2008-12-23 09:30:00,249.437,249.437,249.083,249.285,14
2008-12-23 09:31:00,248.981,249.336,248.981,249.336,10
2008-12-23 09:32:00,248.981,249.032,248.981,249.032,4
2008-12-23 09:33:00,248.829,248.981,248.728,248.931,15
2008-12-23 09:34:00,248.981,248.981,248.779,248.93,8
2008-12-23 09:35:00,248.93,248.93,248.728,248.88,13
2008-12-23 09:36:00,248.88,248.88,248.829,248.88,3
2008-12-23 09:37:00,248.728,248.829,248.728,248.829,3
2008-12-23 09:38:00,248.879,248.879,248.879,248.879,1
2008-12-23 09:39:00,248.778,248.829,248.677,248.829,5
2008-12-23 09:40:00,248.829,248.829,248.677,248.677,3
2008-12-23 09:41:00,249.031,249.031,248.727,248.778,8
2008-12-23 09:42:00,249.183,249.183,249.031,249.082,7
2008-12-23 09:43:00,249.284,249.335,249.233,249.233,4
2008-12-23 09:44:00,249.031,249.334,249.031,249.334,9
2008-12-23 09:45:00,249.031,249.081,249.031,249.081,2
2008-12-23 09:46:00,248.879,248.98,248.828,248.98,5
2008-12-23 09:47:00,248.98,248.98,248.929,248.98,3
2008-12-23 09:48:00,248.929,248.98,248.777,248.929,12
2008-12-23 09:49:00,249.03,249.081,248.879,248.879,12
2008-12-23 09:50:00,248.777,248.98,248.727,248.98,8
2008-12-23 09:51:00,248.979,248.979,248.726,248.929,4
2008-12-23 09:52:00,249.081,249.081,249.03,249.03,2
2008-12-23 09:53:00,249.03,249.081,249.03,249.03,3
2008-12-23 09:54:00,248.979,248.979,248.979,248.979,1
2008-12-23 09:55:00,249.03,249.182,249.03,249.03,9
2008-12-23 09:56:00,249.283,249.283,249.08,249.08,5
2008-12-23 09:58:00,249.232,249.283,249.181,249.181,6
2008-12-23 09:59:00,248.979,249.333,248.979,249.333,6
2008-12-23 10:00:00,249.131,249.181,249.029,249.029,6
2008-12-23 10:01:00,248.979,249.08,248.979,249.08,4
2008-12-23 10:02:00,249.181,249.181,249.029,249.029,3
2008-12-23 10:03:00,249.08,249.08,249.08,249.08,1
2008-12-23 10:04:00,249.181,249.181,249.181,249.181,1
2008-12-23 10:05:00,249.333,249.333,249.181,249.231,5
2008-12-23 10:07:00,249.434,249.484,249.383,249.383,6
2008-12-23 10:08:00,249.585,249.636,249.535,249.535,8
2008-12-23 10:09:00,249.484,249.535,249.434,249.535,6
2008-12-23 10:10:00,249.585,249.737,249.433,249.433,30
2008-12-23 10:11:00,249.535,249.686,249.535,249.686,4
2008-12-23 10:12:00,249.585,249.636,249.585,249.636,2
2008-12-23 10:13:00,249.585,249.585,249.534,249.534,2
2008-12-23 10:14:00,249.433,249.534,249.332,249.534,10
2008-12-23 10:15:00,249.585,249.889,249.484,249.484,24
2008-12-23 10:16:00,249.484,249.888,249.484,249.534,14
2008-12-23 10:17:00,249.635,249.686,249.534,249.635,4
2008-12-23 10:18:00,249.736,249.736,249.534,249.585,8
2008-12-23 10:19:00,249.736,249.736,249.686,249.686,2
2008-12-23 10:20:00,249.787,250.091,249.787,249.787,12
2008-12-23 10:21:00,249.837,249.989,249.837,249.888,9
2008-12-23 10:22:00,249.888,249.888,249.837,249.888,3
2008-12-23 10:23:00,249.888,250.192,249.888,249.989,12
2008-12-23 10:24:00,249.938,249.989,249.938,249.989,2
2008-12-23 10:25:00,250.242,250.242,250.04,250.04,9
2008-12-23 10:26:00,250.09,250.191,249.888,250.191,12
2008-12-23 10:27:00,249.837,250.039,249.736,250.039,8
2008-12-23 10:28:00,249.736,249.786,249.736,249.786,2
2008-12-23 10:29:00,249.685,249.786,249.685,249.786,3
2008-12-23 10:30:00,249.685,249.735,249.685,249.735,4
2008-12-23 10:31:00,249.786,249.786,249.786,249.786,1
2008-12-23 10:32:00,249.887,249.887,249.836,249.836,2
2008-12-23 10:33:00,249.938,250.039,249.735,249.786,7
2008-12-23 10:34:00,249.836,249.887,249.786,249.887,4
2008-12-23 10:35:00,249.785,249.836,249.684,249.735,4
2008-12-23 10:36:00,249.785,249.785,249.735,249.735,2
2008-12-23 10:37:00,249.684,249.735,249.684,249.735,2
2008-12-23 10:38:00,249.633,249.633,249.633,249.633,1
2008-12-23 10:39:00,249.684,249.886,249.583,249.583,10
2008-12-23 10:40:00,249.633,249.633,249.633,249.633,1
2008-12-23 10:41:00,249.785,249.836,249.785,249.836,2
2008-12-23 10:42:00,249.582,249.734,249.582,249.734,3
2008-12-23 10:43:00,249.532,249.532,249.481,249.532,3
2008-12-23 10:44:00,249.835,249.886,249.633,249.633,7
2008-12-23 10:45:00,249.683,249.835,249.683,249.785,5
2008-12-23 10:46:00,249.835,249.835,249.633,249.785,11
2008-12-23 10:47:00,249.936,249.987,249.734,249.734,10
2008-12-23 10:48:00,249.886,249.886,249.886,249.886,1
2008-12-23 10:49:00,249.936,249.936,249.936,249.936,1
2008-12-23 10:51:00,250.138,250.138,249.987,249.987,3
2008-12-23 10:52:00,250.037,250.037,250.037,250.037,1
2008-12-23 10:53:00,249.936,249.986,249.936,249.986,2
2008-12-23 10:54:00,249.885,249.885,249.885,249.885,1
2008-12-23 10:55:00,249.834,249.936,249.834,249.936,3
2008-12-23 10:56:00,249.885,249.986,249.885,249.885,5
2008-12-23 10:58:00,249.834,249.834,249.834,249.834,1
2008-12-23 10:59:00,249.682,249.783,249.682,249.783,3
2008-12-23 11:01:00,249.631,249.631,249.631,249.631,1
2008-12-23 11:03:00,249.682,249.682,249.682,249.682,1
2008-12-23 11:04:00,249.53,249.631,249.479,249.631,6
2008-12-23 11:05:00,249.58,249.58,249.58,249.58,1
2008-12-23 11:06:00,249.53,249.53,249.53,249.53,1
2008-12-23 11:07:00,249.58,249.58,249.58,249.58,1
2008-12-23 11:08:00,249.631,249.631,249.631,249.631,1
2008-12-23 11:10:00,249.529,249.58,249.479,249.58,3
2008-12-23 11:11:00,249.63,249.681,249.58,249.58,4
2008-12-23 11:12:00,249.681,249.681,249.479,249.58,7
2008-12-23 11:13:00,249.732,249.732,249.732,249.732,1
2008-12-23 11:15:00,249.63,249.681,249.63,249.681,2
2008-12-23 11:17:00,249.63,249.63,249.529,249.529,2
2008-12-23 11:18:00,249.427,249.63,249.427,249.579,5
2008-12-23 11:19:00,249.326,249.377,249.276,249.377,3
2008-12-23 11:20:00,249.326,249.427,249.326,249.427,3
2008-12-23 11:21:00,249.174,249.275,249.174,249.275,3
2008-12-23 11:22:00,249.225,249.225,249.225,249.225,1
2008-12-23 11:23:00,249.123,249.225,249.123,249.174,3
2008-12-23 11:24:00,248.87,249.073,248.82,249.073,9
2008-12-23 11:25:00,248.921,248.921,248.921,248.921,1
2008-12-23 11:26:00,248.819,248.921,248.819,248.87,3
2008-12-23 11:27:00,248.819,248.87,248.819,248.87,2
2008-12-23 11:28:00,248.87,248.92,248.87,248.87,3
2008-12-23 11:29:00,248.768,248.819,248.768,248.819,2
2008-12-23 11:30:00,248.819,248.819,248.819,248.819,1
2008-12-23 11:31:00,248.87,248.87,248.87,248.87,1
2008-12-23 11:32:00,248.92,248.971,248.92,248.92,3
2008-12-23 11:33:00,248.869,248.869,248.869,248.869,1
2008-12-23 11:35:00,248.92,248.92,248.92,248.92,1
2008-12-23 11:36:00,248.768,248.869,248.768,248.869,5
2008-12-23 11:37:00,248.768,248.768,248.565,248.717,7
2008-12-23 11:39:00,248.616,248.616,248.616,248.616,1
2008-12-23 11:40:00,248.717,248.717,248.666,248.666,2
2008-12-23 11:41:00,248.717,248.818,248.666,248.818,5
2008-12-23 11:42:00,248.767,248.818,248.767,248.818,2
2008-12-23 11:43:00,248.818,248.818,248.818,248.818,1
2008-12-23 11:44:00,248.565,248.666,248.514,248.666,11
2008-12-23 11:45:00,248.717,248.717,248.666,248.666,2
2008-12-23 11:46:00,248.716,248.716,248.666,248.666,2
2008-12-23 11:47:00,248.716,248.818,248.716,248.767,4
2008-12-23 11:48:00,248.767,248.767,248.716,248.767,5
2008-12-23 11:49:00,248.767,248.767,248.716,248.716,2
2008-12-23 11:50:00,248.918,248.918,248.767,248.817,7
2008-12-23 11:51:00,248.868,248.918,248.868,248.868,5
2008-12-23 11:52:00,248.969,249.02,248.969,248.969,5
2008-12-23 11:54:00,248.969,249.019,248.969,249.019,2
2008-12-23 11:55:00,248.918,248.918,248.918,248.918,1
2008-12-23 11:56:00,249.019,249.019,248.969,248.969,2
2008-12-23 11:57:00,249.07,249.12,249.07,249.07,3
2008-12-23 11:58:00,249.171,249.171,249.12,249.12,2
2008-12-23 11:59:00,249.272,249.323,249.221,249.221,6
2008-12-23 12:00:00,249.221,249.221,249.171,249.221,3
2008-12-23 12:01:00,249.221,249.272,249.221,249.272,2
2008-12-23 12:02:00,249.069,249.12,248.968,249.12,10
2008-12-23 12:03:00,249.12,249.17,249.12,249.17,2
2008-12-23 12:04:00,249.069,249.069,249.069,249.069,1
2008-12-23 12:05:00,249.12,249.12,249.12,249.12,1
2008-12-23 12:08:00,249.069,249.069,249.069,249.069,1
2008-12-23 12:09:00,249.119,249.119,249.119,249.119,1
2008-12-23 12:10:00,249.018,249.069,248.917,249.069,5
2008-12-23 12:11:00,249.069,249.119,249.069,249.069,3
2008-12-23 12:12:00,249.018,249.018,248.967,248.967,2
2008-12-23 12:13:00,249.018,249.018,248.967,248.967,2
2008-12-23 12:15:00,249.169,249.169,249.068,249.068,3
2008-12-23 12:16:00,249.422,249.422,249.22,249.22,7
2008-12-23 12:17:00,249.625,249.625,249.473,249.473,6
2008-12-23 12:18:00,249.625,249.625,249.574,249.574,2
2008-12-23 12:19:00,249.726,249.776,249.675,249.675,14
2008-12-23 12:20:00,249.776,249.776,249.675,249.675,2
2008-12-23 12:21:00,249.877,249.877,249.827,249.827,2
2008-12-23 12:22:00,249.877,249.928,249.877,249.928,2
2008-12-23 12:24:00,249.624,249.827,249.624,249.827,3
2008-12-23 12:25:00,249.776,249.776,249.675,249.675,3
2008-12-23 12:26:00,249.725,249.725,249.725,249.725,1
2008-12-23 12:27:00,249.674,249.776,249.674,249.674,5
2008-12-23 12:28:00,249.776,249.776,249.776,249.776,1
2008-12-23 12:30:00,249.978,249.978,249.826,249.826,8
2008-12-23 12:31:00,250.13,250.231,249.826,249.877,8
2008-12-23 12:32:00,249.927,250.332,249.927,250.18,10
2008-12-23 12:33:00,250.028,250.028,249.978,249.978,2
2008-12-23 12:34:00,249.876,249.978,249.775,249.978,9
2008-12-23 12:35:00,249.977,250.079,249.927,249.927,6
2008-12-23 12:36:00,249.775,249.927,249.775,249.876,5
2008-12-23 12:37:00,250.078,250.18,249.825,249.825,11
2008-12-23 12:38:00,250.18,250.23,250.129,250.129,10
2008-12-23 12:39:00,250.18,250.18,250.129,250.129,2
2008-12-23 12:40:00,250.432,250.483,250.281,250.281,10
2008-12-23 12:41:00,250.078,250.382,250.078,250.382,18
2008-12-23 12:42:00,249.977,250.129,249.926,250.027,15
2008-12-23 12:43:00,249.724,250.027,249.673,249.926,12
2008-12-23 12:44:00,249.875,249.977,249.774,249.774,6
2008-12-23 12:45:00,249.774,249.825,249.724,249.825,4
2008-12-23 12:46:00,249.825,249.825,249.825,249.825,1
2008-12-23 12:47:00,249.875,249.875,249.875,249.875,1
2008-12-23 12:48:00,249.875,249.926,249.875,249.926,2
2008-12-23 12:49:00,249.875,249.875,249.824,249.824,2
2008-12-23 12:50:00,249.926,249.926,249.824,249.824,2
2008-12-23 12:51:00,249.875,249.875,249.824,249.875,3
2008-12-23 12:52:00,249.723,249.824,249.672,249.824,5
2008-12-23 12:53:00,249.672,249.672,249.672,249.672,1
2008-12-23 12:54:00,249.52,249.621,249.52,249.621,3
2008-12-23 12:55:00,249.571,249.571,249.571,249.571,1
2008-12-23 12:56:00,249.47,249.52,249.47,249.52,2
2008-12-23 12:57:00,249.419,249.469,249.419,249.419,3
2008-12-23 12:58:00,249.216,249.368,249.216,249.368,6
2008-12-23 12:59:00,249.419,249.57,249.216,249.267,10
2008-12-23 13:00:00,249.469,249.52,249.368,249.368,4
2008-12-23 13:01:00,249.671,249.722,249.52,249.52,14
2008-12-23 13:02:00,249.671,249.823,249.621,249.773,6
2008-12-23 13:03:00,249.722,249.773,249.671,249.722,5
2008-12-23 13:04:00,249.772,249.823,249.722,249.823,3
2008-12-23 13:05:00,249.924,249.924,249.823,249.823,2
2008-12-23 13:06:00,249.873,249.873,249.873,249.873,1
2008-12-23 13:07:00,249.772,249.975,249.772,249.975,5
2008-12-23 13:10:00,249.62,249.721,249.62,249.721,3
2008-12-23 13:11:00,249.671,249.671,249.671,249.671,1
2008-12-23 13:12:00,249.772,249.772,249.772,249.772,1
2008-12-23 13:13:00,249.924,249.924,249.924,249.924,1
2008-12-23 13:14:00,249.822,249.873,249.822,249.873,2
2008-12-23 13:15:00,249.822,249.873,249.67,249.873,9
2008-12-23 13:16:00,249.771,249.771,249.771,249.771,1
2008-12-23 13:17:00,249.822,249.923,249.822,249.873,6
2008-12-23 13:18:00,249.822,249.974,249.771,249.923,13
2008-12-23 13:19:00,249.872,249.872,249.771,249.872,4
2008-12-23 13:20:00,249.822,249.822,249.771,249.771,2
2008-12-23 13:21:00,249.822,249.872,249.822,249.872,2
2008-12-23 13:22:00,249.872,249.872,249.771,249.771,3
2008-12-23 13:23:00,250.024,250.125,249.973,249.973,5
2008-12-23 13:24:00,250.125,250.125,250.074,250.074,2
2008-12-23 13:25:00,249.922,250.175,249.922,250.074,7
2008-12-23 13:26:00,250.074,250.175,249.872,249.872,10
2008-12-23 13:27:00,250.074,250.074,249.973,250.023,6
2008-12-23 13:28:00,249.973,250.175,249.973,250.125,7
2008-12-23 13:29:00,250.023,250.023,249.871,249.872,5
2008-12-23 13:30:00,250.276,250.377,249.77,249.922,20
2008-12-23 13:31:00,250.175,250.327,250.124,250.226,7
2008-12-23 13:32:00,249.871,250.124,249.871,250.124,4
2008-12-23 13:33:00,249.77,249.922,249.77,249.922,5
2008-12-23 13:34:00,249.77,249.871,249.618,249.871,10
2008-12-23 13:35:00,249.922,250.023,249.719,249.719,9
2008-12-23 13:36:00,250.175,250.175,250.073,250.073,2
2008-12-23 13:37:00,249.82,250.023,249.82,250.023,3
2008-12-23 13:38:00,249.82,249.871,249.82,249.871,2
2008-12-23 13:39:00,250.073,250.073,249.871,249.871,5
2008-12-23 13:40:00,249.972,249.972,249.972,249.972,1
2008-12-23 13:41:00,250.022,250.022,249.921,250.022,5
2008-12-23 13:42:00,249.972,249.972,249.921,249.921,4
2008-12-23 13:43:00,250.073,250.073,250.022,250.022,2
2008-12-23 13:44:00,250.073,250.174,250.022,250.022,4
2008-12-23 13:45:00,250.123,250.123,250.123,250.123,1
2008-12-23 13:46:00,250.174,250.174,250.174,250.174,1
2008-12-23 13:47:00,249.87,250.123,249.87,250.123,10
2008-12-23 13:48:00,249.718,249.92,249.718,249.92,5
2008-12-23 13:49:00,249.87,249.87,249.769,249.769,5
2008-12-23 13:50:00,249.87,249.971,249.87,249.92,4
2008-12-23 13:51:00,249.768,249.819,249.768,249.819,2
2008-12-23 13:52:00,249.971,249.971,249.971,249.971,1
2008-12-23 13:53:00,250.072,250.072,250.021,250.021,2
2008-12-23 13:54:00,250.072,250.122,250.072,250.122,2
2008-12-23 13:55:00,250.021,250.122,250.021,250.122,5
2008-12-23 13:56:00,250.223,250.223,250.072,250.072,4
2008-12-23 13:57:00,250.223,250.274,250.122,250.274,5
2008-12-23 13:58:00,250.173,250.324,250.173,250.324,3
2008-12-23 13:59:00,250.173,250.324,250.173,250.223,6
2008-12-23 14:00:00,250.223,250.223,250.071,250.071,4
2008-12-23 14:02:00,250.324,250.324,250.223,250.273,4
2008-12-23 14:03:00,250.324,250.324,250.273,250.273,2
2008-12-23 14:04:00,250.273,250.375,250.223,250.375,6
2008-12-23 14:05:00,250.476,250.476,250.223,250.223,11
2008-12-23 14:06:00,250.476,250.476,250.425,250.425,2
2008-12-23 14:07:00,250.273,250.425,250.273,250.425,4
2008-12-23 14:08:00,250.273,250.324,250.222,250.222,4
2008-12-23 14:09:00,250.374,250.526,250.324,250.324,13
2008-12-23 14:10:00,250.273,250.475,250.222,250.425,8
2008-12-23 14:11:00,250.374,250.475,250.273,250.323,6
2008-12-23 14:12:00,250.526,250.526,250.424,250.424,2
2008-12-23 14:13:00,250.829,250.93,250.475,250.475,21
2008-12-23 14:14:00,251.032,251.032,250.779,250.88,17
2008-12-23 14:15:00,251.183,251.234,250.93,250.93,19
2008-12-23 14:16:00,251.234,251.335,251.183,251.234,11
2008-12-23 14:17:00,251.335,251.335,251.234,251.284,7
2008-12-23 14:18:00,251.183,251.487,251.183,251.284,19
2008-12-23 14:19:00,251.082,251.284,251.082,251.284,11
2008-12-23 14:20:00,250.93,251.082,250.93,251.031,6
2008-12-23 14:21:00,251.233,251.233,250.98,250.98,6
2008-12-23 14:22:00,251.233,251.284,251.183,251.183,5
2008-12-23 14:23:00,251.233,251.334,251.183,251.284,8
2008-12-23 14:24:00,251.233,251.284,251.233,251.284,2
2008-12-23 14:26:00,251.233,251.233,251.132,251.182,4
2008-12-23 14:27:00,251.081,251.283,251.081,251.132,6
2008-12-23 14:28:00,251.081,251.081,251.03,251.03,2
2008-12-23 14:29:00,250.98,251.03,250.98,251.03,2
2008-12-23 14:30:00,251.435,251.435,250.98,251.03,16
2008-12-23 14:31:00,251.131,251.384,251.131,251.384,12
2008-12-23 14:32:00,251.283,251.283,251.03,251.081,10
2008-12-23 14:33:00,251.131,251.283,251.03,251.232,15
2008-12-23 14:34:00,251.232,251.283,250.929,251.232,15
2008-12-23 14:35:00,250.777,251.384,250.625,251.182,30
2008-12-23 14:36:00,250.675,250.878,250.524,250.675,25
2008-12-23 14:37:00,250.776,250.776,250.574,250.625,11
2008-12-23 14:38:00,250.473,250.675,250.422,250.675,14
2008-12-23 14:39:00,250.523,250.625,250.523,250.523,7
2008-12-23 14:40:00,250.371,250.473,250.169,250.473,19
2008-12-23 14:41:00,250.624,250.675,250.422,250.422,22
2008-12-23 14:42:00,250.422,250.675,250.321,250.675,9
2008-12-23 14:43:00,250.574,250.574,250.27,250.371,13
2008-12-23 14:44:00,250.573,250.776,250.573,250.624,17
2008-12-23 14:45:00,250.928,250.928,250.472,250.523,14
2008-12-23 14:46:00,250.928,250.978,250.675,250.877,13
2008-12-23 14:47:00,250.877,250.927,250.826,250.877,6
2008-12-23 14:48:00,250.877,250.978,250.776,250.826,16
2008-12-23 14:49:00,250.927,250.927,250.877,250.927,3
2008-12-23 14:50:00,251.18,251.231,250.978,250.978,16
2008-12-23 14:51:00,251.332,251.383,251.281,251.281,11
2008-12-23 14:52:00,251.382,251.383,251.231,251.231,10
2008-12-23 14:53:00,251.534,251.534,251.382,251.433,10
2008-12-23 14:54:00,251.332,251.534,251.332,251.484,7
2008-12-23 14:55:00,251.585,251.787,251.382,251.382,18
2008-12-23 14:56:00,251.585,251.585,251.483,251.534,6
2008-12-23 14:57:00,251.787,251.787,251.635,251.635,10
2008-12-23 14:58:00,251.888,251.939,251.787,251.838,11
2008-12-23 14:59:00,251.837,251.888,251.837,251.837,3
2008-12-23 15:00:00,251.331,251.939,251.179,251.787,78
2008-12-23 15:01:00,251.28,251.432,251.23,251.382,17
2008-12-23 15:02:00,251.432,251.432,251.078,251.129,15
2008-12-23 15:03:00,251.584,251.938,251.432,251.483,22
2008-12-23 15:04:00,251.128,251.584,251.128,251.533,13
2008-12-23 15:05:00,250.976,251.179,250.926,251.078,13
2008-12-23 15:06:00,251.027,251.078,250.825,250.926,12
2008-12-23 15:07:00,250.926,251.128,250.926,251.078,10
2008-12-23 15:08:00,250.47,250.976,250.419,250.976,17
2008-12-23 15:09:00,250.622,250.672,250.419,250.521,11
2008-12-23 15:10:00,250.521,250.774,250.521,250.571,9
2008-12-23 15:11:00,251.178,251.178,250.622,250.622,16
2008-12-23 15:12:00,251.533,251.533,251.077,251.128,14
2008-12-23 15:13:00,251.33,251.482,251.229,251.482,13
2008-12-23 15:14:00,251.381,251.482,251.279,251.279,9
2008-12-23 15:15:00,251.229,251.33,251.229,251.33,9
2008-12-23 15:16:00,251.38,251.38,251.229,251.33,5
2008-12-23 15:17:00,251.178,251.229,251.077,251.229,10
2008-12-23 15:18:00,250.925,251.127,250.874,251.127,10
2008-12-23 15:19:00,250.672,250.975,250.672,250.975,5
2008-12-23 15:20:00,250.418,250.672,250.418,250.57,11
2008-12-23 15:21:00,250.267,250.52,250.216,250.368,20
2008-12-23 15:22:00,250.519,250.57,250.266,250.368,16
2008-12-23 15:23:00,250.317,250.519,250.266,250.469,13
2008-12-23 15:24:00,250.469,250.57,250.368,250.368,14
2008-12-23 15:25:00,250.57,250.62,250.418,250.519,11
2008-12-23 15:26:00,250.772,250.823,250.469,250.469,15
2008-12-23 15:27:00,251.025,251.025,250.772,250.823,10
2008-12-23 15:28:00,251.278,251.278,251.025,251.076,13
2008-12-23 15:29:00,251.582,251.632,251.329,251.329,12
2008-12-23 15:30:00,252.138,252.189,251.531,251.632,30
2008-12-23 15:31:00,251.784,252.239,251.733,252.088,23
2008-12-23 15:32:00,251.885,251.986,251.834,251.835,14
2008-12-23 15:33:00,251.885,251.986,251.834,251.834,7
2008-12-23 15:34:00,251.935,252.037,251.784,251.834,13
2008-12-23 15:35:00,251.935,252.037,251.834,252.037,13
2008-12-23 15:36:00,251.834,251.885,251.682,251.885,8
2008-12-23 15:37:00,252.036,252.138,251.682,251.783,19
2008-12-23 15:38:00,251.935,252.188,251.834,252.087,19
2008-12-23 15:39:00,251.834,251.986,251.834,251.986,5
2008-12-23 15:40:00,251.733,251.783,251.581,251.783,8
2008-12-23 15:41:00,251.834,251.935,251.783,251.783,5
2008-12-23 15:42:00,251.834,251.834,251.732,251.783,4
2008-12-23 15:43:00,251.783,251.884,251.732,251.783,11
2008-12-23 15:44:00,251.833,251.833,251.682,251.732,7
2008-12-23 15:45:00,251.935,251.985,251.732,251.783,6
2008-12-23 15:46:00,251.884,252.137,251.783,252.036,17
2008-12-23 15:47:00,251.732,252.086,251.732,251.833,17
2008-12-23 15:48:00,251.833,252.036,251.833,251.833,7
2008-12-23 15:49:00,251.884,251.884,251.884,251.884,1
2008-12-23 15:50:00,251.479,251.833,251.479,251.833,16
2008-12-23 15:51:00,251.478,251.63,251.428,251.428,12
2008-12-23 15:52:00,251.478,251.732,251.478,251.529,14
2008-12-23 15:53:00,251.225,251.478,251.175,251.428,18
2008-12-23 15:54:00,251.073,251.225,251.073,251.175,19
2008-12-23 15:55:00,251.174,251.225,251.023,251.175,13
2008-12-23 15:56:00,251.174,251.276,251.124,251.124,7
2008-12-23 15:57:00,251.124,251.124,251.073,251.073,2
2008-12-23 15:58:00,250.719,251.073,250.668,251.073,18
2008-12-23 15:59:00,250.516,250.769,250.516,250.668,10
2008-12-23 16:00:00,250.769,250.769,250.516,250.617,15
2008-12-23 16:01:00,250.516,250.668,250.516,250.668,4
2008-12-23 16:02:00,250.516,250.668,250.516,250.567,6
2008-12-23 16:03:00,250.415,250.465,250.364,250.465,8
2008-12-23 16:04:00,250.566,250.617,250.516,250.516,4
2008-12-23 16:05:00,250.161,250.516,250.161,250.516,8
2008-12-23 16:06:00,249.908,250.111,249.858,250.06,14
2008-12-23 16:07:00,250.111,250.212,249.858,249.858,14
2008-12-23 16:08:00,249.959,250.313,249.959,250.06,12
2008-12-23 16:09:00,250.06,250.161,249.959,250.009,14
2008-12-23 16:10:00,249.807,250.009,249.706,250.009,11
2008-12-23 16:11:00,249.807,249.807,249.604,249.756,14
2008-12-23 16:12:00,249.756,249.857,249.705,249.857,9
2008-12-23 16:13:00,249.655,249.705,249.553,249.705,8
2008-12-23 16:14:00,249.857,249.857,249.655,249.756,9
2008-12-23 16:15:00,249.604,249.806,249.503,249.806,8
2008-12-23 16:16:00,249.604,249.654,249.503,249.553,14
2008-12-23 16:17:00,249.351,249.654,249.3,249.654,23
2008-12-23 16:18:00,249.097,249.3,249.047,249.3,18
2008-12-23 16:19:00,248.794,249.199,248.794,249.047,14
2008-12-23 16:20:00,248.794,248.946,248.591,248.844,20
2008-12-23 16:21:00,248.642,248.844,248.591,248.743,24
2008-12-23 16:22:00,248.844,248.945,248.692,248.692,21
2008-12-23 16:23:00,248.692,248.996,248.642,248.945,36
2008-12-23 16:24:00,248.439,248.743,248.237,248.642,26
2008-12-23 16:25:00,247.73,248.338,247.629,248.338,48
2008-12-23 16:26:00,247.832,247.882,247.68,247.781,33
2008-12-23 16:27:00,247.882,248.085,247.68,247.73,30
2008-12-23 16:28:00,247.831,248.034,247.73,247.831,34
2008-12-23 16:29:00,247.781,248.084,247.73,247.781,59
2008-12-23 16:30:00,247.73,247.882,247.629,247.831,20
2008-12-23 16:31:00,247.882,247.882,247.426,247.679,25
2008-12-23 16:32:00,247.983,248.236,247.831,247.831,23
2008-12-23 16:33:00,248.135,248.135,247.73,248.033,13
2008-12-23 16:34:00,247.73,248.388,247.73,248.033,25
2008-12-23 16:35:00,247.274,247.628,247.274,247.628,19
2008-12-23 16:36:00,247.122,247.274,246.768,247.021,9
2008-12-23 16:37:00,247.325,247.325,247.173,247.173,4
2008-12-23 16:38:00,247.021,247.325,246.97,247.274,8
2008-12-23 16:39:00,247.476,247.476,246.97,246.97,5
2008-12-23 16:40:00,247.83,247.83,247.577,247.628,5
2008-12-23 16:41:00,247.83,247.83,247.78,247.78,2
2008-12-23 16:42:00,247.425,247.931,247.375,247.881,12
2008-12-23 16:43:00,247.83,247.83,247.476,247.476,7
2008-12-23 16:44:00,248.032,248.134,247.779,247.779,9
2008-12-23 16:45:00,248.083,248.134,248.083,248.134,2
2008-12-23 16:46:00,248.387,248.437,248.235,248.235,6
2008-12-23 16:47:00,248.386,248.437,248.336,248.336,3
2008-12-23 16:48:00,248.589,248.589,248.285,248.285,4
2008-12-23 16:49:00,248.69,248.69,248.69,248.69,1
2008-12-23 16:50:00,248.437,248.892,248.437,248.892,6
2008-12-23 16:52:00,248.335,248.386,248.285,248.285,6
2008-12-23 16:53:00,248.184,248.184,248.184,248.184,1
2008-12-23 16:54:00,248.335,248.335,248.335,248.335,1
2008-12-23 16:55:00,248.285,248.335,248.285,248.285,3
2008-12-23 16:56:00,247.829,248.335,247.829,248.335,7
2008-12-23 16:57:00,247.424,247.677,247.373,247.677,5
2008-12-23 16:58:00,247.221,247.373,247.221,247.323,4
2008-12-23 16:59:00,246.968,247.07,246.968,247.07,3
2008-12-23 17:00:00,247.019,247.019,246.968,247.019,3
2008-12-23 17:01:00,247.069,247.069,247.069,247.069,1
2008-12-23 17:02:00,246.968,247.019,246.917,246.968,4
2008-12-23 17:04:00,246.968,246.968,246.917,246.917,2
2008-12-23 17:05:00,246.917,246.917,246.917,246.917,1
2008-12-23 17:06:00,246.867,246.867,246.867,246.867,1
2008-12-23 17:07:00,246.917,246.917,246.917,246.917,1
2008-12-23 17:08:00,246.917,246.917,246.765,246.765,3
2008-12-23 17:11:00,246.967,246.967,246.967,246.967,1
2008-12-23 17:12:00,246.917,246.917,246.917,246.917,1
2008-12-23 17:13:00,246.815,246.815,246.815,246.815,1
2008-12-23 17:14:00,246.967,247.018,246.917,246.917,3
2008-12-24 07:00:00,245.681,246.39,245.175,245.277,7
2008-12-24 07:01:00,245.276,245.631,245.276,245.378,3
2008-12-24 07:02:00,245.175,245.378,245.175,245.378,2
2008-12-24 07:03:00,244.973,245.377,244.922,245.327,7
2008-12-24 07:05:00,244.973,245.074,244.973,245.074,2
2008-12-24 07:06:00,244.972,244.972,244.922,244.922,2
2008-12-24 07:09:00,244.922,244.972,244.871,244.871,4
2008-12-24 07:10:00,245.023,245.124,244.972,244.972,4
2008-12-24 07:13:00,245.225,245.225,245.225,245.225,1
2008-12-24 07:14:00,245.073,245.174,245.073,245.174,2
2008-12-24 07:18:00,245.123,245.123,245.123,245.123,1
2008-12-24 07:19:00,245.325,245.325,245.325,245.325,1
2008-12-24 07:20:00,245.528,245.528,245.376,245.376,2
2008-12-24 07:31:00,245.881,245.881,245.881,245.881,1
2008-12-24 07:32:00,246.033,246.033,246.033,246.033,1
2008-12-24 07:34:00,245.931,245.931,245.931,245.931,1
2008-12-24 07:38:00,245.88,245.88,245.88,245.88,1
2008-12-24 07:52:00,245.828,245.93,245.828,245.93,2
2008-12-24 07:53:00,245.879,245.879,245.879,245.879,1
2008-12-24 07:55:00,245.828,245.828,245.828,245.828,1
2008-12-24 07:56:00,245.879,245.879,245.879,245.879,1
2008-12-24 07:57:00,245.98,245.98,245.98,245.98,1
2008-12-24 07:58:00,245.676,245.777,245.676,245.777,2
2008-12-24 07:59:00,245.929,245.929,245.777,245.777,5
2008-12-24 08:00:00,245.575,246.03,245.372,245.777,26
2008-12-24 08:01:00,245.575,245.929,245.575,245.625,11
2008-12-24 08:02:00,245.322,245.676,245.322,245.524,16
2008-12-24 08:03:00,245.17,245.372,245.119,245.271,22
2008-12-24 08:04:00,245.119,245.372,244.967,245.22,21
2008-12-24 08:05:00,244.461,245.119,244.411,245.069,58
2008-12-24 08:06:00,245.321,245.321,244.613,244.613,23
2008-12-24 08:07:00,245.372,245.625,245.321,245.574,7
2008-12-24 08:08:00,245.625,245.777,245.321,245.321,11
2008-12-24 08:09:00,245.625,245.675,245.625,245.675,2
2008-12-24 08:10:00,245.827,245.827,245.574,245.574,7
2008-12-24 08:11:00,246.029,246.13,245.776,245.776,11
2008-12-24 08:12:00,245.979,246.08,245.928,246.08,8
2008-12-24 08:13:00,245.827,246.029,245.675,246.029,14
2008-12-24 08:14:00,245.827,245.877,245.725,245.877,11
2008-12-24 08:15:00,245.523,245.827,245.523,245.725,12
2008-12-24 08:16:00,245.27,245.523,245.27,245.472,11
2008-12-24 08:17:00,244.865,245.219,244.865,245.219,13
2008-12-24 08:18:00,244.865,244.966,244.511,244.814,31
2008-12-24 08:19:00,244.561,244.865,244.46,244.764,21
2008-12-24 08:20:00,244.308,244.612,244.157,244.511,37
2008-12-24 08:21:00,244.308,244.409,244.055,244.207,13
2008-12-24 08:22:00,244.612,244.612,244.409,244.409,9
2008-12-24 08:23:00,244.662,244.713,244.46,244.561,11
2008-12-24 08:24:00,244.662,244.713,244.662,244.713,2
2008-12-24 08:25:00,244.713,244.713,244.611,244.713,4
2008-12-24 08:26:00,244.611,244.611,244.561,244.611,3
2008-12-24 08:27:00,244.358,244.561,244.358,244.561,5
2008-12-24 08:28:00,244.206,244.409,244.206,244.308,5
2008-12-24 08:29:00,244.156,244.308,244.156,244.308,3
2008-12-24 08:30:00,244.156,244.206,244.156,244.206,2
2008-12-24 08:31:00,243.953,244.105,243.953,244.054,9
2008-12-24 08:32:00,243.7,243.903,243.65,243.903,22
2008-12-24 08:33:00,243.599,243.751,243.548,243.751,12
2008-12-24 08:34:00,243.801,243.953,243.548,243.548,9
2008-12-24 08:35:00,244.105,244.358,243.7,243.751,11
2008-12-24 08:36:00,243.801,243.852,243.649,243.852,15
2008-12-24 08:37:00,243.75,243.75,243.649,243.75,5
2008-12-24 08:38:00,243.801,243.801,243.7,243.7,3
2008-12-24 08:39:00,243.801,243.801,243.75,243.75,2
2008-12-24 08:40:00,243.851,243.902,243.851,243.851,3
2008-12-24 08:41:00,244.054,244.155,243.952,243.952,6
2008-12-24 08:42:00,244.104,244.205,243.952,244.155,10
2008-12-24 08:43:00,244.053,244.155,244.003,244.155,5
2008-12-24 08:44:00,244.053,244.053,244.003,244.003,2
2008-12-24 08:45:00,244.003,244.053,244.003,244.003,3
2008-12-24 08:48:00,244.104,244.104,244.053,244.053,4
2008-12-24 08:49:00,244.053,244.154,244.053,244.154,3
2008-12-24 08:50:00,244.306,244.306,244.103,244.103,5
2008-12-24 08:51:00,244.457,244.457,244.255,244.255,4
2008-12-24 08:52:00,244.508,244.559,244.508,244.508,3
2008-12-24 08:53:00,244.559,244.559,244.559,244.559,1
2008-12-24 08:55:00,244.609,244.66,244.609,244.66,2
2008-12-24 08:56:00,244.508,244.558,244.457,244.558,4
2008-12-24 08:57:00,244.558,244.558,244.508,244.558,3
2008-12-24 08:58:00,244.507,244.508,244.457,244.508,3
2008-12-24 08:59:00,244.609,244.609,244.558,244.558,2
2008-12-24 09:00:00,244.71,244.71,244.659,244.659,2
2008-12-24 09:01:00,244.659,244.861,244.659,244.811,4
2008-12-24 09:02:00,244.608,244.608,244.608,244.608,1
2008-12-24 09:03:00,244.659,244.709,244.659,244.659,3
2008-12-24 09:04:00,244.811,244.861,244.76,244.76,3
2008-12-24 09:05:00,244.861,244.861,244.76,244.76,2
2008-12-24 09:06:00,244.861,244.911,244.861,244.911,2
2008-12-24 09:07:00,244.709,244.911,244.709,244.911,4
2008-12-24 09:08:00,244.81,244.81,244.456,244.658,9
2008-12-24 09:09:00,244.759,244.962,244.759,244.861,3
2008-12-24 09:10:00,244.962,244.962,244.81,244.81,4
2008-12-24 09:11:00,244.81,244.861,244.81,244.861,2
2008-12-24 09:12:00,244.759,244.86,244.759,244.86,2
2008-12-24 09:13:00,244.81,244.81,244.709,244.709,2
2008-12-24 09:14:00,244.557,245.063,244.557,244.708,10
2008-12-24 09:15:00,244.607,244.708,244.557,244.607,5
2008-12-24 09:17:00,244.607,244.759,244.607,244.759,3
2008-12-24 09:18:00,244.657,244.657,244.556,244.556,3
2008-12-24 09:19:00,244.556,244.556,244.556,244.556,1
2008-12-24 09:20:00,244.506,244.506,244.506,244.506,1
2008-12-24 09:21:00,244.556,244.556,244.556,244.556,1
2008-12-24 09:24:00,244.505,244.505,244.505,244.505,1
2008-12-24 09:25:00,244.505,244.556,244.505,244.556,2
2008-12-24 09:26:00,244.556,244.556,244.556,244.556,1
2008-12-24 09:28:00,244.505,244.505,244.454,244.505,5
2008-12-24 09:29:00,244.606,244.606,244.555,244.555,2
2008-12-24 09:30:00,244.656,244.656,244.555,244.656,3
2008-12-24 09:31:00,244.808,244.808,244.555,244.555,7
2008-12-24 09:32:00,244.808,244.859,244.555,244.758,8
2008-12-24 09:33:00,244.757,244.757,244.707,244.707,2
2008-12-24 09:34:00,244.858,244.859,244.656,244.808,6
2008-12-24 09:36:00,244.656,244.656,244.656,244.656,1
2008-12-24 09:38:00,244.808,244.808,244.706,244.706,2
2008-12-24 09:43:00,244.554,244.807,244.554,244.757,5
2008-12-24 09:44:00,244.504,244.504,244.504,244.504,1
2008-12-24 09:45:00,244.554,244.554,244.554,244.554,1
2008-12-24 09:46:00,244.503,244.503,244.503,244.503,1
2008-12-24 09:47:00,244.554,244.554,244.554,244.554,1
2008-12-24 09:48:00,244.554,244.554,244.503,244.503,2
2008-12-24 09:49:00,244.604,244.604,244.604,244.604,1
2008-12-24 09:50:00,244.554,244.554,244.554,244.554,1
2008-12-24 09:51:00,244.503,244.554,244.503,244.503,3
2008-12-24 09:53:00,244.402,244.452,244.402,244.452,6
2008-12-24 09:54:00,244.3,244.351,244.3,244.351,4
2008-12-24 09:55:00,244.098,244.199,243.997,244.199,11
2008-12-24 09:56:00,244.047,244.047,243.997,244.047,3
2008-12-24 09:57:00,243.895,243.997,243.693,243.997,13
2008-12-24 09:58:00,243.895,243.996,243.794,243.845,6
2008-12-24 09:59:00,243.693,243.845,243.693,243.845,4
2008-12-24 10:00:00,243.844,243.844,243.642,243.642,5
2008-12-24 10:01:00,243.642,243.743,243.642,243.743,2
2008-12-24 10:02:00,243.743,243.743,243.743,243.743,1
2008-12-24 10:03:00,243.743,244.097,243.692,243.794,13
2008-12-24 10:04:00,243.844,243.844,243.692,243.692,3
2008-12-24 10:05:00,243.793,243.793,243.793,243.793,1
2008-12-24 10:06:00,243.895,243.895,243.844,243.844,2
2008-12-24 10:09:00,244.097,244.097,244.097,244.097,1
2008-12-24 10:10:00,243.995,243.995,243.995,243.995,1
2008-12-24 10:11:00,244.248,244.248,244.046,244.046,2
2008-12-24 10:13:00,244.299,244.299,244.299,244.299,1
2008-12-24 10:14:00,244.248,244.248,244.248,244.248,1
2008-12-24 10:16:00,244.197,244.197,244.197,244.197,1
2008-12-24 10:17:00,244.147,244.197,243.894,244.147,5
2008-12-24 10:19:00,244.096,244.096,244.096,244.096,1
2008-12-24 10:26:00,244.045,244.045,244.045,244.045,1
2008-12-24 10:27:00,243.994,243.994,243.994,243.994,1
2008-12-24 10:28:00,243.994,243.994,243.943,243.943,2
2008-12-24 10:30:00,243.892,243.892,243.892,243.892,1
2008-12-24 10:31:00,243.994,243.994,243.994,243.994,1
2008-12-24 10:35:00,244.094,244.094,244.094,244.094,1
2008-12-24 10:36:00,244.195,244.246,243.993,244.145,7
2008-12-24 10:37:00,244.094,244.246,244.094,244.246,2
2008-12-24 10:38:00,244.145,244.145,244.145,244.145,1
2008-12-24 10:39:00,244.246,244.246,244.195,244.195,2
2008-12-24 10:40:00,244.347,244.347,244.195,244.296,7
2008-12-24 10:41:00,244.448,244.499,244.347,244.397,7
2008-12-24 10:42:00,244.549,244.6,244.094,244.397,14
2008-12-24 10:43:00,244.296,244.296,244.245,244.296,5
2008-12-24 10:44:00,244.195,244.347,244.195,244.347,3
2008-12-24 10:46:00,244.346,244.498,244.245,244.245,6
2008-12-24 10:47:00,244.447,244.447,244.447,244.447,1
2008-12-24 10:48:00,244.447,244.447,244.397,244.397,2
2008-12-24 10:51:00,244.447,244.498,244.447,244.498,2
2008-12-24 10:53:00,244.447,244.447,244.396,244.396,2
2008-12-24 10:55:00,244.548,244.548,244.548,244.548,1
2008-12-24 10:56:00,244.649,244.649,244.396,244.599,3
2008-12-24 10:57:00,244.7,244.7,244.497,244.497,5
2008-12-24 10:58:00,244.649,244.75,244.649,244.75,2
2008-12-24 10:59:00,244.801,244.801,244.699,244.699,3
2008-12-24 11:00:00,244.649,244.649,244.497,244.497,3
2008-12-24 11:01:00,244.75,244.902,244.649,244.75,11
2008-12-24 11:02:00,244.851,244.902,244.8,244.8,4
2008-12-24 11:03:00,244.952,245.154,244.8,244.8,12
2008-12-24 11:04:00,244.699,244.851,244.699,244.851,2
2008-12-24 11:06:00,244.749,244.851,244.749,244.851,3
2008-12-24 11:08:00,244.749,244.749,244.598,244.598,2
2008-12-24 11:10:00,244.749,244.8,244.749,244.8,2
2008-12-24 11:11:00,244.648,244.648,244.648,244.648,1
2008-12-24 11:13:00,244.648,244.698,244.597,244.597,3
2008-12-24 11:14:00,244.698,244.698,244.648,244.698,3
2008-12-24 11:15:00,244.799,244.799,244.749,244.749,2
2008-12-24 11:16:00,244.85,244.85,244.85,244.85,1
2008-12-24 11:17:00,244.951,244.951,244.698,244.9,5
2008-12-24 11:18:00,245.153,245.153,245.001,245.001,6
2008-12-24 11:19:00,245.254,245.305,245.052,245.052,7
2008-12-24 11:20:00,245.052,245.052,245.052,245.052,1
2008-12-24 11:21:00,245.001,245.001,244.95,245.001,3
2008-12-24 11:24:00,244.95,244.95,244.95,244.95,1
2008-12-24 11:25:00,244.798,244.9,244.798,244.9,2
2008-12-24 11:26:00,244.748,244.748,244.748,244.748,1
2008-12-24 11:29:00,245.102,245.102,244.697,244.697,6
2008-12-24 11:30:00,244.849,244.849,244.849,244.849,1
2008-12-24 11:32:00,244.949,245.0,244.899,244.899,7
2008-12-24 11:33:00,245.253,245.253,244.899,244.899,7
2008-12-24 11:35:00,244.949,244.949,244.949,244.949,1
2008-12-24 11:36:00,244.899,245.0,244.899,245.0,3
2008-12-24 11:37:00,244.949,244.949,244.949,244.949,1
2008-12-24 11:38:00,245.05,245.151,245.05,245.05,4
2008-12-24 11:39:00,244.848,244.848,244.848,244.848,1
2008-12-24 11:43:00,244.999,244.999,244.949,244.949,2
2008-12-24 11:44:00,245.05,245.05,245.05,245.05,1
2008-12-24 11:45:00,245.151,245.151,245.1,245.1,2
2008-12-24 11:46:00,245.252,245.252,244.948,244.948,7
2008-12-24 11:47:00,245.201,245.252,245.201,245.201,3
2008-12-24 11:48:00,245.15,245.353,245.15,245.252,4
2008-12-24 11:49:00,245.049,245.302,245.049,245.252,7
2008-12-24 11:50:00,245.454,245.454,245.302,245.302,4
2008-12-24 11:53:00,245.251,245.251,245.251,245.251,1
2008-12-24 11:56:00,245.049,245.2,245.049,245.2,3
2008-12-24 11:57:00,245.15,245.15,245.099,245.099,2
2008-12-24 11:58:00,245.099,245.099,245.099,245.099,1
2008-12-24 11:59:00,245.15,245.2,245.099,245.15,5
2008-12-24 12:00:00,245.2,245.2,245.099,245.2,7
2008-12-24 12:01:00,245.402,245.402,245.149,245.251,5
2008-12-24 12:02:00,245.503,245.503,245.352,245.352,8
2008-12-24 12:03:00,245.352,245.655,245.352,245.554,10
2008-12-24 12:04:00,245.351,245.503,245.301,245.503,5
2008-12-24 12:05:00,245.301,245.301,245.301,245.301,1
2008-12-24 12:06:00,245.402,245.402,245.402,245.402,1
2008-12-24 12:07:00,245.301,245.301,245.301,245.301,1
2008-12-24 12:09:00,245.25,245.25,245.25,245.25,1
2008-12-24 12:10:00,245.503,245.503,245.199,245.199,3
2008-12-24 12:12:00,245.452,245.452,245.401,245.401,2
2008-12-24 12:13:00,245.401,245.401,245.401,245.401,1
2008-12-24 12:14:00,245.351,245.351,245.351,245.351,1
2008-12-24 12:15:00,245.401,245.401,245.401,245.401,1
2008-12-24 12:16:00,245.401,245.452,245.249,245.452,6
2008-12-24 12:17:00,245.452,245.452,245.35,245.35,3
2008-12-24 12:18:00,245.451,245.451,245.401,245.401,2
2008-12-24 12:19:00,245.401,245.502,245.401,245.502,4
2008-12-24 12:20:00,245.401,245.401,245.198,245.198,3
2008-12-24 12:21:00,245.198,245.198,245.198,245.198,1
2008-12-24 12:22:00,245.451,245.451,245.299,245.299,4
2008-12-24 12:23:00,245.35,245.603,245.35,245.603,2
2008-12-24 12:24:00,245.249,245.249,245.249,245.249,1
2008-12-24 12:25:00,245.147,245.249,245.147,245.198,5
2008-12-24 12:27:00,245.097,245.097,245.097,245.097,1
2008-12-24 12:28:00,245.198,245.198,245.198,245.198,1
2008-12-24 12:29:00,245.248,245.248,245.248,245.248,1
2008-12-24 12:30:00,245.197,245.248,245.197,245.198,3
2008-12-24 12:31:00,244.995,245.096,244.995,245.096,3
2008-12-24 12:32:00,245.046,245.046,245.046,245.046,1
2008-12-24 12:33:00,244.995,244.995,244.995,244.995,1
2008-12-24 12:34:00,244.944,244.995,244.944,244.944,3
2008-12-24 12:35:00,244.894,244.995,244.843,244.995,4
2008-12-24 12:36:00,245.045,245.045,244.944,244.944,3
2008-12-24 12:37:00,244.995,244.995,244.944,244.995,3
2008-12-24 12:39:00,245.197,245.197,244.741,244.843,8
2008-12-24 12:40:00,245.095,245.348,245.095,245.348,2
2008-12-24 12:41:00,245.247,245.399,245.146,245.146,6
2008-12-24 12:42:00,245.045,245.196,245.045,245.196,2
2008-12-24 12:43:00,245.095,245.095,245.095,245.095,1
2008-12-24 12:44:00,245.146,245.146,245.045,245.045,2
2008-12-24 12:47:00,245.044,245.044,245.044,245.044,1
2008-12-24 12:49:00,244.892,244.994,244.842,244.994,4
2008-12-24 12:50:00,244.842,244.842,244.842,244.842,1
2008-12-24 12:51:00,244.842,244.943,244.791,244.943,3
2008-12-24 12:52:00,244.993,244.993,244.842,244.943,6
2008-12-24 12:53:00,244.993,245.044,244.993,245.044,2
2008-12-24 12:54:00,245.094,245.145,245.094,245.094,3
2008-12-24 12:55:00,245.195,245.246,244.942,245.044,9
2008-12-24 12:56:00,245.043,245.145,245.043,245.145,3
2008-12-24 12:57:00,244.942,244.942,244.892,244.942,3
2008-12-24 12:58:00,244.841,244.841,244.588,244.74,10
2008-12-24 12:59:00,244.133,245.144,244.133,244.892,12
2008-12-29 07:00:00,245.263,245.263,245.01,245.162,4
2008-12-29 07:01:00,245.414,245.465,245.414,245.465,2
2008-12-29 07:02:00,245.414,245.666,245.061,245.263,6
2008-12-29 07:03:00,245.666,245.666,245.666,245.666,1
2008-12-29 07:04:00,246.221,246.221,245.717,245.717,7
2008-12-29 07:05:00,246.272,246.272,246.019,246.07,6
2008-12-29 07:07:00,246.271,246.271,246.221,246.221,2
2008-12-29 07:08:00,246.221,246.221,246.221,246.221,1
2008-12-29 07:12:00,245.11,245.766,245.11,245.766,10
2008-12-29 07:16:00,245.514,245.514,245.514,245.514,1
2008-12-29 07:19:00,244.958,245.211,244.958,245.211,2
2008-12-29 07:24:00,245.16,245.16,245.16,245.16,1
2008-12-29 07:27:00,245.16,245.261,245.16,245.21,3
2008-12-29 07:32:00,245.411,245.411,245.411,245.411,1
2008-12-29 07:35:00,245.663,245.663,245.613,245.613,2
2008-12-29 07:36:00,245.563,245.563,245.563,245.563,1
2008-12-29 07:43:00,245.057,245.158,245.057,245.158,3
2008-12-29 07:45:00,245.259,245.259,245.259,245.259,1
2008-12-29 07:52:00,245.309,245.309,245.309,245.309,1
2008-12-29 07:53:00,245.41,245.41,245.41,245.41,1
2008-12-29 07:54:00,245.46,245.511,245.41,245.511,3
2008-12-29 07:55:00,245.46,245.46,245.409,245.409,2
2008-12-29 07:56:00,245.561,245.561,245.409,245.409,3
2008-12-29 07:57:00,245.712,245.712,245.712,245.712,1
2008-12-29 07:58:00,245.51,245.561,245.51,245.561,2
2008-12-29 07:59:00,245.258,245.409,245.258,245.409,3
2008-12-29 08:00:00,245.258,245.863,245.106,245.359,29
2008-12-29 08:01:00,244.955,245.207,244.955,245.207,19
2008-12-29 08:02:00,244.904,244.955,244.652,244.904,21
2008-12-29 08:03:00,244.753,245.056,244.702,244.955,16
2008-12-29 08:04:00,245.055,245.055,244.753,244.803,11
2008-12-29 08:05:00,245.005,245.106,244.904,245.106,11
2008-12-29 08:06:00,245.005,245.055,244.904,245.055,11
2008-12-29 08:07:00,245.307,245.459,245.005,245.055,16
2008-12-29 08:08:00,245.509,245.509,245.307,245.408,13
2008-12-29 08:09:00,245.812,245.913,245.307,245.56,20
2008-12-29 08:10:00,245.862,245.963,245.711,245.761,27
2008-12-29 08:11:00,245.761,246.014,245.761,246.014,19
2008-12-29 08:12:00,245.862,245.862,245.559,245.711,7
2008-12-29 08:13:00,245.963,246.013,245.761,245.812,11
2008-12-29 08:14:00,245.761,245.963,245.711,245.913,12
2008-12-29 08:15:00,246.064,246.165,245.811,245.811,10
2008-12-29 08:16:00,245.963,246.165,245.963,246.165,19
2008-12-29 08:17:00,246.467,246.518,245.963,246.013,26
2008-12-29 08:18:00,246.619,246.77,246.518,246.518,16
2008-12-29 08:19:00,246.568,246.72,246.568,246.669,4
2008-12-29 08:20:00,246.568,246.669,246.568,246.619,5
2008-12-29 08:21:00,246.417,246.618,246.417,246.618,9
2008-12-29 08:22:00,246.467,246.517,246.467,246.517,2
2008-12-29 08:23:00,246.568,246.618,246.517,246.568,5
2008-12-29 08:24:00,246.517,246.669,246.517,246.618,6
2008-12-29 08:25:00,246.568,246.568,246.467,246.467,2
2008-12-29 08:26:00,246.416,246.467,246.366,246.416,7
2008-12-29 08:27:00,246.466,246.517,246.366,246.366,10
2008-12-29 08:28:00,246.567,246.567,246.365,246.365,5
2008-12-29 08:29:00,246.416,246.517,246.365,246.466,9
2008-12-29 08:30:00,246.517,246.517,246.264,246.466,11
2008-12-29 08:31:00,246.517,246.517,246.466,246.466,2
2008-12-29 08:32:00,246.466,246.567,246.466,246.567,3
2008-12-29 08:33:00,246.365,246.516,246.365,246.416,10
2008-12-29 08:34:00,246.415,246.516,246.314,246.415,8
2008-12-29 08:35:00,246.415,246.516,246.415,246.516,2
2008-12-29 08:36:00,246.718,246.718,246.466,246.466,16
2008-12-29 08:37:00,246.97,246.97,246.768,246.768,11
2008-12-29 08:38:00,246.97,246.97,246.869,246.869,5
2008-12-29 08:39:00,246.97,246.97,246.92,246.92,2
2008-12-29 08:40:00,247.071,247.071,246.92,246.92,12
2008-12-29 08:41:00,246.919,247.172,246.919,247.121,12
2008-12-29 08:42:00,247.121,247.172,246.97,246.97,6
2008-12-29 08:43:00,247.172,247.272,247.02,247.172,16
2008-12-29 08:44:00,247.171,247.222,247.121,247.222,9
2008-12-29 08:45:00,247.323,247.323,247.222,247.222,7
2008-12-29 08:46:00,247.373,247.474,247.272,247.272,11
2008-12-29 08:47:00,247.222,247.272,247.121,247.272,4
2008-12-29 08:48:00,247.373,247.423,247.323,247.323,4
2008-12-29 08:49:00,247.423,247.423,247.272,247.322,7
2008-12-29 08:50:00,247.423,247.474,247.373,247.373,6
2008-12-29 08:51:00,247.423,247.676,247.322,247.524,14
2008-12-29 08:52:00,247.474,247.474,247.373,247.373,9
2008-12-29 08:53:00,247.524,247.574,247.373,247.423,19
2008-12-29 08:54:00,247.574,247.675,247.473,247.473,6
2008-12-29 08:55:00,247.625,247.625,247.473,247.524,4
2008-12-29 08:56:00,247.574,247.574,247.473,247.574,8
2008-12-29 08:57:00,247.372,247.625,247.372,247.625,8
2008-12-29 08:58:00,247.473,247.524,247.322,247.322,3
2008-12-29 08:59:00,247.574,247.624,247.523,247.523,4
2008-12-29 09:00:00,247.523,247.624,247.523,247.624,5
2008-12-29 09:01:00,247.624,247.624,247.523,247.574,4
2008-12-29 09:02:00,247.523,247.574,247.422,247.574,5
2008-12-29 09:03:00,247.624,247.674,247.473,247.473,8
2008-12-29 09:04:00,247.523,247.624,247.523,247.573,4
2008-12-29 09:05:00,247.271,247.472,247.271,247.472,9
2008-12-29 09:06:00,247.472,247.472,247.321,247.371,10
2008-12-29 09:07:00,247.27,247.371,247.27,247.371,3
2008-12-29 09:08:00,246.968,247.321,246.968,247.22,11
2008-12-29 09:09:00,246.967,247.119,246.867,247.018,12
2008-12-29 09:10:00,246.614,246.917,246.614,246.917,11
2008-12-29 09:11:00,246.664,246.765,246.564,246.715,12
2008-12-29 09:12:00,246.614,246.664,246.513,246.614,10
2008-12-29 09:13:00,246.462,246.563,246.412,246.513,8
2008-12-29 09:14:00,246.563,246.614,246.412,246.412,7
2008-12-29 09:15:00,246.513,246.664,246.462,246.664,8
2008-12-29 09:16:00,246.513,246.563,246.513,246.563,2
2008-12-29 09:17:00,246.714,246.815,246.563,246.563,14
2008-12-29 09:18:00,247.017,247.068,246.765,246.765,17
2008-12-29 09:19:00,246.967,247.168,246.967,247.118,16
2008-12-29 09:20:00,247.017,247.017,246.967,247.017,3
2008-12-29 09:21:00,246.916,247.017,246.916,246.966,3
2008-12-29 09:22:00,246.815,246.916,246.714,246.865,11
2008-12-29 09:23:00,246.714,246.815,246.714,246.764,4
2008-12-29 09:24:00,246.663,246.714,246.613,246.663,5
2008-12-29 09:25:00,246.764,246.764,246.613,246.613,3
2008-12-29 09:26:00,246.865,246.966,246.815,246.815,6
2008-12-29 09:27:00,246.714,246.764,246.714,246.764,2
2008-12-29 09:28:00,246.713,246.764,246.713,246.764,4
2008-12-29 09:29:00,246.562,246.865,246.562,246.764,19
2008-12-29 09:30:00,246.461,246.562,246.36,246.512,7
2008-12-29 09:31:00,246.41,246.41,246.41,246.41,1
2008-12-29 09:32:00,246.461,246.562,246.36,246.36,10
2008-12-29 09:33:00,246.259,246.461,246.259,246.41,11
2008-12-29 09:34:00,246.309,246.36,246.208,246.309,8
2008-12-29 09:35:00,246.057,246.309,246.006,246.259,20
2008-12-29 09:36:00,245.905,246.158,245.905,246.006,22
2008-12-29 09:37:00,245.855,246.057,245.804,245.956,16
2008-12-29 09:38:00,245.804,245.956,245.804,245.804,20
2008-12-29 09:39:00,245.754,245.754,245.552,245.754,17
2008-12-29 09:40:00,245.754,245.956,245.754,245.804,10
2008-12-29 09:41:00,245.804,245.804,245.703,245.804,7
2008-12-29 09:42:00,245.854,245.854,245.854,245.854,1
2008-12-29 09:43:00,246.056,246.056,245.804,245.804,8
2008-12-29 09:44:00,246.107,246.107,246.107,246.107,1
2008-12-29 09:45:00,246.207,246.308,246.107,246.157,15
2008-12-29 09:46:00,246.207,246.207,246.157,246.157,2
2008-12-29 09:47:00,246.308,246.308,246.157,246.157,4
2008-12-29 09:48:00,246.308,246.409,246.258,246.258,7
2008-12-29 09:49:00,246.308,246.358,246.308,246.358,2
2008-12-29 09:50:00,246.308,246.358,246.257,246.257,3
2008-12-29 09:51:00,246.207,246.358,246.207,246.358,4
2008-12-29 09:52:00,246.156,246.257,246.156,246.257,3
2008-12-29 09:53:00,246.055,246.207,246.055,246.207,4
2008-12-29 09:54:00,246.005,246.005,246.005,246.005,1
2008-12-29 09:55:00,246.055,246.106,246.055,246.055,3
2008-12-29 09:56:00,245.904,245.954,245.904,245.954,2
2008-12-29 09:57:00,245.853,245.904,245.853,245.853,3
2008-12-29 09:58:00,245.752,245.803,245.752,245.803,2
2008-12-29 09:59:00,245.5,245.702,245.449,245.702,10
2008-12-29 10:00:00,245.601,245.601,245.449,245.449,6
2008-12-29 10:01:00,245.55,245.651,245.55,245.651,6
2008-12-29 10:02:00,245.651,245.651,245.6,245.6,2
2008-12-29 10:03:00,245.651,245.651,245.55,245.6,5
2008-12-29 10:04:00,245.701,245.701,245.55,245.55,5
2008-12-29 10:05:00,245.55,245.651,245.55,245.651,3
2008-12-29 10:06:00,245.65,245.701,245.6,245.651,7
2008-12-29 10:07:00,245.751,245.751,245.701,245.701,2
2008-12-29 10:08:00,245.65,245.802,245.65,245.802,4
2008-12-29 10:10:00,245.6,245.6,245.6,245.6,1
2008-12-29 10:11:00,245.7,245.701,245.65,245.65,4
2008-12-29 10:12:00,245.852,245.852,245.7,245.751,5
2008-12-29 10:13:00,245.751,245.902,245.751,245.902,4
2008-12-29 10:14:00,245.7,245.801,245.7,245.801,5
2008-12-29 10:15:00,245.7,245.7,245.65,245.65,2
2008-12-29 10:16:00,245.751,245.751,245.7,245.751,3
2008-12-29 10:17:00,245.65,245.65,245.65,245.65,1
2008-12-29 10:18:00,245.7,245.7,245.7,245.7,1
2008-12-29 10:19:00,246.053,246.104,245.75,245.75,10
2008-12-29 10:20:00,246.053,246.053,245.902,246.003,19
2008-12-29 10:21:00,246.053,246.053,245.902,246.002,4
2008-12-29 10:22:00,246.053,246.103,245.952,246.103,7
2008-12-29 10:23:00,246.002,246.154,246.002,246.103,5
2008-12-29 10:24:00,245.851,246.154,245.851,245.952,11
2008-12-29 10:25:00,245.851,246.053,245.851,245.901,5
2008-12-29 10:26:00,245.851,245.901,245.851,245.901,2
2008-12-29 10:28:00,246.002,246.002,245.951,246.002,5
2008-12-29 10:29:00,245.85,245.85,245.85,245.85,1
2008-12-29 10:30:00,245.901,245.901,245.901,245.901,1
2008-12-29 10:31:00,245.951,245.951,245.951,245.951,1
2008-12-29 10:32:00,245.951,245.951,245.901,245.901,2
2008-12-29 10:33:00,246.052,246.102,245.901,245.901,4
2008-12-29 10:34:00,246.001,246.102,246.001,246.102,3
2008-12-29 10:35:00,245.951,246.052,245.951,246.052,3
2008-12-29 10:36:00,245.85,245.85,245.85,245.85,1
2008-12-29 10:37:00,245.9,245.9,245.9,245.9,1
2008-12-29 10:38:00,245.85,245.85,245.799,245.85,3
2008-12-29 10:39:00,245.749,245.799,245.749,245.799,2
2008-12-29 10:40:00,245.799,245.799,245.799,245.799,1
2008-12-29 10:41:00,245.748,245.799,245.748,245.748,3
2008-12-29 10:42:00,245.647,245.698,245.597,245.698,8
2008-12-29 10:43:00,245.95,245.95,245.647,245.698,8
2008-12-29 10:44:00,245.849,245.9,245.849,245.9,4
2008-12-29 10:45:00,245.799,245.799,245.799,245.799,1
2008-12-29 10:46:00,245.95,246.0,245.798,245.849,9
2008-12-29 10:47:00,245.798,246.051,245.798,246.051,5
2008-12-29 10:48:00,245.95,245.95,245.899,245.899,2
2008-12-29 10:49:00,245.95,245.95,245.899,245.899,2
2008-12-29 10:50:00,245.849,245.849,245.849,245.849,1
2008-12-29 10:51:00,245.899,245.899,245.899,245.899,1
2008-12-29 10:52:00,246.0,246.0,245.949,245.949,2
2008-12-29 10:53:00,245.949,245.949,245.949,245.949,1
2008-12-29 10:54:00,245.899,245.899,245.848,245.899,3
2008-12-29 10:55:00,245.848,245.848,245.798,245.798,2
2008-12-29 10:56:00,245.747,245.798,245.697,245.798,8
2008-12-29 10:57:00,245.646,245.747,245.646,245.697,4
2008-12-29 10:59:00,245.747,245.747,245.495,245.596,7
2008-12-29 11:00:00,245.646,245.797,245.646,245.797,4
2008-12-29 11:01:00,245.848,245.848,245.696,245.696,4
2008-12-29 11:02:00,245.646,245.747,245.595,245.747,5
2008-12-29 11:03:00,245.696,245.696,245.696,245.696,1
2008-12-29 11:04:00,245.645,245.646,245.595,245.646,3
2008-12-29 11:05:00,245.645,245.746,245.645,245.746,8
2008-12-29 11:06:00,245.746,245.746,245.746,245.746,1
2008-12-29 11:07:00,245.696,245.696,245.645,245.645,2
2008-12-29 11:08:00,245.696,245.797,245.696,245.746,3
2008-12-29 11:09:00,245.695,245.746,245.645,245.645,3
2008-12-29 11:10:00,245.594,245.594,245.594,245.594,1
2008-12-29 11:11:00,245.695,245.695,245.645,245.645,2
2008-12-29 11:12:00,245.746,245.746,245.746,245.746,1
2008-12-29 11:13:00,245.847,245.847,245.796,245.796,2
2008-12-29 11:15:00,245.745,245.745,245.745,245.745,1
2008-12-29 11:16:00,245.695,245.695,245.644,245.695,3
2008-12-29 11:17:00,245.745,245.796,245.745,245.745,3
2008-12-29 11:19:00,245.695,245.745,245.493,245.695,11
2008-12-29 11:20:00,245.745,245.745,245.745,245.745,1
2008-12-29 11:21:00,245.846,245.846,245.846,245.846,1
2008-12-29 11:22:00,245.947,245.947,245.795,245.795,4
2008-12-29 11:23:00,245.896,245.896,245.896,245.896,1
2008-12-29 11:24:00,245.896,245.947,245.896,245.947,2
2008-12-29 11:25:00,245.745,245.846,245.745,245.846,5
2008-12-29 11:26:00,245.694,245.694,245.694,245.694,1
2008-12-29 11:27:00,245.744,245.744,245.744,245.744,1
2008-12-29 11:28:00,245.593,245.795,245.542,245.795,10
2008-12-29 11:29:00,245.492,245.694,245.492,245.643,7
2008-12-29 11:30:00,245.593,245.593,245.593,245.593,1
2008-12-29 11:31:00,245.542,245.643,245.542,245.643,5
2008-12-29 11:32:00,245.542,245.593,245.542,245.593,2
2008-12-29 11:34:00,245.592,245.643,245.492,245.492,5
2008-12-29 11:35:00,245.542,245.542,245.542,245.542,1
2008-12-29 11:36:00,245.542,245.592,245.542,245.592,2
2008-12-29 11:39:00,245.592,245.592,245.592,245.592,1
2008-12-29 11:40:00,245.642,245.743,245.642,245.642,4
2008-12-29 11:41:00,245.592,245.693,245.592,245.693,3
2008-12-29 11:42:00,245.642,245.642,245.642,245.642,1
2008-12-29 11:44:00,245.592,245.592,245.592,245.592,1
2008-12-29 11:45:00,245.692,245.692,245.642,245.642,2
2008-12-29 11:47:00,245.591,245.591,245.591,245.591,1
2008-12-29 11:48:00,245.642,245.692,245.642,245.692,2
2008-12-29 11:49:00,245.692,245.692,245.692,245.692,1
2008-12-29 11:50:00,245.642,245.642,245.642,245.642,1
2008-12-29 11:51:00,245.641,245.692,245.641,245.692,2
2008-12-29 11:52:00,245.641,245.742,245.641,245.692,4
2008-12-29 11:54:00,245.692,245.692,245.692,245.692,1
2008-12-29 11:55:00,245.641,245.641,245.641,245.641,1
2008-12-29 11:58:00,245.691,245.691,245.691,245.691,1
2008-12-29 11:59:00,245.641,245.641,245.641,245.641,1
2008-12-29 12:00:00,245.742,245.842,245.742,245.742,5
2008-12-29 12:01:00,245.893,245.893,245.792,245.792,3
2008-12-29 12:02:00,245.893,245.893,245.842,245.842,2
2008-12-29 12:03:00,245.792,245.943,245.792,245.943,3
2008-12-29 12:04:00,245.893,245.893,245.893,245.893,1
2008-12-29 12:07:00,245.993,245.993,245.993,245.993,1
2008-12-29 12:08:00,245.892,245.892,245.892,245.892,1
2008-12-29 12:10:00,245.993,245.993,245.943,245.943,2
2008-12-29 12:12:00,245.942,245.942,245.942,245.942,1
2008-12-29 12:18:00,245.942,245.942,245.891,245.891,4
2008-12-29 12:19:00,245.942,245.942,245.891,245.891,2
2008-12-29 12:20:00,245.841,245.942,245.79,245.841,6
2008-12-29 12:22:00,245.891,245.891,245.891,245.891,1
2008-12-29 12:24:00,245.84,245.891,245.84,245.84,3
2008-12-29 12:26:00,245.79,245.79,245.739,245.79,3
2008-12-29 12:28:00,245.84,245.84,245.84,245.84,1
2008-12-29 12:30:00,245.89,245.941,245.89,245.89,3
2008-12-29 12:31:00,245.89,245.941,245.89,245.941,2
2008-12-29 12:32:00,245.941,245.941,245.89,245.941,3
2008-12-29 12:33:00,245.789,245.991,245.739,245.991,7
2008-12-29 12:34:00,245.739,245.739,245.739,245.739,1
2008-12-29 12:35:00,245.688,245.739,245.638,245.688,5
2008-12-29 12:36:00,245.738,245.738,245.738,245.738,1
2008-12-29 12:37:00,245.688,245.738,245.688,245.688,3
2008-12-29 12:38:00,245.688,245.688,245.637,245.637,2
2008-12-29 12:39:00,245.486,245.637,245.385,245.637,7
2008-12-29 12:40:00,245.234,245.536,245.234,245.435,9
2008-12-29 12:41:00,245.486,245.486,245.284,245.385,8
2008-12-29 12:42:00,245.435,245.435,245.334,245.385,4
2008-12-29 12:43:00,245.284,245.486,245.284,245.385,7
2008-12-29 12:44:00,245.334,245.385,245.284,245.334,5
2008-12-29 12:46:00,245.334,245.435,245.334,245.435,2
2008-12-29 12:50:00,245.384,245.384,245.384,245.384,1
2008-12-29 12:52:00,245.233,245.283,245.182,245.283,4
2008-12-29 12:53:00,245.283,245.333,245.283,245.333,2
2008-12-29 12:55:00,245.333,245.333,245.333,245.333,1
2008-12-29 12:56:00,245.384,245.384,245.384,245.384,1
2008-12-29 12:57:00,245.282,245.333,245.282,245.333,2
2008-12-29 12:58:00,245.333,245.333,245.232,245.232,2
2008-12-29 13:00:00,245.333,245.333,245.232,245.282,4
2008-12-29 13:02:00,245.181,245.282,245.181,245.282,3
2008-12-29 13:03:00,245.131,245.181,245.08,245.131,4
2008-12-29 13:04:00,245.08,245.08,245.08,245.08,1
2008-12-29 13:05:00,245.13,245.181,245.13,245.181,4
2008-12-29 13:06:00,245.029,245.08,245.029,245.08,2
2008-12-29 13:07:00,244.878,245.08,244.777,245.08,9
2008-12-29 13:08:00,244.878,244.878,244.827,244.827,2
2008-12-29 13:09:00,244.777,244.928,244.777,244.928,3
2008-12-29 13:10:00,244.928,244.928,244.827,244.827,3
2008-12-29 13:11:00,244.928,244.928,244.878,244.878,2
2008-12-29 13:12:00,244.928,244.928,244.878,244.878,4
2008-12-29 13:13:00,244.978,245.029,244.928,244.978,5
2008-12-29 13:14:00,244.877,244.928,244.877,244.928,2
2008-12-29 13:15:00,244.726,244.827,244.726,244.827,12
2008-12-29 13:16:00,244.625,244.726,244.474,244.675,20
2008-12-29 13:17:00,244.625,244.726,244.625,244.675,4
2008-12-29 13:18:00,244.625,244.625,244.524,244.524,5
2008-12-29 13:20:00,244.625,244.625,244.574,244.574,4
2008-12-29 13:22:00,244.725,244.725,244.675,244.675,2
2008-12-29 13:23:00,244.675,244.675,244.624,244.675,3
2008-12-29 13:24:00,244.725,244.725,244.725,244.725,1
2008-12-29 13:25:00,244.876,244.876,244.776,244.776,3
2008-12-29 13:26:00,245.129,245.129,244.927,244.927,8
2008-12-29 13:27:00,245.179,245.179,245.179,245.179,1
2008-12-29 13:29:00,245.128,245.128,245.128,245.128,1
2008-12-29 13:30:00,245.027,245.078,245.027,245.078,2
2008-12-29 13:32:00,245.128,245.128,245.078,245.078,2
2008-12-29 13:35:00,245.279,245.33,245.178,245.178,4
2008-12-29 13:37:00,245.279,245.279,245.229,245.229,2
2008-12-29 13:39:00,245.178,245.228,245.178,245.228,2
2008-12-29 13:40:00,245.329,245.329,245.228,245.228,3
2008-12-29 13:41:00,245.228,245.279,245.228,245.279,2
2008-12-29 13:42:00,245.279,245.329,245.279,245.279,3
2008-12-29 13:45:00,245.329,245.329,245.329,245.329,1
2008-12-29 13:46:00,245.228,245.278,245.026,245.278,10
2008-12-29 13:47:00,245.177,245.177,245.076,245.127,4
2008-12-29 13:48:00,245.228,245.228,245.228,245.228,1
2008-12-29 13:51:00,245.328,245.328,245.278,245.278,2
2008-12-29 13:53:00,245.429,245.429,245.379,245.379,2
2008-12-29 13:55:00,245.479,245.479,245.379,245.379,3
2008-12-29 13:56:00,245.53,245.53,245.328,245.328,4
2008-12-29 13:57:00,245.328,245.53,245.328,245.479,7
2008-12-29 13:58:00,245.227,245.328,245.227,245.277,5
2008-12-29 14:00:00,245.227,245.277,245.227,245.277,2
2008-12-29 14:03:00,245.479,245.479,245.226,245.277,7
2008-12-29 14:04:00,245.479,245.479,245.428,245.428,2
2008-12-29 14:05:00,245.529,245.529,245.529,245.529,1
2008-12-29 14:06:00,245.478,245.478,245.478,245.478,1
2008-12-29 14:07:00,245.478,245.478,245.428,245.428,2
2008-12-29 14:10:00,245.276,245.377,245.175,245.377,6
2008-12-29 14:12:00,245.175,245.175,245.175,245.175,1
2008-12-29 14:14:00,245.225,245.225,245.225,245.225,1
2008-12-29 14:15:00,245.225,245.225,245.175,245.175,2
2008-12-29 14:16:00,245.276,245.276,245.276,245.276,1
2008-12-29 14:17:00,245.326,245.326,245.276,245.326,3
2008-12-29 14:18:00,245.276,245.326,245.225,245.276,4
2008-12-29 14:19:00,245.175,245.175,245.175,245.175,1
2008-12-29 14:20:00,245.275,245.275,245.225,245.225,4
2008-12-29 14:21:00,245.326,245.477,245.326,245.326,10
2008-12-29 14:22:00,245.275,245.275,245.275,245.275,1
2008-12-29 14:23:00,245.326,245.326,245.326,245.326,1
2008-12-29 14:24:00,245.124,245.225,245.073,245.225,7
2008-12-29 14:25:00,245.174,245.224,245.174,245.174,3
2008-12-29 14:26:00,245.224,245.224,245.224,245.224,1
2008-12-29 14:27:00,245.275,245.275,245.275,245.275,1
2008-12-29 14:28:00,245.325,245.325,245.325,245.325,1
2008-12-29 14:30:00,245.123,245.325,245.073,245.275,16
2008-12-29 14:31:00,244.921,245.123,244.921,245.073,11
2008-12-29 14:32:00,244.921,245.022,244.921,244.972,12
2008-12-29 14:33:00,244.77,244.871,244.669,244.871,11
2008-12-29 14:34:00,244.618,244.669,244.568,244.618,10
2008-12-29 14:35:00,244.618,244.669,244.517,244.517,3
2008-12-29 14:36:00,244.719,244.719,244.568,244.568,6
2008-12-29 14:37:00,244.82,244.82,244.719,244.769,5
2008-12-29 14:38:00,244.921,244.921,244.769,244.769,4
2008-12-29 14:39:00,244.87,244.921,244.82,244.87,5
2008-12-29 14:40:00,244.82,244.82,244.668,244.82,11
2008-12-29 14:41:00,244.819,244.87,244.819,244.87,2
2008-12-29 14:42:00,244.87,244.87,244.769,244.769,7
2008-12-29 14:43:00,244.87,244.92,244.769,244.92,6
2008-12-29 14:44:00,244.769,244.92,244.718,244.819,9
2008-12-29 14:45:00,244.718,244.819,244.718,244.819,6
2008-12-29 14:46:00,244.769,244.769,244.769,244.769,1
2008-12-29 14:47:00,244.819,244.819,244.819,244.819,1
2008-12-29 14:48:00,244.869,244.869,244.869,244.869,1
2008-12-29 14:49:00,244.718,244.92,244.718,244.819,8
2008-12-29 14:50:00,244.768,244.768,244.768,244.768,1
2008-12-29 14:51:00,244.869,244.869,244.819,244.819,2
2008-12-29 14:52:00,244.919,244.919,244.818,244.818,4
2008-12-29 14:53:00,244.818,244.869,244.818,244.869,2
2008-12-29 14:54:00,244.465,244.768,244.415,244.768,16
2008-12-29 14:55:00,244.415,244.516,244.415,244.415,5
2008-12-29 14:56:00,244.263,244.314,244.263,244.263,3
2008-12-29 14:57:00,244.112,244.213,244.061,244.213,8
2008-12-29 14:58:00,244.061,244.112,244.011,244.061,9
2008-12-29 14:59:00,244.263,244.313,244.112,244.112,8
2008-12-29 15:00:00,244.313,244.313,244.212,244.212,3
2008-12-29 15:01:00,244.212,244.263,243.91,244.212,18
2008-12-29 15:02:00,244.313,244.313,244.162,244.162,3
2008-12-29 15:03:00,244.313,244.313,244.212,244.212,2
2008-12-29 15:04:00,244.262,244.262,244.262,244.262,1
2008-12-29 15:05:00,244.262,244.363,244.262,244.313,4
2008-12-29 15:06:00,244.212,244.262,244.212,244.212,3
2008-12-29 15:07:00,244.212,244.313,244.212,244.313,3
2008-12-29 15:08:00,244.161,244.363,244.161,244.262,7
2008-12-29 15:09:00,243.959,244.111,243.858,244.111,9
2008-12-29 15:10:00,243.707,243.858,243.707,243.858,8
2008-12-29 15:11:00,243.606,243.757,243.606,243.757,6
2008-12-29 15:12:00,243.656,243.656,243.555,243.555,11
2008-12-29 15:13:00,243.707,243.707,243.606,243.707,4
2008-12-29 15:14:00,243.656,243.656,243.606,243.656,3
2008-12-29 15:15:00,243.454,243.606,243.454,243.606,8
2008-12-29 15:16:00,243.353,243.505,243.252,243.505,10
2008-12-29 15:17:00,243.202,243.404,243.151,243.252,8
2008-12-29 15:18:00,243.202,243.202,243.0,243.151,18
2008-12-29 15:19:00,243.151,243.202,243.151,243.151,5
2008-12-29 15:20:00,243.05,243.101,242.899,243.101,13
2008-12-29 15:21:00,243.05,243.101,242.949,243.101,9
2008-12-29 15:22:00,243.0,243.0,243.0,243.0,1
2008-12-29 15:23:00,243.05,243.05,242.949,242.949,3
2008-12-29 15:24:00,243.05,243.1,242.999,242.999,4
2008-12-29 15:25:00,243.1,243.1,243.1,243.1,1
2008-12-29 15:26:00,243.05,243.151,243.05,243.151,3
2008-12-29 15:27:00,243.1,243.15,243.1,243.1,3
2008-12-29 15:28:00,243.201,243.251,243.1,243.15,14
2008-12-29 15:29:00,243.655,243.655,243.15,243.15,19
2008-12-29 15:30:00,243.554,243.655,243.402,243.604,31
2008-12-29 15:31:00,243.957,244.008,243.604,243.655,27
2008-12-29 15:32:00,244.008,244.109,243.907,244.008,21
2008-12-29 15:33:00,244.361,244.411,243.907,243.907,23
2008-12-29 15:34:00,244.462,244.613,244.361,244.411,14
2008-12-29 15:35:00,244.613,244.613,244.512,244.512,3
2008-12-29 15:36:00,244.462,244.562,244.462,244.562,7
2008-12-29 15:37:00,244.461,244.512,244.361,244.512,7
2008-12-29 15:38:00,244.461,244.562,244.411,244.512,6
2008-12-29 15:39:00,244.36,244.461,244.36,244.411,6
2008-12-29 15:40:00,244.411,244.461,244.31,244.31,6
2008-12-29 15:41:00,244.461,244.512,244.461,244.461,7
2008-12-29 15:42:00,244.259,244.511,244.259,244.411,11
2008-12-29 15:43:00,243.755,244.209,243.704,244.209,19
2008-12-29 15:44:00,243.654,243.805,243.502,243.805,10
2008-12-29 15:45:00,243.452,243.654,243.401,243.603,14
2008-12-29 15:46:00,243.401,243.502,243.3,243.502,9
2008-12-29 15:47:00,243.149,243.3,243.048,243.3,9
2008-12-29 15:48:00,243.199,243.25,243.199,243.199,3
2008-12-29 15:49:00,242.997,243.25,242.997,243.149,6
2008-12-29 15:50:00,242.896,242.997,242.846,242.947,10
2008-12-29 15:51:00,242.896,242.947,242.795,242.846,8
2008-12-29 15:52:00,242.997,243.047,242.946,242.946,8
2008-12-29 15:53:00,242.745,242.946,242.745,242.946,14
2008-12-29 15:54:00,242.694,242.795,242.694,242.795,8
2008-12-29 15:55:00,242.694,242.694,242.543,242.593,3
2008-12-29 15:56:00,242.643,242.744,242.643,242.744,5
2008-12-29 15:57:00,242.492,242.643,242.492,242.593,16
2008-12-29 15:58:00,242.34,242.542,242.189,242.542,12
2008-12-29 15:59:00,241.886,242.391,241.785,242.391,39
2008-12-29 16:00:00,241.684,241.785,241.483,241.785,29
2008-12-29 16:01:00,241.785,241.785,241.684,241.735,10
2008-12-29 16:02:00,241.886,241.886,241.735,241.836,10
2008-12-29 16:03:00,241.785,241.886,241.785,241.836,9
2008-12-29 16:04:00,241.936,241.936,241.785,241.835,12
2008-12-29 16:05:00,241.987,241.987,241.835,241.886,7
2008-12-29 16:06:00,241.835,242.037,241.835,241.936,14
2008-12-29 16:07:00,241.886,241.936,241.785,241.785,9
2008-12-29 16:08:00,241.482,241.835,241.482,241.835,25
2008-12-29 16:09:00,241.633,241.734,241.482,241.532,14
2008-12-29 16:10:00,241.684,241.734,241.633,241.684,5
2008-12-29 16:11:00,241.885,241.936,241.633,241.633,21
2008-12-29 16:12:00,241.936,241.936,241.835,241.835,5
2008-12-29 16:13:00,242.036,242.087,241.885,241.885,6
2008-12-29 16:14:00,241.885,242.036,241.835,241.986,11
2008-12-29 16:15:00,242.238,242.289,241.835,241.835,11
2008-12-29 16:16:00,242.238,242.339,242.137,242.188,6
2008-12-29 16:17:00,242.187,242.238,242.087,242.188,10
2008-12-29 16:18:00,242.086,242.288,242.036,242.238,12
2008-12-29 16:19:00,241.935,242.036,241.885,241.986,12
2008-12-29 16:20:00,242.036,242.036,241.784,241.885,17
2008-12-29 16:21:00,242.288,242.288,241.935,241.935,11
2008-12-29 16:22:00,242.187,242.389,242.137,242.338,14
2008-12-29 16:23:00,242.389,242.389,242.238,242.238,4
2008-12-29 16:24:00,242.338,242.439,242.338,242.439,7
2008-12-29 16:25:00,242.389,242.439,242.338,242.389,12
2008-12-29 16:26:00,242.338,242.439,242.237,242.439,9
2008-12-29 16:27:00,242.288,242.338,242.187,242.288,10
2008-12-29 16:28:00,242.237,242.288,242.086,242.237,17
2008-12-29 16:29:00,242.136,242.439,242.086,242.187,31
2008-12-29 16:30:00,241.934,242.086,241.884,242.035,10
2008-12-29 16:31:00,241.884,241.934,241.884,241.884,3
2008-12-29 16:32:00,241.984,241.984,241.833,241.984,8
2008-12-29 16:33:00,242.085,242.186,241.984,242.035,17
2008-12-29 16:34:00,243.145,243.145,241.681,242.136,70
2008-12-29 16:35:00,243.246,243.246,242.691,243.044,21
2008-12-29 16:36:00,243.397,243.548,243.397,243.397,9
2008-12-29 16:37:00,243.599,243.599,243.296,243.296,6
2008-12-29 16:38:00,243.75,243.851,243.699,243.699,7
2008-12-29 16:39:00,243.75,243.75,243.699,243.699,2
2008-12-29 16:40:00,243.447,243.699,243.447,243.699,4
2008-12-29 16:41:00,243.396,243.396,243.396,243.396,1
2008-12-29 16:42:00,243.346,243.346,243.245,243.346,5
2008-12-29 16:43:00,243.194,243.194,243.194,243.194,1
2008-12-29 16:44:00,243.093,243.144,243.093,243.144,2
2008-12-29 16:49:00,243.043,243.043,243.043,243.043,1
2008-12-29 16:50:00,243.143,243.143,243.143,243.143,1
2008-12-29 16:53:00,243.244,243.244,243.244,243.244,1
2008-12-29 16:55:00,242.79,243.042,242.79,243.042,2
2008-12-29 16:56:00,242.84,242.84,242.84,242.84,1
2008-12-29 16:57:00,242.386,242.638,242.386,242.638,4
2008-12-29 16:59:00,242.688,242.688,242.436,242.436,2
2008-12-29 17:01:00,242.89,242.89,242.89,242.89,1
2008-12-29 17:12:00,243.242,243.242,242.94,242.94,3
2008-12-29 17:13:00,242.687,242.687,242.687,242.687,1
2008-12-29 17:14:00,242.839,242.839,242.637,242.637,2
2008-12-30 07:00:00,245.139,245.946,245.038,245.038,6
2008-12-30 07:01:00,245.29,245.341,245.29,245.341,2
2008-12-30 07:02:00,245.391,245.391,245.391,245.391,1
2008-12-30 07:03:00,245.29,245.34,245.29,245.29,3
2008-12-30 07:04:00,245.138,245.34,245.138,245.34,6
2008-12-30 07:17:00,245.642,245.642,245.49,245.49,2
2008-12-30 07:18:00,245.44,245.44,245.339,245.389,3
2008-12-30 07:20:00,245.339,245.339,245.339,245.339,1
2008-12-30 07:32:00,245.388,245.388,245.388,245.388,1
2008-12-30 07:39:00,245.337,245.337,245.337,245.337,1
2008-12-30 07:41:00,245.438,245.438,245.438,245.438,1
2008-12-30 07:44:00,245.639,245.639,245.639,245.639,1
2008-12-30 07:46:00,245.387,245.538,245.387,245.538,2
2008-12-30 07:55:00,245.639,245.639,245.538,245.538,2
2008-12-30 07:57:00,245.386,245.537,245.386,245.537,3
2008-12-30 08:00:00,246.042,246.344,245.84,245.84,19
2008-12-30 08:01:00,245.84,246.243,245.84,245.89,11
2008-12-30 08:02:00,246.041,246.142,245.941,245.941,11
2008-12-30 08:03:00,245.94,246.142,245.94,246.092,13
2008-12-30 08:04:00,245.991,246.092,245.991,246.092,5
2008-12-30 08:05:00,245.89,246.092,245.688,245.94,22
2008-12-30 08:06:00,245.94,246.092,245.738,245.94,17
2008-12-30 08:07:00,245.789,245.991,245.637,245.839,30
2008-12-30 08:08:00,246.293,246.444,245.738,245.738,42
2008-12-30 08:09:00,246.192,246.343,246.142,246.243,22
2008-12-30 08:10:00,246.142,246.394,246.091,246.142,31
2008-12-30 08:11:00,245.94,246.142,245.788,246.091,18
2008-12-30 08:12:00,245.889,245.889,245.637,245.889,13
2008-12-30 08:13:00,245.99,245.99,245.788,245.788,4
2008-12-30 08:14:00,246.04,246.04,246.04,246.04,1
2008-12-30 08:15:00,246.091,246.091,245.99,245.99,5
2008-12-30 08:16:00,246.191,246.191,246.04,246.04,6
2008-12-30 08:17:00,246.544,246.595,246.242,246.242,40
2008-12-30 08:18:00,246.595,246.696,246.444,246.595,23
2008-12-30 08:19:00,246.544,246.797,246.544,246.696,15
2008-12-30 08:20:00,246.544,246.645,246.544,246.595,5
2008-12-30 08:21:00,246.393,246.494,246.393,246.494,3
2008-12-30 08:22:00,246.494,246.595,246.494,246.595,3
2008-12-30 08:23:00,246.443,246.594,246.443,246.544,5
2008-12-30 08:24:00,246.493,246.544,246.393,246.393,5
2008-12-30 08:25:00,246.493,246.544,246.392,246.443,12
2008-12-30 08:26:00,246.544,246.544,246.392,246.544,5
2008-12-30 08:27:00,246.594,246.594,246.392,246.493,5
2008-12-30 08:28:00,246.544,246.544,246.392,246.493,8
2008-12-30 08:29:00,246.644,246.745,246.594,246.594,8
2008-12-30 08:30:00,246.846,246.896,246.594,246.594,15
2008-12-30 08:31:00,246.594,246.795,246.594,246.745,8
2008-12-30 08:32:00,246.644,246.644,246.543,246.644,10
2008-12-30 08:33:00,246.493,246.745,246.493,246.694,8
2008-12-30 08:34:00,246.341,246.493,246.291,246.442,9
2008-12-30 08:35:00,246.089,246.291,246.089,246.291,15
2008-12-30 08:36:00,246.139,246.19,246.089,246.139,6
2008-12-30 08:37:00,246.19,246.24,246.089,246.089,8
2008-12-30 08:38:00,246.139,246.24,245.988,246.24,11
2008-12-30 08:39:00,246.139,246.19,246.139,246.19,2
2008-12-30 08:40:00,246.189,246.189,246.189,246.189,1
2008-12-30 08:41:00,246.189,246.24,246.088,246.24,4
2008-12-30 08:42:00,246.189,246.29,246.139,246.24,5
2008-12-30 08:43:00,246.139,246.341,246.139,246.24,5
2008-12-30 08:44:00,246.34,246.34,246.038,246.088,9
2008-12-30 08:45:00,246.239,246.29,246.189,246.239,5
2008-12-30 08:47:00,246.189,246.189,246.189,246.189,1
2008-12-30 08:48:00,246.239,246.239,246.088,246.138,4
2008-12-30 08:49:00,246.34,246.39,246.29,246.29,3
2008-12-30 08:51:00,246.088,246.239,246.088,246.239,4
2008-12-30 08:52:00,246.037,246.188,246.037,246.188,2
2008-12-30 08:54:00,246.188,246.188,246.188,246.188,1
2008-12-30 08:55:00,246.239,246.239,246.138,246.239,7
2008-12-30 08:57:00,246.138,246.188,246.138,246.188,2
2008-12-30 08:58:00,246.188,246.238,246.188,246.238,2
2008-12-30 08:59:00,246.087,246.137,246.037,246.137,3
2008-12-30 09:00:00,246.289,246.289,246.188,246.188,3
2008-12-30 09:01:00,246.44,246.44,246.339,246.339,3
2008-12-30 09:02:00,246.49,246.591,246.288,246.288,11
2008-12-30 09:03:00,246.54,246.641,246.54,246.541,5
2008-12-30 09:04:00,246.49,246.591,246.44,246.591,5
2008-12-30 09:05:00,246.49,246.49,246.439,246.439,4
2008-12-30 09:06:00,246.439,246.439,246.389,246.389,2
2008-12-30 09:07:00,246.49,246.54,246.439,246.49,5
2008-12-30 09:08:00,246.54,246.54,246.49,246.54,3
2008-12-30 09:09:00,246.49,246.49,246.49,246.49,1
2008-12-30 09:10:00,246.389,246.389,246.288,246.389,4
2008-12-30 09:12:00,246.439,246.439,246.338,246.338,4
2008-12-30 09:13:00,246.489,246.489,246.338,246.338,2
2008-12-30 09:14:00,246.388,246.388,246.338,246.338,2
2008-12-30 09:15:00,246.287,246.287,246.237,246.287,3
2008-12-30 09:16:00,246.237,246.338,246.237,246.338,2
2008-12-30 09:17:00,246.438,246.438,246.287,246.287,4
2008-12-30 09:18:00,246.388,246.388,246.388,246.388,1
2008-12-30 09:19:00,246.438,246.438,246.438,246.438,1
2008-12-30 09:20:00,246.539,246.539,246.489,246.489,2
2008-12-30 09:21:00,246.539,246.589,246.489,246.489,4
2008-12-30 09:22:00,246.589,246.589,246.589,246.589,1
2008-12-30 09:23:00,246.69,246.69,246.539,246.539,4
2008-12-30 09:24:00,246.64,246.69,246.539,246.64,7
2008-12-30 09:25:00,246.74,246.892,246.639,246.74,22
2008-12-30 09:26:00,246.74,246.841,246.69,246.69,8
2008-12-30 09:27:00,246.74,246.841,246.69,246.69,10
2008-12-30 09:28:00,246.538,246.74,246.538,246.69,12
2008-12-30 09:29:00,246.538,246.69,246.488,246.589,13
2008-12-30 09:30:00,246.538,246.74,246.488,246.589,13
2008-12-30 09:32:00,246.538,246.639,246.538,246.588,6
2008-12-30 09:33:00,246.538,246.588,246.487,246.588,5
2008-12-30 09:34:00,246.538,246.588,246.538,246.588,2
2008-12-30 09:36:00,246.487,246.639,246.437,246.588,11
2008-12-30 09:37:00,246.487,246.487,246.285,246.437,7
2008-12-30 09:38:00,246.437,246.437,246.336,246.386,7
2008-12-30 09:39:00,246.336,246.386,246.336,246.386,4
2008-12-30 09:40:00,246.386,246.386,246.336,246.386,5
2008-12-30 09:41:00,246.386,246.386,246.285,246.336,6
2008-12-30 09:42:00,246.235,246.335,246.235,246.335,5
2008-12-30 09:43:00,245.982,246.184,245.932,246.184,12
2008-12-30 09:44:00,245.982,246.184,245.982,246.083,11
2008-12-30 09:45:00,245.881,245.932,245.831,245.932,7
2008-12-30 09:46:00,246.032,246.032,245.831,245.932,11
2008-12-30 09:47:00,245.881,245.982,245.881,245.982,3
2008-12-30 09:48:00,245.578,245.982,245.578,245.982,14
2008-12-30 09:49:00,245.477,245.578,245.427,245.528,25
2008-12-30 09:50:00,245.528,245.629,245.427,245.427,11
2008-12-30 09:51:00,245.83,245.83,245.578,245.578,5
2008-12-30 09:52:00,245.78,245.83,245.729,245.78,5
2008-12-30 09:53:00,245.729,245.78,245.729,245.729,3
2008-12-30 09:54:00,245.78,245.78,245.679,245.679,3
2008-12-30 09:55:00,245.729,245.729,245.729,245.729,1
2008-12-30 09:56:00,245.83,245.83,245.678,245.678,4
2008-12-30 09:57:00,245.779,245.83,245.779,245.779,3
2008-12-30 09:58:00,245.83,245.83,245.729,245.729,4
2008-12-30 10:00:00,245.93,245.981,245.829,245.88,10
2008-12-30 10:01:00,246.233,246.233,245.981,246.031,15
2008-12-30 10:02:00,246.031,246.233,245.981,246.132,16
2008-12-30 10:03:00,246.081,246.081,246.081,246.081,1
2008-12-30 10:04:00,246.132,246.132,246.132,246.132,1
2008-12-30 10:05:00,246.182,246.182,246.031,246.081,7
2008-12-30 10:06:00,246.232,246.485,246.132,246.132,20
2008-12-30 10:07:00,246.131,246.333,246.131,246.333,4
2008-12-30 10:08:00,246.182,246.232,246.182,246.182,3
2008-12-30 10:09:00,246.182,246.182,246.131,246.131,2
2008-12-30 10:10:00,246.182,246.182,246.131,246.131,4
2008-12-30 10:11:00,246.182,246.282,246.182,246.232,3
2008-12-30 10:12:00,246.232,246.282,246.232,246.282,2
2008-12-30 10:13:00,246.282,246.282,246.282,246.282,1
2008-12-30 10:14:00,246.232,246.232,246.232,246.232,1
2008-12-30 10:15:00,246.131,246.232,246.131,246.181,4
2008-12-30 10:16:00,246.181,246.181,246.181,246.181,1
2008-12-30 10:17:00,246.131,246.282,246.03,246.282,7
2008-12-30 10:18:00,245.979,246.181,245.979,246.181,5
2008-12-30 10:19:00,245.828,245.979,245.828,245.929,7
2008-12-30 10:20:00,245.878,245.878,245.828,245.878,3
2008-12-30 10:21:00,245.777,245.828,245.777,245.828,2
2008-12-30 10:22:00,245.676,245.727,245.676,245.727,2
2008-12-30 10:23:00,245.727,245.777,245.727,245.727,3
2008-12-30 10:24:00,245.827,245.827,245.777,245.777,2
2008-12-30 10:25:00,245.777,245.777,245.777,245.777,1
2008-12-30 10:26:00,245.676,245.726,245.676,245.726,2
2008-12-30 10:28:00,245.726,245.726,245.726,245.726,1
2008-12-30 10:29:00,245.776,245.776,245.776,245.776,1
2008-12-30 10:30:00,245.676,245.676,245.676,245.676,1
2008-12-30 10:31:00,245.625,245.726,245.625,245.726,5
2008-12-30 10:32:00,245.625,245.726,245.625,245.726,3
2008-12-30 10:33:00,245.675,245.675,245.625,245.675,5
2008-12-30 10:35:00,245.726,245.776,245.726,245.776,2
2008-12-30 10:36:00,245.675,245.675,245.675,245.675,1
2008-12-30 10:37:00,245.776,245.776,245.776,245.776,1
2008-12-30 10:38:00,245.826,245.826,245.725,245.725,3
2008-12-30 10:39:00,245.776,245.776,245.776,245.776,1
2008-12-30 10:40:00,245.776,245.776,245.725,245.725,2
2008-12-30 10:42:00,245.775,245.826,245.775,245.826,4
2008-12-30 10:43:00,245.674,245.826,245.674,245.826,4
2008-12-30 10:44:00,245.725,245.725,245.624,245.624,4
2008-12-30 10:45:00,245.775,245.775,245.624,245.624,4
2008-12-30 10:46:00,245.674,245.674,245.674,245.674,1
2008-12-30 10:48:00,245.573,245.724,245.573,245.724,4
2008-12-30 10:49:00,245.573,245.624,245.573,245.624,2
2008-12-30 10:50:00,245.422,245.523,245.422,245.523,5
2008-12-30 10:52:00,245.472,245.472,245.321,245.371,4
2008-12-30 10:53:00,245.472,245.522,245.421,245.522,5
2008-12-30 10:54:00,245.421,245.421,245.32,245.421,5
2008-12-30 10:55:00,245.421,245.472,245.421,245.472,4
2008-12-30 10:56:00,245.472,245.522,245.472,245.472,5
2008-12-30 10:57:00,245.522,245.572,245.522,245.522,3
2008-12-30 10:58:00,245.371,245.471,245.32,245.471,5
2008-12-30 10:59:00,245.219,245.32,245.169,245.32,5
2008-12-30 11:00:00,245.118,245.169,245.068,245.169,6
2008-12-30 11:01:00,245.068,245.068,245.068,245.068,1
2008-12-30 11:02:00,245.017,245.118,244.967,245.118,9
2008-12-30 11:03:00,244.815,244.967,244.815,244.967,4
2008-12-30 11:04:00,244.765,244.815,244.714,244.765,7
2008-12-30 11:05:00,244.714,244.815,244.664,244.815,6
2008-12-30 11:06:00,244.815,244.966,244.765,244.765,12
2008-12-30 11:07:00,244.865,244.865,244.865,244.865,1
2008-12-30 11:08:00,244.916,244.966,244.916,244.916,3
2008-12-30 11:10:00,244.916,244.916,244.865,244.865,2
2008-12-30 11:11:00,244.613,244.865,244.613,244.865,8
2008-12-30 11:12:00,244.764,244.764,244.562,244.663,12
2008-12-30 11:13:00,244.814,244.814,244.764,244.814,5
2008-12-30 11:14:00,244.865,244.865,244.865,244.865,1
2008-12-30 11:15:00,244.814,244.814,244.814,244.814,1
2008-12-30 11:16:00,244.814,245.016,244.814,244.865,7
2008-12-30 11:17:00,244.965,245.016,244.764,244.764,13
2008-12-30 11:18:00,244.965,245.016,244.965,245.016,2
2008-12-30 11:20:00,244.915,244.915,244.915,244.915,1
2008-12-30 11:21:00,244.864,244.915,244.864,244.864,3
2008-12-30 11:23:00,244.914,244.914,244.914,244.914,1
2008-12-30 11:24:00,245.066,245.066,244.914,244.965,4
2008-12-30 11:25:00,245.015,245.166,245.015,245.116,10
2008-12-30 11:26:00,245.116,245.166,245.066,245.066,5
2008-12-30 11:27:00,245.065,245.166,245.065,245.166,3
2008-12-30 11:28:00,245.166,245.217,245.116,245.116,4
2008-12-30 11:29:00,245.116,245.217,245.116,245.217,2
2008-12-30 11:30:00,245.116,245.166,245.116,245.166,2
2008-12-30 11:31:00,245.015,245.065,245.015,245.065,4
2008-12-30 11:33:00,244.964,244.964,244.964,244.964,1
2008-12-30 11:36:00,245.065,245.065,245.014,245.014,2
2008-12-30 11:37:00,245.065,245.115,245.065,245.115,2
2008-12-30 11:39:00,245.014,245.014,245.014,245.014,1
2008-12-30 11:40:00,245.115,245.115,245.064,245.064,2
2008-12-30 11:41:00,245.216,245.216,245.165,245.165,4
2008-12-30 11:42:00,245.215,245.316,245.165,245.266,6
2008-12-30 11:43:00,245.114,245.266,245.064,245.165,6
2008-12-30 11:44:00,244.963,245.165,244.963,245.165,7
2008-12-30 11:45:00,244.862,244.963,244.761,244.913,16
2008-12-30 11:46:00,244.812,244.812,244.761,244.812,3
2008-12-30 11:47:00,244.711,244.862,244.711,244.862,4
2008-12-30 11:48:00,244.811,244.811,244.811,244.811,1
2008-12-30 11:49:00,244.811,244.862,244.811,244.862,2
2008-12-30 11:50:00,244.862,244.912,244.862,244.912,2
2008-12-30 11:51:00,244.912,244.963,244.912,244.963,2
2008-12-30 11:52:00,244.912,245.063,244.862,244.862,9
2008-12-30 11:53:00,244.912,244.962,244.912,244.962,2
2008-12-30 11:55:00,244.912,244.912,244.811,244.811,2
2008-12-30 11:56:00,244.861,244.962,244.861,244.962,2
2008-12-30 11:57:00,245.113,245.113,244.962,244.962,5
2008-12-30 11:58:00,245.214,245.264,245.063,245.164,8
2008-12-30 11:59:00,245.164,245.264,245.164,245.264,5
2008-12-30 12:00:00,245.315,245.365,245.264,245.264,3
2008-12-30 12:01:00,245.264,245.264,245.214,245.264,3
2008-12-30 12:02:00,245.315,245.315,245.315,245.315,1
2008-12-30 12:03:00,245.466,245.466,245.365,245.365,6
2008-12-30 12:04:00,245.466,245.567,245.466,245.516,3
2008-12-30 12:05:00,245.365,245.466,245.365,245.415,5
2008-12-30 12:07:00,245.465,245.465,245.415,245.415,2
2008-12-30 12:08:00,245.365,245.365,245.365,245.365,1
2008-12-30 12:11:00,245.364,245.364,245.314,245.314,2
2008-12-30 12:12:00,245.314,245.314,245.314,245.314,1
2008-12-30 12:14:00,245.364,245.364,245.314,245.364,3
2008-12-30 12:17:00,245.364,245.414,245.364,245.414,2
2008-12-30 12:18:00,245.414,245.414,245.414,245.414,1
2008-12-30 12:19:00,245.364,245.364,245.364,245.364,1
2008-12-30 12:20:00,245.313,245.414,245.313,245.414,2
2008-12-30 12:25:00,245.262,245.262,245.262,245.262,1
2008-12-30 12:28:00,245.211,245.211,245.211,245.211,1
2008-12-30 12:29:00,245.262,245.363,245.211,245.262,7
2008-12-30 12:30:00,245.262,245.262,245.211,245.211,2
2008-12-30 12:31:00,245.312,245.363,245.312,245.312,3
2008-12-30 12:32:00,245.362,245.362,245.362,245.362,1
2008-12-30 12:33:00,245.413,245.413,245.312,245.312,2
2008-12-30 12:34:00,245.362,245.362,245.362,245.362,1
2008-12-30 12:35:00,245.463,245.463,245.463,245.463,1
2008-12-30 12:36:00,245.463,245.513,245.463,245.513,2
2008-12-30 12:37:00,245.261,245.412,245.261,245.412,4
2008-12-30 12:38:00,245.362,245.362,245.211,245.211,2
2008-12-30 12:39:00,245.362,245.412,245.311,245.311,6
2008-12-30 12:40:00,245.362,245.412,245.261,245.412,5
2008-12-30 12:41:00,245.311,245.311,245.16,245.311,6
2008-12-30 12:42:00,245.311,245.362,245.311,245.362,2
2008-12-30 12:44:00,245.21,245.261,245.16,245.261,4
2008-12-30 12:45:00,245.311,245.361,245.26,245.26,5
2008-12-30 12:46:00,245.462,245.513,245.16,245.361,21
2008-12-30 12:47:00,245.512,245.613,245.412,245.412,7
2008-12-30 12:48:00,245.411,245.563,245.411,245.563,3
2008-12-30 12:49:00,245.361,245.361,245.361,245.361,1
2008-12-30 12:50:00,245.26,245.411,245.26,245.31,4
2008-12-30 12:51:00,245.21,245.361,245.21,245.21,3
2008-12-30 12:52:00,245.109,245.31,245.109,245.31,3
2008-12-30 12:53:00,245.209,245.209,245.159,245.159,2
2008-12-30 12:54:00,245.512,245.562,245.31,245.31,11
2008-12-30 12:55:00,245.461,245.461,245.361,245.461,5
2008-12-30 12:56:00,245.512,245.512,245.411,245.411,2
2008-12-30 12:57:00,245.512,245.512,245.461,245.461,2
2008-12-30 12:58:00,245.31,245.411,245.31,245.411,3
2008-12-30 12:59:00,245.259,245.36,245.259,245.259,4
2008-12-30 13:00:00,245.663,245.764,245.209,245.31,21
2008-12-30 13:01:00,245.814,245.915,245.713,245.713,8
2008-12-30 13:02:00,245.864,245.915,245.864,245.864,5
2008-12-30 13:03:00,245.864,245.915,245.763,245.814,5
2008-12-30 13:04:00,245.914,245.965,245.914,245.914,3
2008-12-30 13:05:00,245.813,245.965,245.713,245.965,24
2008-12-30 13:06:00,245.612,245.813,245.561,245.763,7
2008-12-30 13:07:00,245.763,245.813,245.511,245.561,10
2008-12-30 13:08:00,245.813,245.813,245.763,245.813,7
2008-12-30 13:09:00,245.763,245.864,245.763,245.763,6
2008-12-30 13:10:00,245.763,245.863,245.763,245.813,10
2008-12-30 13:11:00,245.813,245.914,245.813,245.863,5
2008-12-30 13:12:00,245.813,245.914,245.813,245.863,5
2008-12-30 13:14:00,245.863,245.863,245.762,245.762,3
2008-12-30 13:15:00,245.863,245.914,245.813,245.813,3
2008-12-30 13:16:00,245.913,246.065,245.762,245.813,14
2008-12-30 13:17:00,246.014,246.065,246.014,246.014,3
2008-12-30 13:18:00,245.863,246.065,245.863,246.065,5
2008-12-30 13:19:00,245.964,245.964,245.812,245.913,7
2008-12-30 13:20:00,245.913,246.014,245.863,246.014,8
2008-12-30 13:22:00,245.913,245.963,245.913,245.963,2
2008-12-30 13:23:00,245.862,245.862,245.862,245.862,1
2008-12-30 13:24:00,245.812,245.913,245.812,245.913,3
2008-12-30 13:25:00,245.862,245.862,245.761,245.761,2
2008-12-30 13:26:00,245.862,245.913,245.862,245.913,2
2008-12-30 13:27:00,245.912,245.963,245.912,245.913,3
2008-12-30 13:28:00,245.912,245.963,245.912,245.963,2
2008-12-30 13:29:00,245.912,245.963,245.912,245.963,2
2008-12-30 13:30:00,245.862,245.862,245.811,245.862,3
2008-12-30 13:31:00,245.811,245.811,245.811,245.811,1
2008-12-30 13:32:00,245.811,245.811,245.71,245.761,4
2008-12-30 13:34:00,245.861,245.861,245.761,245.761,2
2008-12-30 13:35:00,245.811,245.811,245.811,245.811,1
2008-12-30 13:36:00,245.861,245.912,245.76,245.76,4
2008-12-30 13:37:00,245.659,245.811,245.659,245.811,4
2008-12-30 13:38:00,245.811,245.811,245.811,245.811,1
2008-12-30 13:39:00,245.911,245.911,245.861,245.861,2
2008-12-30 13:40:00,245.81,245.81,245.81,245.81,1
2008-12-30 13:41:00,245.76,245.861,245.76,245.861,2
2008-12-30 13:42:00,245.709,245.709,245.709,245.709,1
2008-12-30 13:43:00,245.76,245.76,245.76,245.76,1
2008-12-30 13:44:00,245.76,245.861,245.76,245.81,3
2008-12-30 13:45:00,245.709,245.76,245.709,245.709,3
2008-12-30 13:48:00,245.608,245.659,245.608,245.659,2
2008-12-30 13:49:00,245.658,245.658,245.658,245.658,1
2008-12-30 13:50:00,245.608,245.608,245.608,245.608,1
2008-12-30 13:51:00,245.557,245.557,245.557,245.557,1
2008-12-30 13:52:00,245.507,245.507,245.507,245.507,1
2008-12-30 13:53:00,245.507,245.507,245.456,245.456,2
2008-12-30 13:54:00,245.406,245.406,245.406,245.406,1
2008-12-30 13:55:00,245.355,245.456,245.355,245.456,2
2008-12-30 13:56:00,245.355,245.456,245.355,245.406,3
2008-12-30 13:57:00,245.305,245.406,245.305,245.406,3
2008-12-30 13:58:00,245.254,245.254,245.204,245.254,5
2008-12-30 13:59:00,245.254,245.254,245.204,245.204,2
2008-12-30 14:00:00,245.204,245.204,245.153,245.204,3
2008-12-30 14:01:00,245.405,245.405,245.254,245.254,4
2008-12-30 14:02:00,245.506,245.506,245.355,245.456,4
2008-12-30 14:03:00,245.456,245.456,245.456,245.456,1
2008-12-30 14:04:00,245.455,245.455,245.405,245.405,2
2008-12-30 14:05:00,245.405,245.405,245.405,245.405,1
2008-12-30 14:06:00,245.455,245.506,245.405,245.506,3
2008-12-30 14:08:00,245.354,245.405,245.354,245.405,2
2008-12-30 14:09:00,245.304,245.405,245.304,245.405,2
2008-12-30 14:10:00,245.354,245.354,245.354,245.354,1
2008-12-30 14:11:00,245.304,245.304,245.304,245.304,1
2008-12-30 14:12:00,245.303,245.354,245.253,245.354,4
2008-12-30 14:13:00,245.253,245.303,245.253,245.253,7
2008-12-30 14:14:00,245.253,245.253,245.152,245.152,5
2008-12-30 14:15:00,245.202,245.253,245.152,245.202,4
2008-12-30 14:16:00,245.101,245.253,245.101,245.253,4
2008-12-30 14:17:00,245.101,245.152,245.101,245.152,6
2008-12-30 14:18:00,245.0,245.0,244.95,245.0,3
2008-12-30 14:19:00,245.0,245.101,244.95,244.95,4
2008-12-30 14:20:00,245.0,245.151,244.95,244.95,7
2008-12-30 14:21:00,244.849,244.95,244.849,244.95,5
2008-12-30 14:22:00,244.798,244.95,244.798,244.899,5
2008-12-30 14:23:00,244.697,244.849,244.697,244.849,5
2008-12-30 14:24:00,244.748,244.798,244.748,244.798,2
2008-12-30 14:25:00,244.748,244.848,244.748,244.798,4
2008-12-30 14:26:00,244.798,244.798,244.697,244.798,6
2008-12-30 14:27:00,244.747,244.747,244.747,244.747,1
2008-12-30 14:28:00,244.798,244.848,244.798,244.848,2
2008-12-30 14:29:00,244.999,244.999,244.697,244.747,6
2008-12-30 14:30:00,244.898,244.999,244.898,244.949,4
2008-12-30 14:31:00,244.898,244.949,244.898,244.949,2
2008-12-30 14:32:00,244.848,244.848,244.797,244.848,3
2008-12-30 14:33:00,244.848,244.898,244.797,244.797,4
2008-12-30 14:34:00,244.948,244.948,244.898,244.948,3
2008-12-30 14:35:00,244.847,244.999,244.847,244.999,3
2008-12-30 14:36:00,244.898,244.898,244.847,244.898,3
2008-12-30 14:37:00,244.746,244.847,244.746,244.847,5
2008-12-30 14:38:00,244.847,244.898,244.746,244.797,8
2008-12-30 14:39:00,244.746,244.898,244.746,244.898,4
2008-12-30 14:41:00,244.847,244.847,244.797,244.797,2
2008-12-30 14:42:00,244.998,245.049,244.847,244.897,7
2008-12-30 14:43:00,244.948,245.099,244.948,245.099,7
2008-12-30 14:44:00,244.948,244.998,244.847,244.998,7
2008-12-30 14:45:00,245.048,245.099,244.948,244.998,10
2008-12-30 14:46:00,245.048,245.149,244.897,244.998,11
2008-12-30 14:47:00,244.998,245.048,244.897,244.998,11
2008-12-30 14:48:00,244.796,244.897,244.796,244.897,3
2008-12-30 14:49:00,244.796,244.846,244.796,244.846,4
2008-12-30 14:50:00,244.745,244.947,244.745,244.745,12
2008-12-30 14:51:00,244.695,244.846,244.695,244.796,5
2008-12-30 14:52:00,244.695,244.796,244.695,244.796,3
2008-12-30 14:53:00,244.745,244.745,244.695,244.745,5
2008-12-30 14:55:00,244.795,244.795,244.795,244.795,1
2008-12-30 14:56:00,244.745,244.795,244.745,244.745,3
2008-12-30 14:57:00,244.593,244.694,244.543,244.694,5
2008-12-30 14:58:00,244.492,244.543,244.442,244.543,6
2008-12-30 14:59:00,244.341,244.543,244.341,244.442,10
2008-12-30 15:00:00,244.089,244.392,244.089,244.24,28
2008-12-30 15:01:00,243.837,244.038,243.736,244.038,19
2008-12-30 15:02:00,243.837,243.837,243.685,243.786,12
2008-12-30 15:03:00,243.736,243.837,243.736,243.786,6
2008-12-30 15:04:00,243.836,243.887,243.786,243.836,7
2008-12-30 15:05:00,243.836,243.988,243.836,243.887,7
2008-12-30 15:06:00,243.786,243.786,243.685,243.786,4
2008-12-30 15:07:00,243.786,243.786,243.634,243.634,8
2008-12-30 15:08:00,243.735,243.735,243.584,243.735,6
2008-12-30 15:09:00,243.685,243.786,243.634,243.786,5
2008-12-30 15:10:00,243.836,243.886,243.735,243.785,10
2008-12-30 15:11:00,243.684,243.836,243.684,243.735,5
2008-12-30 15:12:00,243.634,243.886,243.634,243.836,10
2008-12-30 15:13:00,243.634,243.684,243.634,243.684,2
2008-12-30 15:14:00,243.684,243.684,243.634,243.684,3
2008-12-30 15:15:00,243.886,243.886,243.684,243.735,11
2008-12-30 15:16:00,243.886,244.088,243.886,243.936,9
2008-12-30 15:17:00,243.835,243.835,243.785,243.785,2
2008-12-30 15:18:00,243.936,243.936,243.734,243.785,8
2008-12-30 15:19:00,244.087,244.138,243.886,243.886,9
2008-12-30 15:20:00,244.087,244.238,244.037,244.037,8
2008-12-30 15:21:00,244.037,244.188,244.037,244.188,2
2008-12-30 15:22:00,244.037,244.188,244.037,244.137,6
2008-12-30 15:23:00,244.137,244.238,244.137,244.188,4
2008-12-30 15:24:00,244.238,244.289,244.238,244.238,3
2008-12-30 15:25:00,244.49,244.591,244.389,244.389,13
2008-12-30 15:26:00,244.591,244.591,244.44,244.44,4
2008-12-30 15:27:00,244.641,244.742,244.591,244.641,14
2008-12-30 15:28:00,244.692,244.742,244.641,244.692,8
2008-12-30 15:29:00,244.742,244.792,244.641,244.641,10
2008-12-30 15:30:00,244.843,244.843,244.792,244.792,12
2008-12-30 15:31:00,244.994,245.044,244.792,244.893,18
2008-12-30 15:32:00,245.145,245.145,244.943,244.944,12
2008-12-30 15:33:00,245.296,245.296,245.044,245.044,6
2008-12-30 15:34:00,245.296,245.347,245.246,245.246,9
2008-12-30 15:35:00,245.195,245.397,245.195,245.347,11
2008-12-30 15:36:00,245.145,245.296,245.145,245.145,9
2008-12-30 15:37:00,245.145,245.195,245.044,245.195,5
2008-12-30 15:38:00,244.993,245.094,244.993,245.044,6
2008-12-30 15:39:00,244.943,244.943,244.892,244.943,3
2008-12-30 15:40:00,244.943,244.993,244.892,244.993,5
2008-12-30 15:41:00,244.943,244.943,244.842,244.842,3
2008-12-30 15:42:00,244.892,244.892,244.842,244.892,3
2008-12-30 15:43:00,244.892,244.943,244.842,244.943,5
2008-12-30 15:44:00,245.094,245.094,244.842,244.943,9
2008-12-30 15:45:00,245.094,245.144,244.993,245.043,6
2008-12-30 15:46:00,245.194,245.295,245.144,245.144,8
2008-12-30 15:47:00,245.194,245.245,245.194,245.245,4
2008-12-30 15:48:00,245.194,245.245,245.144,245.144,9
2008-12-30 15:49:00,245.295,245.295,245.245,245.245,2
2008-12-30 15:50:00,245.345,245.396,245.245,245.245,5
2008-12-30 15:51:00,245.446,245.446,245.345,245.446,4
2008-12-30 15:52:00,245.547,245.597,245.446,245.497,8
2008-12-30 15:53:00,245.597,245.648,245.496,245.597,8
2008-12-30 15:54:00,245.648,245.749,245.648,245.648,8
2008-12-30 15:55:00,245.496,245.698,245.496,245.698,5
2008-12-30 15:56:00,245.446,245.597,245.446,245.446,10
2008-12-30 15:57:00,245.446,245.446,245.194,245.395,12
2008-12-30 15:58:00,245.294,245.395,245.294,245.395,2
2008-12-30 15:59:00,245.193,245.294,245.193,245.244,8
2008-12-30 16:00:00,245.244,245.294,245.143,245.294,7
2008-12-30 16:01:00,245.344,245.395,245.244,245.294,8
2008-12-30 16:02:00,245.496,245.496,245.344,245.395,6
2008-12-30 16:03:00,245.647,245.697,245.596,245.596,6
2008-12-30 16:04:00,245.647,245.697,245.647,245.697,2
2008-12-30 16:05:00,245.697,245.798,245.697,245.748,11
2008-12-30 16:06:00,245.647,245.747,245.647,245.647,16
2008-12-30 16:07:00,245.798,245.798,245.646,245.697,9
2008-12-30 16:08:00,245.848,245.848,245.697,245.747,11
2008-12-30 16:09:00,245.697,245.798,245.697,245.747,3
2008-12-30 16:10:00,245.545,245.646,245.545,245.646,5
2008-12-30 16:11:00,245.697,245.697,245.596,245.697,3
2008-12-30 16:12:00,245.495,245.596,245.495,245.596,7
2008-12-30 16:13:00,245.596,245.596,245.495,245.545,6
2008-12-30 16:14:00,245.747,245.747,245.646,245.646,9
2008-12-30 16:15:00,245.847,245.948,245.696,245.696,12
2008-12-30 16:16:00,245.797,245.898,245.747,245.898,5
2008-12-30 16:17:00,245.746,245.797,245.646,245.747,4
2008-12-30 16:18:00,245.948,245.999,245.797,245.797,9
2008-12-30 16:19:00,245.948,245.999,245.898,245.999,6
2008-12-30 16:20:00,245.998,246.099,245.998,245.998,4
2008-12-30 16:21:00,246.15,246.15,245.948,245.948,6
2008-12-30 16:22:00,246.25,246.301,246.099,246.099,10
2008-12-30 16:23:00,246.553,246.603,246.301,246.301,28
2008-12-30 16:24:00,246.553,246.654,246.553,246.603,10
2008-12-30 16:25:00,246.452,246.553,246.452,246.502,7
2008-12-30 16:26:00,246.351,246.502,246.25,246.401,10
2008-12-30 16:27:00,246.199,246.3,246.099,246.3,12
2008-12-30 16:28:00,246.452,246.805,246.3,246.3,32
2008-12-30 16:29:00,246.804,247.107,246.25,246.502,39
2008-12-30 16:30:00,246.855,246.855,246.351,246.754,22
2008-12-30 16:31:00,246.855,246.855,246.703,246.703,5
2008-12-30 16:32:00,246.602,246.905,246.602,246.754,8
2008-12-30 16:33:00,247.157,247.157,246.754,246.855,10
2008-12-30 16:34:00,249.124,251.998,247.208,247.208,70
2008-12-30 16:35:00,249.527,250.132,249.376,249.376,11
2008-12-30 16:36:00,249.023,249.426,249.023,249.426,10
2008-12-30 16:37:00,248.922,249.325,248.922,249.124,6
2008-12-30 16:38:00,249.124,249.124,249.073,249.073,2
2008-12-30 16:39:00,248.821,248.821,248.821,248.821,1
2008-12-30 16:40:00,248.871,249.325,248.871,249.123,6
2008-12-30 16:43:00,249.375,249.375,249.022,249.174,6
2008-12-30 16:44:00,249.879,249.879,249.476,249.476,4
2008-12-30 16:45:00,250.081,250.081,250.081,250.081,1
2008-12-30 16:46:00,250.131,250.283,250.131,250.131,4
2008-12-30 16:47:00,249.93,250.283,249.93,250.283,3
2008-12-30 16:50:00,249.879,249.879,249.828,249.828,2
2008-12-30 16:51:00,249.98,249.98,249.98,249.98,1
2008-12-30 16:52:00,249.929,249.929,249.929,249.929,1
2008-12-30 16:53:00,250.03,250.03,250.03,250.03,1
2008-12-30 16:55:00,250.131,250.131,249.979,249.979,4
2008-12-30 16:56:00,250.03,250.03,250.03,250.03,1
2008-12-30 16:57:00,250.08,250.13,250.08,250.13,2
2008-12-30 16:58:00,250.181,250.181,250.181,250.181,1
2008-12-30 16:59:00,250.382,250.382,250.231,250.231,3
2008-12-30 17:00:00,250.382,250.382,250.281,250.281,2
2008-12-30 17:03:00,250.13,250.13,250.13,250.13,1
2008-12-30 17:05:00,250.18,250.18,250.18,250.18,1
2008-12-30 17:06:00,250.13,250.13,250.13,250.13,1
2008-12-30 17:07:00,250.23,250.23,249.877,249.877,4
2008-12-30 17:08:00,250.281,250.281,250.281,250.281,1
2008-12-30 17:09:00,250.23,250.331,250.23,250.331,2
2008-12-30 17:12:00,250.028,250.028,250.028,250.028,1
2008-12-30 17:13:00,250.129,250.129,249.877,249.877,2
2008-12-30 17:14:00,249.927,250.028,249.927,250.028,2
2008-12-31 07:00:00,250.208,250.208,250.107,250.208,3
2008-12-31 07:01:00,250.056,250.056,250.006,250.006,2
2008-12-31 07:02:00,250.006,250.006,250.006,250.006,1
2008-12-31 07:04:00,250.56,250.56,250.56,250.56,1
2008-12-31 07:08:00,250.661,250.661,250.661,250.661,1
2008-12-31 07:09:00,250.963,250.963,250.812,250.812,2
2008-12-31 07:12:00,251.064,251.064,251.064,251.064,1
2008-12-31 07:17:00,251.013,251.013,251.013,251.013,1
2008-12-31 07:20:00,250.71,250.861,250.71,250.861,2
2008-12-31 07:22:00,250.811,251.012,250.811,251.012,2
2008-12-31 07:24:00,250.76,250.76,250.76,250.76,1
2008-12-31 07:27:00,250.709,250.709,250.709,250.709,1
2008-12-31 07:37:00,250.759,250.759,250.759,250.759,1
2008-12-31 07:39:00,250.96,250.96,250.96,250.96,1
2008-12-31 07:51:00,251.161,251.161,251.06,251.06,2
2008-12-31 07:52:00,250.858,250.858,250.858,250.858,1
2008-12-31 07:54:00,250.808,250.808,250.808,250.808,1
2008-12-31 07:55:00,250.757,250.757,250.757,250.757,1
2008-12-31 07:56:00,250.707,250.757,250.707,250.707,3
2008-12-31 07:59:00,250.757,250.959,250.757,250.757,3
2008-12-31 08:00:00,250.706,251.11,250.253,250.707,17
2008-12-31 08:01:00,250.454,251.009,250.353,250.959,10
2008-12-31 08:03:00,250.454,250.555,250.454,250.505,12
2008-12-31 08:04:00,250.757,250.757,250.454,250.555,22
2008-12-31 08:05:00,251.009,251.261,250.605,250.656,40
2008-12-31 08:06:00,250.857,250.908,250.807,250.857,9
2008-12-31 08:07:00,250.555,250.756,250.454,250.756,8
2008-12-31 08:08:00,250.655,250.655,250.605,250.605,2
2008-12-31 08:09:00,250.554,250.655,250.554,250.605,3
2008-12-31 08:10:00,250.554,250.554,250.454,250.454,2
2008-12-31 08:11:00,250.201,250.655,250.201,250.655,14
2008-12-31 08:12:00,250.252,250.353,249.848,250.151,19
2008-12-31 08:13:00,250.151,250.201,250.151,250.151,3
2008-12-31 08:14:00,250.1,250.201,250.1,250.201,3
2008-12-31 08:15:00,249.999,249.999,249.999,249.999,1
2008-12-31 08:16:00,250.05,250.201,250.05,250.05,11
2008-12-31 08:17:00,249.949,250.05,249.898,249.999,5
2008-12-31 08:18:00,249.898,249.999,249.898,249.898,3
2008-12-31 08:19:00,249.747,249.848,249.697,249.848,6
2008-12-31 08:20:00,249.596,249.696,249.596,249.696,3
2008-12-31 08:21:00,249.394,249.545,249.394,249.545,3
2008-12-31 08:23:00,249.242,249.495,249.242,249.444,5
2008-12-31 08:24:00,249.343,249.394,249.293,249.343,4
2008-12-31 08:25:00,249.343,249.494,249.343,249.394,6
2008-12-31 08:27:00,249.746,249.746,249.545,249.545,3
2008-12-31 08:28:00,249.645,249.696,249.595,249.696,4
2008-12-31 08:29:00,249.645,249.746,249.595,249.746,4
2008-12-31 08:30:00,249.544,249.746,249.544,249.746,6
2008-12-31 08:31:00,249.494,249.494,249.494,249.494,1
2008-12-31 08:33:00,249.544,249.544,249.544,249.544,1
2008-12-31 08:35:00,249.494,249.494,249.494,249.494,1
2008-12-31 08:37:00,249.544,249.544,249.544,249.544,1
2008-12-31 08:38:00,249.544,249.594,249.544,249.594,2
2008-12-31 08:39:00,249.695,249.695,249.594,249.594,2
2008-12-31 08:40:00,249.745,249.745,249.745,249.745,1
2008-12-31 08:41:00,249.745,249.745,249.695,249.695,2
2008-12-31 08:43:00,249.846,249.846,249.745,249.795,5
2008-12-31 08:44:00,249.997,249.997,249.795,249.795,5
2008-12-31 08:47:00,249.946,249.997,249.946,249.946,3
2008-12-31 08:49:00,249.996,249.996,249.996,249.996,1
2008-12-31 08:51:00,249.946,249.946,249.946,249.946,1
2008-12-31 08:52:00,249.996,249.996,249.996,249.996,1
2008-12-31 08:54:00,250.046,250.046,249.946,249.946,3
2008-12-31 08:55:00,250.097,250.097,250.097,250.097,1
2008-12-31 08:56:00,250.197,250.197,250.147,250.147,2
2008-12-31 08:57:00,250.197,250.197,250.147,250.147,2
2008-12-31 08:58:00,250.147,250.147,250.147,250.147,1
2008-12-31 08:59:00,250.399,250.449,250.197,250.197,8
2008-12-31 09:02:00,250.298,250.348,250.298,250.348,2
2008-12-31 09:03:00,250.348,250.348,250.348,250.348,1
2008-12-31 09:05:00,250.398,250.398,250.398,250.398,1
2008-12-31 09:06:00,250.348,250.449,250.348,250.348,4
2008-12-31 09:07:00,250.348,250.348,250.297,250.297,2
2008-12-31 09:08:00,250.348,250.348,250.297,250.297,2
2008-12-31 09:09:00,250.448,250.448,250.297,250.398,6
2008-12-31 09:10:00,250.398,250.398,250.347,250.347,2
2008-12-31 09:11:00,250.297,250.297,250.297,250.297,1
2008-12-31 09:12:00,250.146,250.347,250.146,250.347,5
2008-12-31 09:13:00,250.297,250.297,250.297,250.297,1
2008-12-31 09:14:00,250.045,250.145,250.045,250.145,2
2008-12-31 09:16:00,250.296,250.296,250.196,250.196,3
2008-12-31 09:17:00,250.347,250.448,250.296,250.347,6
2008-12-31 09:18:00,250.448,250.448,250.397,250.397,4
2008-12-31 09:19:00,250.447,250.447,250.397,250.397,2
2008-12-31 09:20:00,250.397,250.397,250.397,250.397,1
2008-12-31 09:24:00,250.447,250.447,250.447,250.447,1
2008-12-31 09:25:00,250.397,250.397,250.397,250.397,1
2008-12-31 09:27:00,250.548,250.548,250.447,250.447,3
2008-12-31 09:28:00,250.497,250.547,250.497,250.497,3
2008-12-31 09:29:00,250.497,250.497,250.396,250.396,2
2008-12-31 09:31:00,250.446,250.446,250.446,250.446,1
2008-12-31 09:33:00,250.396,250.396,250.396,250.396,1
2008-12-31 09:36:00,250.345,250.345,250.345,250.345,1
2008-12-31 09:37:00,250.295,250.295,250.295,250.295,1
2008-12-31 09:38:00,250.446,250.446,250.244,250.244,3
2008-12-31 09:41:00,250.395,250.496,250.244,250.345,5
2008-12-31 09:42:00,250.445,250.445,250.445,250.445,1
2008-12-31 09:43:00,250.647,250.647,250.294,250.294,11
2008-12-31 09:44:00,250.596,250.596,250.546,250.546,2
2008-12-31 09:46:00,250.546,250.546,250.546,250.546,1
2008-12-31 09:50:00,250.495,250.495,250.495,250.495,1
2008-12-31 09:52:00,250.596,250.596,250.545,250.545,4
2008-12-31 09:55:00,250.596,250.596,250.545,250.545,2
2008-12-31 09:57:00,250.595,250.646,250.595,250.646,2
2008-12-31 09:58:00,250.646,250.646,250.646,250.646,1
2008-12-31 09:59:00,250.646,250.646,250.595,250.595,2
2008-12-31 10:00:00,250.545,250.545,250.545,250.545,1
2008-12-31 10:01:00,250.595,250.595,250.595,250.595,1
2008-12-31 10:02:00,250.545,250.545,250.444,250.494,5
2008-12-31 10:11:00,250.645,250.645,250.645,250.645,1
2008-12-31 10:12:00,250.544,250.745,250.544,250.695,3
2008-12-31 10:14:00,250.594,250.594,250.594,250.594,1
2008-12-31 10:15:00,250.644,250.644,250.644,250.644,1
2008-12-31 10:16:00,250.695,250.695,250.695,250.695,1
2008-12-31 10:19:00,250.593,250.644,250.593,250.644,2
2008-12-31 10:20:00,250.644,250.644,250.644,250.644,1
2008-12-31 10:21:00,250.744,250.744,250.694,250.694,2
2008-12-31 10:22:00,250.694,250.694,250.694,250.694,1
2008-12-31 10:23:00,250.644,250.644,250.644,250.644,1
2008-12-31 10:25:00,250.744,250.744,250.744,250.744,1
2008-12-31 10:27:00,250.794,250.794,250.794,250.794,1
2008-12-31 10:29:00,250.845,250.895,250.845,250.845,3
2008-12-31 10:30:00,250.744,250.945,250.744,250.895,4
2008-12-31 10:31:00,250.744,250.996,250.744,250.844,3
2008-12-31 10:34:00,250.743,250.794,250.743,250.794,2
2008-12-31 10:36:00,250.743,250.794,250.693,250.794,3
2008-12-31 10:38:00,250.945,250.945,250.793,250.793,3
2008-12-31 10:41:00,250.692,250.743,250.692,250.743,2
2008-12-31 10:42:00,250.843,250.843,250.843,250.843,1
2008-12-31 10:43:00,250.995,250.995,250.894,250.894,3
2008-12-31 10:44:00,250.995,250.995,250.894,250.894,2
2008-12-31 10:45:00,250.944,250.944,250.894,250.894,2
2008-12-31 10:46:00,250.944,250.944,250.843,250.894,3
2008-12-31 10:49:00,250.994,250.994,250.994,250.994,1
2008-12-31 10:50:00,250.893,250.944,250.843,250.944,4
2008-12-31 10:51:00,250.843,250.843,250.843,250.843,1
2008-12-31 10:52:00,250.893,250.893,250.893,250.893,1
2008-12-31 10:54:00,250.893,250.893,250.842,250.842,2
2008-12-31 10:55:00,250.842,250.842,250.842,250.842,1
2008-12-31 10:56:00,250.893,250.893,250.893,250.893,1
2008-12-31 10:57:00,250.993,250.993,250.943,250.943,2
2008-12-31 10:58:00,250.943,250.943,250.943,250.943,1
2008-12-31 10:59:00,250.943,250.943,250.892,250.892,2
2008-12-31 11:00:00,250.892,250.943,250.892,250.892,3
2008-12-31 11:02:00,250.892,250.892,250.842,250.842,2
2008-12-31 11:03:00,250.741,250.842,250.741,250.842,2
2008-12-31 11:05:00,250.993,250.993,250.791,250.791,4
2008-12-31 11:06:00,250.841,250.892,250.841,250.892,2
2008-12-31 11:07:00,250.791,250.791,250.791,250.791,1
2008-12-31 11:08:00,250.841,250.892,250.74,250.892,5
2008-12-31 11:09:00,250.891,250.892,250.841,250.892,3
2008-12-31 11:10:00,250.891,250.942,250.891,250.942,2
2008-12-31 11:11:00,250.942,250.942,250.942,250.942,1
2008-12-31 11:12:00,250.992,250.992,250.992,250.992,1
2008-12-31 11:13:00,250.841,250.942,250.79,250.942,3
2008-12-31 11:14:00,250.79,250.79,250.79,250.79,1
2008-12-31 11:15:00,250.891,250.891,250.891,250.891,1
2008-12-31 11:16:00,250.992,250.992,250.992,250.992,1
2008-12-31 11:17:00,250.941,250.941,250.941,250.941,1
2008-12-31 11:18:00,250.689,250.992,250.689,250.891,5
2008-12-31 11:19:00,250.79,250.79,250.739,250.739,4
2008-12-31 11:23:00,250.789,250.84,250.789,250.84,2
2008-12-31 11:24:00,250.84,250.84,250.84,250.84,1
2008-12-31 11:26:00,250.94,250.94,250.89,250.89,2
2008-12-31 11:28:00,250.94,250.94,250.89,250.89,2
2008-12-31 11:31:00,250.839,250.89,250.839,250.89,2
2008-12-31 11:33:00,250.889,250.889,250.889,250.889,1
2008-12-31 11:34:00,250.94,250.94,250.94,250.94,1
2008-12-31 11:36:00,250.889,250.889,250.889,250.889,1
2008-12-31 11:38:00,250.939,250.939,250.939,250.939,1
2008-12-31 11:39:00,250.889,250.889,250.889,250.889,1
2008-12-31 11:40:00,250.838,250.838,250.838,250.838,1
2008-12-31 11:46:00,250.838,250.888,250.838,250.888,2
2008-12-31 11:47:00,250.888,250.888,250.888,250.888,1
2008-12-31 11:48:00,250.838,250.838,250.838,250.838,1
2008-12-31 11:50:00,250.787,250.787,250.787,250.787,1
2008-12-31 11:53:00,250.837,250.837,250.837,250.837,1
2008-12-31 11:55:00,250.887,250.887,250.887,250.887,1
2008-12-31 11:56:00,250.837,250.837,250.837,250.837,1
2008-12-31 11:57:00,250.887,250.887,250.887,250.887,1
2008-12-31 11:58:00,250.736,250.837,250.736,250.837,3
2008-12-31 11:59:00,250.786,250.786,250.786,250.786,1
2008-12-31 12:01:00,250.736,250.736,250.736,250.736,1
2008-12-31 12:04:00,250.887,250.887,250.786,250.786,2
2008-12-31 12:05:00,250.735,250.836,250.735,250.836,3
2008-12-31 12:07:00,250.534,250.685,250.534,250.685,4
2008-12-31 12:10:00,250.432,250.483,250.18,250.483,7
2008-12-31 12:13:00,250.281,250.382,250.281,250.382,3
2008-12-31 12:14:00,250.281,250.281,250.23,250.23,2
2008-12-31 12:15:00,250.18,250.281,250.13,250.23,8
2008-12-31 12:16:00,250.029,250.13,250.029,250.13,7
2008-12-31 12:17:00,249.978,249.978,249.928,249.978,3
2008-12-31 12:18:00,250.079,250.079,250.028,250.028,2
2008-12-31 12:20:00,250.028,250.129,250.028,250.129,2
2008-12-31 12:21:00,249.978,249.978,249.978,249.978,1
2008-12-31 12:22:00,249.978,249.978,249.927,249.927,2
2008-12-31 12:23:00,249.826,249.927,249.826,249.927,3
2008-12-31 12:24:00,249.877,249.877,249.877,249.877,1
2008-12-31 12:25:00,249.826,249.826,249.826,249.826,1
2008-12-31 12:26:00,249.826,249.877,249.826,249.877,2
2008-12-31 12:27:00,249.372,249.776,249.372,249.776,26
2008-12-31 12:28:00,249.171,249.423,249.171,249.423,24
2008-12-31 12:29:00,249.322,249.322,249.12,249.322,13
2008-12-31 12:30:00,249.221,249.423,249.221,249.372,7
2008-12-31 12:31:00,249.221,249.322,249.221,249.271,4
2008-12-31 12:32:00,249.17,249.322,249.12,249.322,6
2008-12-31 12:33:00,249.221,249.221,249.221,249.221,1
2008-12-31 12:34:00,249.372,249.372,249.271,249.271,3
2008-12-31 12:35:00,249.472,249.473,249.422,249.422,4
2008-12-31 12:36:00,249.523,249.523,249.523,249.523,1
2008-12-31 12:37:00,249.624,249.624,249.472,249.472,4
2008-12-31 12:38:00,249.623,249.623,249.573,249.573,8
2008-12-31 12:39:00,249.623,249.623,249.573,249.573,4
2008-12-31 12:40:00,249.623,249.623,249.573,249.573,2
2008-12-31 12:41:00,249.573,249.573,249.573,249.573,1
2008-12-31 12:42:00,249.472,249.522,249.472,249.522,4
2008-12-31 12:43:00,249.421,249.421,249.22,249.371,6
2008-12-31 12:44:00,249.371,249.371,249.22,249.22,4
2008-12-31 12:45:00,249.32,249.32,249.27,249.32,3
2008-12-31 12:46:00,249.32,249.421,249.27,249.27,4
2008-12-31 12:47:00,249.522,249.522,249.371,249.421,6
2008-12-31 12:48:00,249.421,249.522,249.421,249.421,5
2008-12-31 12:49:00,249.622,249.622,249.421,249.471,4
2008-12-31 12:50:00,249.723,249.723,249.471,249.471,6
2008-12-31 12:51:00,249.572,249.723,249.572,249.622,8
2008-12-31 12:52:00,249.471,249.521,249.421,249.521,10
2008-12-31 12:53:00,249.521,249.521,249.42,249.521,8
2008-12-31 12:54:00,249.42,249.572,249.42,249.572,4
2008-12-31 12:55:00,249.622,249.622,249.471,249.521,5
2008-12-31 12:56:00,249.168,249.572,249.168,249.572,12
2008-12-31 12:57:00,249.218,249.471,249.118,249.319,35
2008-12-31 12:58:00,248.412,249.118,248.311,249.118,35
2008-12-31 12:59:00,248.261,248.866,248.059,248.261,44
