time,close,high,low,open,volume
2018-02-01 08:30:00,0.13148,0.13168,0.13148,0.13154,16
2018-02-01 08:31:00,0.13138,0.13158,0.13134,0.13156,17
2018-02-01 08:32:00,0.13138,0.13138,0.1313,0.1313,2
2018-02-01 08:33:00,0.13148,0.13148,0.13148,0.13148,1
2018-02-01 08:34:00,0.13138,0.13144,0.13138,0.13144,2
2018-02-01 08:37:00,0.13138,0.13148,0.13138,0.13148,8
2018-02-01 08:38:00,0.1313,0.1313,0.1313,0.1313,1
2018-02-01 08:39:00,0.1313,0.1313,0.1312,0.13122,7
2018-02-01 08:41:00,0.1313,0.1313,0.13122,0.13124,4
2018-02-01 08:44:00,0.1313,0.1314,0.1313,0.13136,9
2018-02-01 08:45:00,0.1314,0.1314,0.1313,0.13134,16
2018-02-01 08:50:00,0.1313,0.1314,0.1313,0.13134,4
2018-02-01 08:51:00,0.1314,0.1314,0.1313,0.1313,12
2018-02-01 08:52:00,0.13148,0.13148,0.1314,0.13144,3
2018-02-01 08:54:00,0.13148,0.13148,0.13144,0.13144,2
2018-02-01 08:57:00,0.13154,0.13158,0.13148,0.13156,12
2018-02-01 08:58:00,0.13158,0.13158,0.13158,0.13158,1
2018-02-01 08:59:00,0.1314,0.13148,0.1314,0.13148,2
2018-02-01 09:00:00,0.13154,0.13158,0.1314,0.1314,9
2018-02-01 09:01:00,0.13148,0.13158,0.13148,0.13158,2
2018-02-01 09:03:00,0.13158,0.13158,0.13154,0.13156,3
2018-02-01 09:04:00,0.13148,0.13148,0.13148,0.13148,1
2018-02-01 09:12:00,0.13158,0.13158,0.13158,0.13158,1
2018-02-01 09:13:00,0.1315,0.13158,0.1315,0.13152,12
2018-02-01 09:14:00,0.1315,0.1315,0.1314,0.1314,3
2018-02-01 09:22:00,0.13158,0.13158,0.13158,0.13158,1
2018-02-01 09:28:00,0.1315,0.13158,0.1315,0.1315,7
2018-02-01 09:29:00,0.13158,0.13158,0.13158,0.13158,1
2018-02-01 09:30:00,0.1315,0.13158,0.1315,0.1315,5
2018-02-01 09:32:00,0.1315,0.13158,0.1315,0.13156,3
2018-02-01 09:34:00,0.1315,0.13158,0.1315,0.13158,4
2018-02-01 09:35:00,0.13158,0.13158,0.1315,0.13154,8
2018-02-01 09:44:00,0.1315,0.1315,0.1315,0.1315,1
2018-02-01 09:50:00,0.1316,0.1316,0.1316,0.1316,1
2018-02-01 10:02:00,0.1316,0.13164,0.1315,0.1316,7
2018-02-01 10:08:00,0.1315,0.1315,0.1315,0.1315,1
2018-02-01 10:12:00,0.1314,0.1314,0.1314,0.1314,1
2018-02-01 10:16:00,0.1314,0.1315,0.1314,0.1315,2
2018-02-01 10:18:00,0.1314,0.13144,0.1314,0.13144,2
2018-02-01 10:22:00,0.1315,0.1315,0.1315,0.1315,1
2018-02-01 10:24:00,0.1315,0.1315,0.13144,0.13144,2
2018-02-01 10:25:00,0.1315,0.1315,0.1314,0.13142,3
2018-02-01 10:28:00,0.1316,0.1316,0.1315,0.13156,4
2018-02-01 10:30:00,0.1317,0.1317,0.1317,0.1317,1
2018-02-01 10:33:00,0.1317,0.1317,0.1316,0.1316,3
2018-02-01 10:34:00,0.1316,0.1316,0.1316,0.1316,1
2018-02-01 10:37:00,0.1315,0.13154,0.1315,0.13154,2
2018-02-01 10:40:00,0.1314,0.1314,0.1314,0.1314,1
2018-02-01 10:41:00,0.1316,0.1316,0.1315,0.1315,3
2018-02-01 10:42:00,0.1315,0.1316,0.1315,0.13152,6
2018-02-01 10:46:00,0.1316,0.1316,0.1316,0.1316,1
2018-02-01 10:47:00,0.1315,0.13152,0.1315,0.13152,2
2018-02-01 10:54:00,0.13154,0.1316,0.1315,0.1316,6
2018-02-01 10:55:00,0.1316,0.1316,0.1316,0.1316,1
2018-02-01 10:56:00,0.1315,0.1315,0.1315,0.1315,3
2018-02-01 10:59:00,0.13144,0.13144,0.13142,0.13142,2
2018-02-01 11:00:00,0.1314,0.1315,0.1314,0.1315,3
2018-02-01 11:10:00,0.1315,0.1315,0.13146,0.13146,2
2018-02-01 11:20:00,0.1315,0.1315,0.1314,0.1314,2
2018-02-01 11:21:00,0.1315,0.1315,0.13148,0.13148,2
2018-02-01 11:23:00,0.1315,0.1315,0.13148,0.13148,2
2018-02-01 11:27:00,0.1315,0.1315,0.13148,0.13148,2
2018-02-01 11:39:00,0.1314,0.1314,0.1314,0.1314,1
2018-02-01 11:52:00,0.1314,0.13142,0.1314,0.13142,2
2018-02-01 11:55:00,0.1314,0.13142,0.1314,0.13142,2
2018-02-01 11:56:00,0.1316,0.13166,0.13144,0.13144,8
2018-02-01 12:00:00,0.13164,0.1317,0.1316,0.1317,6
2018-02-01 12:01:00,0.13164,0.13164,0.1316,0.1316,4
2018-02-01 12:02:00,0.1316,0.1316,0.1316,0.1316,1
2018-02-01 12:03:00,0.1316,0.1317,0.1316,0.1317,4
2018-02-01 12:12:00,0.1317,0.1317,0.1316,0.13164,6
2018-02-01 12:13:00,0.1317,0.1318,0.1317,0.1318,3
2018-02-01 12:14:00,0.1317,0.13174,0.1317,0.13174,2
2018-02-01 12:16:00,0.1318,0.1318,0.1317,0.1318,4
2018-02-01 12:17:00,0.13174,0.13176,0.1317,0.1317,4
2018-02-01 12:18:00,0.1317,0.1317,0.1317,0.1317,1
2018-02-01 12:19:00,0.1317,0.1317,0.1316,0.1316,2
2018-02-01 12:26:00,0.1319,0.1319,0.1318,0.1318,4
2018-02-01 12:27:00,0.1318,0.1318,0.1318,0.1318,1
2018-02-01 12:28:00,0.1319,0.1319,0.1319,0.1319,1
2018-02-01 12:32:00,0.132,0.132,0.132,0.132,1
2018-02-01 12:35:00,0.1321,0.13224,0.13204,0.13204,10
2018-02-01 12:37:00,0.13218,0.13218,0.1321,0.13218,3
2018-02-01 12:38:00,0.1321,0.1321,0.1321,0.1321,1
2018-02-01 12:40:00,0.13218,0.13218,0.13218,0.13218,1
2018-02-01 12:41:00,0.1322,0.1322,0.1321,0.1321,2
2018-02-01 12:43:00,0.1321,0.1321,0.1321,0.1321,1
2018-02-01 12:44:00,0.1321,0.1322,0.1321,0.1322,3
2018-02-01 12:45:00,0.1321,0.1322,0.1321,0.1322,7
2018-02-01 12:47:00,0.1321,0.1322,0.1321,0.1322,3
2018-02-01 12:48:00,0.1321,0.1322,0.13202,0.13216,5
2018-02-01 12:52:00,0.1322,0.13228,0.13218,0.1322,10
2018-02-01 12:53:00,0.1321,0.1321,0.1321,0.1321,1
2018-02-01 12:54:00,0.132,0.13202,0.132,0.13202,2
2018-02-01 12:55:00,0.1321,0.1321,0.132,0.132,3
2018-02-01 12:56:00,0.13228,0.13228,0.1321,0.1321,8
2018-02-01 12:57:00,0.13228,0.13238,0.13228,0.13238,8
2018-02-01 12:58:00,0.13228,0.13228,0.1322,0.1322,2
2018-02-01 12:59:00,0.1322,0.1322,0.1322,0.1322,1
2018-02-01 13:00:00,0.1322,0.13228,0.1322,0.13228,4
2018-02-01 13:01:00,0.1319,0.13224,0.1318,0.13224,13
2018-02-01 13:02:00,0.1319,0.132,0.1319,0.132,2
2018-02-01 13:03:00,0.1322,0.1322,0.13196,0.13196,4
2018-02-01 13:04:00,0.13228,0.13238,0.13228,0.13228,3
2018-02-01 13:05:00,0.13228,0.13238,0.13228,0.13238,2
2018-02-01 13:06:00,0.13228,0.13238,0.1322,0.13236,20
2018-02-01 13:07:00,0.13238,0.13238,0.1321,0.13224,10
2018-02-01 13:08:00,0.13238,0.13238,0.13234,0.13234,2
2018-02-01 13:09:00,0.13228,0.13248,0.13228,0.1324,6
2018-02-01 13:10:00,0.1323,0.1323,0.1321,0.1322,14
2018-02-01 13:11:00,0.13248,0.13266,0.13238,0.13238,11
2018-02-01 13:12:00,0.13268,0.13276,0.13254,0.13256,10
2018-02-01 13:13:00,0.13258,0.13278,0.13248,0.13278,19
2018-02-01 13:14:00,0.1323,0.13254,0.1323,0.13254,10
2018-02-01 13:15:00,0.1323,0.13238,0.1323,0.13238,3
2018-02-01 13:16:00,0.1321,0.1323,0.1321,0.1322,12
2018-02-01 13:17:00,0.1322,0.1322,0.1321,0.13216,6
2018-02-01 13:18:00,0.13194,0.1322,0.1319,0.1321,8
2018-02-01 13:19:00,0.132,0.132,0.1319,0.1319,7
2018-02-01 13:20:00,0.132,0.132,0.1319,0.1319,4
2018-02-01 13:22:00,0.1321,0.1321,0.13206,0.13206,2
2018-02-01 13:23:00,0.1323,0.13238,0.13214,0.13214,5
2018-02-01 13:24:00,0.13238,0.13258,0.13224,0.13224,19
2018-02-01 13:25:00,0.13248,0.13248,0.13238,0.13244,18
2018-02-01 13:26:00,0.13238,0.13248,0.13238,0.13238,5
2018-02-01 13:27:00,0.13238,0.13248,0.1323,0.13244,12
2018-02-01 13:28:00,0.13238,0.13248,0.1323,0.1323,9
2018-02-01 13:30:00,0.13244,0.13258,0.13238,0.13244,15
2018-02-01 13:31:00,0.13258,0.13258,0.13238,0.13238,4
2018-02-01 13:32:00,0.13258,0.13268,0.13258,0.13266,6
2018-02-01 13:33:00,0.13268,0.13268,0.13258,0.13264,4
2018-02-01 13:34:00,0.13278,0.13278,0.13276,0.13276,2
2018-02-01 13:35:00,0.13268,0.13288,0.13268,0.13288,7
2018-02-01 13:36:00,0.13258,0.13258,0.13258,0.13258,1
2018-02-01 13:37:00,0.13268,0.13268,0.13266,0.13266,2
2018-02-01 13:38:00,0.13278,0.13278,0.13278,0.13278,1
2018-02-01 13:39:00,0.13278,0.13288,0.13278,0.13286,8
2018-02-01 13:40:00,0.13258,0.13272,0.13258,0.13272,3
2018-02-01 13:41:00,0.13258,0.13274,0.13248,0.13268,9
2018-02-01 13:43:00,0.13258,0.13266,0.13258,0.13266,2
2018-02-01 13:44:00,0.13268,0.13268,0.13268,0.13268,1
2018-02-01 13:46:00,0.13258,0.13258,0.13258,0.13258,1
2018-02-01 13:49:00,0.1324,0.13248,0.1324,0.13248,5
2018-02-01 13:53:00,0.1323,0.13236,0.1322,0.1323,5
2018-02-01 13:54:00,0.13258,0.13258,0.1324,0.1324,3
2018-02-01 13:55:00,0.13248,0.13266,0.13248,0.13266,4
2018-02-01 13:56:00,0.13258,0.13258,0.13256,0.13256,2
2018-02-01 13:57:00,0.13268,0.13268,0.13258,0.13268,6
2018-02-01 13:58:00,0.13268,0.13278,0.13258,0.13278,14
2018-02-01 14:00:00,0.13268,0.13278,0.13268,0.13278,6
2018-02-01 14:01:00,0.13268,0.13268,0.13258,0.13258,7
2018-02-01 14:03:00,0.13258,0.13268,0.13258,0.13268,6
2018-02-01 14:04:00,0.1324,0.13248,0.1324,0.13248,2
2018-02-01 14:05:00,0.13258,0.13258,0.13248,0.13248,3
2018-02-01 14:06:00,0.13268,0.13268,0.13268,0.13268,1
2018-02-01 14:09:00,0.13258,0.13258,0.13258,0.13258,1
2018-02-01 14:10:00,0.13258,0.13266,0.1325,0.13252,9
2018-02-01 14:11:00,0.13278,0.13278,0.13268,0.13268,2
2018-02-01 14:13:00,0.13278,0.13288,0.13278,0.13288,2
2018-02-01 14:14:00,0.13272,0.13272,0.13272,0.13272,1
2018-02-01 14:15:00,0.13268,0.13268,0.13262,0.13268,5
2018-02-01 14:17:00,0.1324,0.13258,0.13238,0.13258,6
2018-02-01 14:18:00,0.1322,0.1324,0.1321,0.13234,16
2018-02-01 14:19:00,0.1321,0.1323,0.1321,0.13226,6
2018-02-01 14:20:00,0.1321,0.1322,0.1321,0.13214,6
2018-02-01 14:21:00,0.1321,0.1322,0.1321,0.13216,3
2018-02-01 14:22:00,0.1318,0.1321,0.1318,0.132,10
2018-02-01 14:23:00,0.1318,0.1318,0.1317,0.1317,15
2018-02-01 14:24:00,0.1316,0.13174,0.1316,0.13174,6
2018-02-01 14:25:00,0.1317,0.1318,0.1316,0.13162,10
2018-02-01 14:26:00,0.1316,0.13176,0.1316,0.13176,11
2018-02-01 14:27:00,0.1318,0.1318,0.13164,0.13164,4
2018-02-01 14:28:00,0.13186,0.13186,0.13186,0.13186,1
2018-02-01 14:29:00,0.132,0.132,0.13194,0.132,3
2018-02-01 14:30:00,0.1319,0.13192,0.1318,0.13192,9
2018-02-01 14:31:00,0.1318,0.13182,0.1317,0.13182,4
2018-02-01 14:34:00,0.1317,0.1317,0.1317,0.1317,1
2018-02-01 14:36:00,0.13176,0.13176,0.13176,0.13176,1
2018-02-01 14:37:00,0.13164,0.1317,0.1316,0.1317,8
2018-02-01 14:38:00,0.1317,0.13176,0.1317,0.1317,5
2018-02-01 14:39:00,0.1318,0.1318,0.1318,0.1318,1
2018-02-01 14:40:00,0.13196,0.13196,0.13186,0.13186,2
2018-02-01 14:41:00,0.1318,0.13194,0.1318,0.13194,4
2018-02-01 14:42:00,0.1318,0.1318,0.1317,0.13172,7
2018-02-01 14:43:00,0.1317,0.13186,0.1317,0.13186,4
2018-02-01 14:44:00,0.1318,0.1318,0.1317,0.13172,4
2018-02-01 14:45:00,0.1317,0.13172,0.1317,0.13172,3
2018-02-01 14:47:00,0.1317,0.1318,0.1317,0.1318,2
2018-02-01 14:48:00,0.1318,0.1318,0.13174,0.13174,2
2018-02-01 14:49:00,0.1318,0.1319,0.1318,0.1319,4
2018-02-01 14:50:00,0.1317,0.1317,0.1317,0.1317,1
2018-02-01 14:51:00,0.13176,0.13176,0.13176,0.13176,1
2018-02-01 14:52:00,0.13196,0.13196,0.13186,0.13186,2
2018-02-01 14:54:00,0.13206,0.13206,0.13206,0.13206,1
2018-02-01 14:55:00,0.132,0.132,0.132,0.132,1
2018-02-01 14:56:00,0.132,0.132,0.1319,0.1319,2
2018-02-01 14:57:00,0.132,0.132,0.1319,0.1319,3
2018-02-01 14:58:00,0.132,0.1321,0.132,0.13204,6
2018-02-01 14:59:00,0.13206,0.13206,0.1319,0.1319,3
2018-02-01 15:00:00,0.132,0.132,0.132,0.132,1
2018-02-01 15:01:00,0.13236,0.13236,0.1321,0.1321,7
2018-02-01 15:02:00,0.1324,0.1324,0.1322,0.13234,6
2018-02-01 15:03:00,0.13246,0.13246,0.1323,0.1323,5
2018-02-01 15:04:00,0.13244,0.1326,0.1324,0.1325,15
2018-02-01 15:05:00,0.1325,0.1326,0.1324,0.1325,18
2018-02-01 15:07:00,0.1326,0.1326,0.13256,0.13256,2
2018-02-01 15:09:00,0.13276,0.13276,0.13264,0.13266,4
2018-02-01 15:10:00,0.1326,0.13288,0.1326,0.13288,14
2018-02-01 15:11:00,0.13252,0.1327,0.13252,0.1327,5
2018-02-01 15:12:00,0.1325,0.1326,0.1325,0.1326,9
2018-02-01 15:16:00,0.13222,0.1324,0.1322,0.1324,8
2018-02-01 15:17:00,0.1322,0.1323,0.1321,0.1321,8
2018-02-01 15:18:00,0.1324,0.1325,0.13226,0.13226,12
2018-02-01 15:19:00,0.1325,0.1325,0.13246,0.13246,2
2018-02-01 15:20:00,0.1323,0.1324,0.1323,0.1324,2
2018-02-01 15:21:00,0.1324,0.1325,0.13236,0.13236,3
2018-02-01 15:22:00,0.13236,0.1324,0.1323,0.13232,5
2018-02-01 15:23:00,0.1323,0.1323,0.1323,0.1323,1
2018-02-01 15:24:00,0.1321,0.13222,0.132,0.13222,9
2018-02-01 15:25:00,0.132,0.1321,0.132,0.13202,21
2018-02-01 15:26:00,0.1322,0.1322,0.13206,0.13206,2
2018-02-01 15:28:00,0.1321,0.13212,0.1321,0.13212,2
2018-02-01 15:29:00,0.1323,0.1323,0.1322,0.1322,2
2018-02-01 15:30:00,0.1322,0.1322,0.1321,0.1322,8
2018-02-01 15:32:00,0.13226,0.13226,0.13226,0.13226,1
2018-02-01 15:34:00,0.13236,0.13236,0.13236,0.13236,1
2018-02-01 15:35:00,0.13236,0.13236,0.1323,0.1323,2
2018-02-01 15:36:00,0.1324,0.1325,0.1324,0.13242,3
2018-02-01 15:37:00,0.1323,0.13246,0.1323,0.13246,3
2018-02-01 15:38:00,0.1322,0.1323,0.13212,0.1322,10
2018-02-01 15:39:00,0.1322,0.1323,0.1322,0.1323,4
2018-02-01 15:40:00,0.1321,0.13212,0.132,0.13212,5
2018-02-01 15:41:00,0.132,0.13216,0.1319,0.13216,8
2018-02-01 15:43:00,0.1322,0.1322,0.13206,0.13206,7
2018-02-01 15:44:00,0.1322,0.1322,0.132,0.1321,9
2018-02-01 15:46:00,0.1324,0.1324,0.1323,0.1323,2
2018-02-01 15:47:00,0.1324,0.1324,0.1323,0.1323,9
2018-02-01 15:48:00,0.1325,0.1325,0.1324,0.1325,3
2018-02-01 15:49:00,0.1325,0.1326,0.1324,0.1326,13
2018-02-01 15:50:00,0.1325,0.13254,0.1324,0.13254,19
2018-02-01 15:51:00,0.1324,0.13242,0.1323,0.13242,6
2018-02-01 15:52:00,0.1324,0.1324,0.1322,0.13234,16
2018-02-01 15:54:00,0.1323,0.13232,0.1322,0.13232,4
2018-02-01 15:55:00,0.1323,0.1324,0.1322,0.13236,13
2018-02-01 15:56:00,0.1323,0.1324,0.1322,0.1324,11
2018-02-01 15:57:00,0.1323,0.1323,0.1322,0.13224,8
2018-02-01 15:58:00,0.1324,0.1324,0.13224,0.13224,6
2018-02-01 15:59:00,0.13232,0.1325,0.13232,0.1325,3
2018-02-01 16:00:00,0.1323,0.1324,0.1323,0.1324,2
2018-02-01 16:01:00,0.1321,0.1324,0.1321,0.13236,15
2018-02-01 16:02:00,0.1323,0.1323,0.1321,0.1322,5
2018-02-01 16:03:00,0.13234,0.13234,0.1321,0.1322,6
2018-02-01 16:04:00,0.1324,0.1324,0.1323,0.1324,6
2018-02-01 16:06:00,0.1324,0.1325,0.1324,0.13242,14
2018-02-01 16:07:00,0.1327,0.1327,0.13246,0.13246,4
2018-02-01 16:08:00,0.1325,0.13274,0.1325,0.13274,12
2018-02-01 16:09:00,0.1325,0.1326,0.1324,0.1324,15
2018-02-01 16:10:00,0.1324,0.1325,0.1324,0.1324,12
2018-02-01 16:11:00,0.1322,0.13246,0.1322,0.13246,13
2018-02-01 16:12:00,0.1322,0.1323,0.1321,0.1321,21
2018-02-01 16:13:00,0.1322,0.1323,0.1321,0.13226,8
2018-02-01 16:14:00,0.1322,0.1323,0.1321,0.1323,5
2018-02-01 16:15:00,0.1322,0.1323,0.1321,0.1321,16
2018-02-01 16:16:00,0.132,0.13212,0.1319,0.13212,11
2018-02-01 16:17:00,0.132,0.132,0.1319,0.13198,7
2018-02-01 16:20:00,0.1322,0.1322,0.13206,0.13206,9
2018-02-01 16:22:00,0.1321,0.1322,0.1321,0.13212,6
2018-02-01 16:23:00,0.132,0.13216,0.132,0.13204,5
2018-02-01 16:24:00,0.1321,0.1321,0.1321,0.1321,1
2018-02-01 16:25:00,0.132,0.132,0.132,0.132,1
2018-02-01 16:26:00,0.132,0.1322,0.1319,0.1321,18
2018-02-01 16:27:00,0.132,0.1322,0.1319,0.1321,19
2018-02-01 16:28:00,0.132,0.132,0.1319,0.1319,12
2018-02-01 16:29:00,0.132,0.13206,0.1318,0.1319,17
2018-02-01 16:30:00,0.1319,0.1319,0.1319,0.1319,1
2018-02-01 16:31:00,0.13196,0.13196,0.13196,0.13196,1
2018-02-01 16:32:00,0.132,0.132,0.1319,0.1319,12
2018-02-01 16:33:00,0.1321,0.1321,0.13194,0.13194,3
2018-02-01 16:34:00,0.1322,0.1322,0.1321,0.13216,5
2018-02-01 16:36:00,0.1323,0.1323,0.1322,0.13226,5
2018-02-01 16:37:00,0.1323,0.1323,0.1322,0.13224,4
2018-02-01 16:39:00,0.1322,0.1322,0.1322,0.1322,1
2018-02-01 16:40:00,0.132,0.1321,0.132,0.1321,15
2018-02-01 16:41:00,0.1319,0.1321,0.13184,0.13194,17
2018-02-01 16:42:00,0.1321,0.1322,0.132,0.132,8
2018-02-01 16:43:00,0.1321,0.1322,0.132,0.13214,6
2018-02-01 16:45:00,0.1322,0.1322,0.1322,0.1322,1
2018-02-01 16:47:00,0.13204,0.13212,0.132,0.13212,6
2018-02-01 16:48:00,0.132,0.1321,0.1319,0.1321,10
2018-02-01 16:49:00,0.13216,0.13216,0.1321,0.1321,2
2018-02-01 16:50:00,0.1322,0.1322,0.1321,0.1321,6
2018-02-01 16:51:00,0.132,0.13212,0.1319,0.13212,9
2018-02-01 16:52:00,0.1319,0.132,0.1319,0.1319,4
2018-02-01 16:53:00,0.1318,0.1318,0.1317,0.1318,7
2018-02-01 16:54:00,0.1317,0.1317,0.1317,0.1317,1
2018-02-01 16:55:00,0.132,0.132,0.1318,0.1318,4
2018-02-01 16:56:00,0.1319,0.132,0.1318,0.1319,8
2018-02-01 16:57:00,0.1319,0.132,0.1318,0.13196,12
2018-02-01 16:58:00,0.1318,0.13184,0.1318,0.1318,3
2018-02-01 16:59:00,0.1319,0.1319,0.1318,0.1319,6
2018-02-01 17:00:00,0.132,0.132,0.1318,0.13184,13
2018-02-01 17:01:00,0.1322,0.1322,0.1321,0.1321,4
2018-02-01 17:02:00,0.13234,0.1324,0.1322,0.13222,24
2018-02-01 17:03:00,0.1327,0.1327,0.1323,0.1324,11
2018-02-01 17:04:00,0.1327,0.1328,0.1326,0.1326,15
2018-02-01 17:05:00,0.133,0.133,0.13274,0.13274,21
2018-02-01 17:06:00,0.13312,0.13328,0.133,0.133,19
2018-02-01 17:07:00,0.13318,0.13328,0.1329,0.13308,12
2018-02-01 17:08:00,0.13304,0.13328,0.13302,0.13328,13
2018-02-01 17:09:00,0.13314,0.13318,0.133,0.13306,16
2018-02-01 17:10:00,0.1328,0.13324,0.1328,0.13318,26
2018-02-01 17:11:00,0.13284,0.1329,0.1327,0.1327,10
2018-02-01 17:12:00,0.133,0.133,0.1329,0.1329,5
2018-02-01 17:13:00,0.133,0.1331,0.13294,0.13304,5
2018-02-01 17:14:00,0.1329,0.1329,0.1328,0.1329,5
2018-02-01 17:15:00,0.133,0.133,0.1329,0.133,3
2018-02-01 17:16:00,0.1328,0.133,0.1328,0.1329,6
2018-02-01 17:18:00,0.133,0.133,0.13286,0.13286,5
2018-02-01 17:19:00,0.1329,0.1329,0.1329,0.1329,1
2018-02-01 17:20:00,0.1326,0.13296,0.1326,0.13296,10
2018-02-01 17:21:00,0.1323,0.1325,0.1322,0.1325,14
2018-02-01 17:22:00,0.1322,0.13236,0.1322,0.13236,3
2018-02-01 17:23:00,0.1322,0.13224,0.1322,0.13224,2
2018-02-01 17:24:00,0.132,0.1321,0.132,0.1321,17
2018-02-01 17:25:00,0.132,0.1321,0.132,0.13206,5
2018-02-01 17:26:00,0.1323,0.1323,0.13204,0.1321,16
2018-02-01 17:27:00,0.1324,0.1324,0.13224,0.13224,6
2018-02-01 17:28:00,0.1326,0.1326,0.13234,0.13234,4
2018-02-01 17:29:00,0.1323,0.1325,0.1323,0.1325,4
2018-02-01 17:30:00,0.13204,0.1323,0.132,0.13224,26
2018-02-01 17:31:00,0.1321,0.1323,0.1321,0.1321,12
2018-02-01 17:32:00,0.1321,0.1322,0.132,0.13204,11
2018-02-01 17:33:00,0.1321,0.1322,0.132,0.1322,25
2018-02-01 17:34:00,0.1321,0.1321,0.132,0.132,14
2018-02-01 17:35:00,0.13224,0.1323,0.132,0.1322,25
2018-02-01 17:36:00,0.1324,0.1324,0.1322,0.13226,21
2018-02-01 17:37:00,0.13234,0.1324,0.13224,0.13234,19
2018-02-01 17:38:00,0.1325,0.1325,0.13224,0.1323,20
2018-02-01 17:39:00,0.1328,0.1328,0.1326,0.1326,11
2018-02-01 17:40:00,0.1324,0.1329,0.13234,0.1329,12
2018-02-01 17:41:00,0.1325,0.1325,0.1323,0.13234,19
2018-02-01 17:42:00,0.1325,0.1325,0.1324,0.13242,16
2018-02-01 17:43:00,0.1323,0.1325,0.1323,0.13244,18
2018-02-01 17:44:00,0.1323,0.1324,0.1323,0.13236,9
2018-02-01 17:45:00,0.13214,0.1324,0.13214,0.13236,16
2018-02-01 17:46:00,0.1319,0.1322,0.1319,0.1322,17
2018-02-01 17:47:00,0.1323,0.1323,0.13196,0.13196,14
2018-02-01 17:48:00,0.1322,0.1323,0.13214,0.1322,8
2018-02-01 17:49:00,0.1321,0.1323,0.1321,0.1323,11
2018-02-01 17:50:00,0.1322,0.1322,0.132,0.13208,23
2018-02-01 17:51:00,0.1325,0.1326,0.13226,0.13226,19
2018-02-01 17:52:00,0.1325,0.1326,0.1324,0.1326,8
2018-02-01 17:53:00,0.1326,0.1329,0.13256,0.13256,25
2018-02-01 17:54:00,0.1325,0.1328,0.1325,0.13266,16
2018-02-01 17:55:00,0.1329,0.1329,0.13256,0.13256,6
2018-02-01 17:56:00,0.1328,0.1329,0.1328,0.13284,5
2018-02-01 17:57:00,0.1329,0.13296,0.1329,0.1329,3
2018-02-01 17:58:00,0.133,0.133,0.133,0.133,1
2018-02-01 17:59:00,0.133,0.133,0.133,0.133,1
2018-02-02 08:30:00,0.13312,0.13312,0.13312,0.13312,1
2018-02-02 08:31:00,0.13302,0.13312,0.13302,0.13302,3
2018-02-02 08:32:00,0.13294,0.13312,0.13294,0.13312,3
2018-02-02 08:33:00,0.13302,0.13302,0.13272,0.13286,6
2018-02-02 08:39:00,0.13292,0.13296,0.13292,0.13294,3
2018-02-02 08:43:00,0.13292,0.13302,0.13292,0.13302,2
2018-02-02 08:45:00,0.13302,0.13302,0.13302,0.13302,1
2018-02-02 08:46:00,0.13292,0.13292,0.13292,0.13292,1
2018-02-02 08:50:00,0.13282,0.13286,0.13282,0.13286,2
2018-02-02 08:55:00,0.13262,0.13272,0.13262,0.13272,2
2018-02-02 08:56:00,0.13272,0.13272,0.13268,0.13268,2
2018-02-02 08:57:00,0.13278,0.13278,0.13278,0.13278,1
2018-02-02 08:58:00,0.13282,0.13282,0.13272,0.13272,7
2018-02-02 08:59:00,0.13302,0.13302,0.13286,0.13286,3
2018-02-02 09:00:00,0.13302,0.13304,0.13292,0.13304,4
2018-02-02 09:02:00,0.13312,0.13322,0.13302,0.13312,17
2018-02-02 09:03:00,0.13332,0.13332,0.13312,0.13322,7
2018-02-02 09:04:00,0.13322,0.13326,0.13322,0.13322,3
2018-02-02 09:05:00,0.13332,0.13332,0.13322,0.13332,3
2018-02-02 09:06:00,0.13322,0.13332,0.13312,0.13322,17
2018-02-02 09:07:00,0.13322,0.13332,0.13322,0.13332,9
2018-02-02 09:08:00,0.13312,0.13332,0.13312,0.13332,12
2018-02-02 09:09:00,0.13312,0.13322,0.13302,0.13302,6
2018-02-02 09:10:00,0.13312,0.13316,0.13312,0.13316,2
2018-02-02 09:11:00,0.13312,0.13314,0.13302,0.13302,7
2018-02-02 09:12:00,0.13312,0.13322,0.13312,0.13322,2
2018-02-02 09:13:00,0.13332,0.13332,0.13312,0.13322,11
2018-02-02 09:14:00,0.13324,0.13324,0.13324,0.13324,1
2018-02-02 09:20:00,0.13332,0.13332,0.13322,0.13332,7
2018-02-02 09:21:00,0.13342,0.13342,0.13322,0.13322,8
2018-02-02 09:22:00,0.13366,0.13366,0.13336,0.13336,6
2018-02-02 09:23:00,0.13362,0.13372,0.13352,0.13362,19
2018-02-02 09:24:00,0.13352,0.13368,0.13352,0.13368,4
2018-02-02 09:26:00,0.13382,0.13382,0.1335,0.1335,15
2018-02-02 09:27:00,0.13372,0.13382,0.13362,0.13372,11
2018-02-02 09:28:00,0.13362,0.13362,0.13362,0.13362,1
2018-02-02 09:30:00,0.13362,0.13362,0.13362,0.13362,2
2018-02-02 09:32:00,0.13382,0.13382,0.13372,0.13372,2
2018-02-02 09:33:00,0.13382,0.13382,0.13372,0.13372,4
2018-02-02 09:34:00,0.13372,0.13382,0.13362,0.13372,6
2018-02-02 09:36:00,0.13362,0.13362,0.13362,0.13362,1
2018-02-02 09:37:00,0.13372,0.13372,0.13372,0.13372,1
2018-02-02 09:38:00,0.13372,0.13382,0.13372,0.13378,3
2018-02-02 09:39:00,0.13372,0.13382,0.13362,0.13362,15
2018-02-02 09:40:00,0.13382,0.13382,0.13372,0.13376,9
2018-02-02 09:41:00,0.13372,0.13374,0.13372,0.13374,2
2018-02-02 09:48:00,0.13382,0.13382,0.13378,0.13378,3
2018-02-02 09:52:00,0.13372,0.13372,0.13372,0.13372,1
2018-02-02 09:53:00,0.13364,0.13364,0.13364,0.13364,1
2018-02-02 09:55:00,0.13372,0.13372,0.13372,0.13372,1
2018-02-02 10:00:00,0.13382,0.13382,0.13382,0.13382,1
2018-02-02 10:04:00,0.13382,0.13388,0.13382,0.13386,4
2018-02-02 10:05:00,0.13382,0.13382,0.1338,0.1338,2
2018-02-02 10:07:00,0.13382,0.13382,0.13372,0.13372,4
2018-02-02 10:08:00,0.13382,0.13392,0.13372,0.13372,10
2018-02-02 10:10:00,0.13382,0.13382,0.13372,0.13372,14
2018-02-02 10:12:00,0.13392,0.13392,0.13386,0.13386,2
2018-02-02 10:13:00,0.13382,0.13392,0.13382,0.13382,3
2018-02-02 10:14:00,0.13392,0.13392,0.13392,0.13392,1
2018-02-02 10:16:00,0.13392,0.13392,0.13382,0.13384,3
2018-02-02 10:30:00,0.13382,0.13382,0.13382,0.13382,1
2018-02-02 10:31:00,0.13372,0.13372,0.13372,0.13372,1
2018-02-02 10:36:00,0.13372,0.13382,0.13372,0.13382,3
2018-02-02 10:37:00,0.13382,0.13382,0.13362,0.13362,7
2018-02-02 10:38:00,0.13382,0.13392,0.13372,0.13372,8
2018-02-02 10:39:00,0.13392,0.13392,0.13382,0.13388,7
2018-02-02 10:40:00,0.13392,0.13392,0.13392,0.13392,2
2018-02-02 10:41:00,0.13392,0.13392,0.13382,0.13382,7
2018-02-02 10:42:00,0.13402,0.13402,0.13402,0.13402,1
2018-02-02 10:43:00,0.13402,0.13406,0.13394,0.13406,7
2018-02-02 10:45:00,0.13392,0.13402,0.13382,0.13392,10
2018-02-02 10:46:00,0.13392,0.13402,0.13392,0.13402,3
2018-02-02 10:47:00,0.13382,0.13386,0.13382,0.13386,2
2018-02-02 10:48:00,0.13392,0.13392,0.13392,0.13392,1
2018-02-02 10:53:00,0.13384,0.13384,0.13384,0.13384,1
2018-02-02 10:54:00,0.13382,0.13392,0.13372,0.13374,11
2018-02-02 10:55:00,0.13382,0.13392,0.13372,0.13372,12
2018-02-02 10:56:00,0.13382,0.13382,0.13372,0.13374,4
2018-02-02 10:58:00,0.13372,0.13382,0.13372,0.13372,3
2018-02-02 10:59:00,0.13372,0.13382,0.13362,0.13378,5
2018-02-02 11:00:00,0.13372,0.13372,0.13362,0.13362,8
2018-02-02 11:01:00,0.13372,0.13372,0.13366,0.13366,2
2018-02-02 11:02:00,0.13362,0.13366,0.13362,0.13364,4
2018-02-02 11:03:00,0.13362,0.13362,0.13352,0.13352,3
2018-02-02 11:04:00,0.13362,0.13362,0.13352,0.13352,3
2018-02-02 11:05:00,0.13372,0.13372,0.13372,0.13372,1
2018-02-02 11:07:00,0.13382,0.13392,0.13372,0.13382,9
2018-02-02 11:08:00,0.13382,0.13392,0.13382,0.13392,3
2018-02-02 11:09:00,0.13382,0.13392,0.13372,0.13372,15
2018-02-02 11:10:00,0.13392,0.13392,0.13382,0.13386,4
2018-02-02 11:11:00,0.13392,0.13392,0.1339,0.1339,2
2018-02-02 11:16:00,0.13382,0.13392,0.13382,0.13384,4
2018-02-02 11:17:00,0.13382,0.13392,0.13372,0.13372,7
2018-02-02 11:18:00,0.13382,0.13392,0.13372,0.13388,8
2018-02-02 11:19:00,0.13382,0.13392,0.13382,0.13386,8
2018-02-02 11:20:00,0.13392,0.13392,0.13392,0.13392,1
2018-02-02 11:23:00,0.13402,0.13402,0.13394,0.13398,5
2018-02-02 11:24:00,0.13412,0.13412,0.13408,0.13408,2
2018-02-02 11:25:00,0.13402,0.13406,0.13402,0.13402,3
2018-02-02 11:26:00,0.13402,0.13412,0.13392,0.13406,12
2018-02-02 11:39:00,0.13392,0.13392,0.13392,0.13392,1
2018-02-02 11:44:00,0.13402,0.13402,0.13398,0.13398,2
2018-02-02 11:45:00,0.13412,0.13412,0.13402,0.13412,18
2018-02-02 11:48:00,0.13412,0.13412,0.13402,0.13402,5
2018-02-02 11:49:00,0.13412,0.13412,0.13402,0.13404,10
2018-02-02 11:52:00,0.13412,0.13414,0.13412,0.13414,2
2018-02-02 11:56:00,0.13382,0.13402,0.13382,0.13402,3
2018-02-02 11:57:00,0.13372,0.13374,0.13366,0.13374,8
2018-02-02 11:58:00,0.13362,0.13372,0.13362,0.13366,4
2018-02-02 11:59:00,0.13352,0.13356,0.13352,0.13356,2
2018-02-02 12:00:00,0.13362,0.13362,0.13362,0.13362,1
2018-02-02 12:03:00,0.13372,0.13372,0.13368,0.13368,2
2018-02-02 12:04:00,0.13382,0.13382,0.13378,0.13378,2
2018-02-02 12:05:00,0.13346,0.1337,0.13346,0.1337,5
2018-02-02 12:06:00,0.13342,0.13342,0.13332,0.13332,2
2018-02-02 12:10:00,0.13332,0.13332,0.13332,0.13332,1
2018-02-02 12:13:00,0.13326,0.13326,0.13326,0.13326,1
2018-02-02 12:20:00,0.13312,0.1332,0.13312,0.1332,2
2018-02-02 12:25:00,0.13322,0.13324,0.13318,0.13318,5
2018-02-02 12:27:00,0.13322,0.13332,0.13312,0.13316,20
2018-02-02 12:28:00,0.13322,0.13332,0.13312,0.13312,6
2018-02-02 12:29:00,0.13312,0.13332,0.13312,0.13328,8
2018-02-02 12:30:00,0.13332,0.13332,0.13322,0.13322,4
2018-02-02 12:31:00,0.13332,0.13332,0.13322,0.13322,2
2018-02-02 12:32:00,0.13332,0.13342,0.13322,0.13338,17
2018-02-02 12:33:00,0.13352,0.13352,0.13332,0.13338,8
2018-02-02 12:40:00,0.13352,0.13362,0.13342,0.13358,9
2018-02-02 12:41:00,0.13342,0.13342,0.13342,0.13342,1
2018-02-02 12:42:00,0.13332,0.13342,0.13332,0.13332,3
2018-02-02 12:43:00,0.13322,0.13342,0.13322,0.13342,7
2018-02-02 12:51:00,0.13332,0.13332,0.13332,0.13332,1
2018-02-02 12:53:00,0.13322,0.13328,0.13322,0.13322,4
2018-02-02 12:54:00,0.13322,0.13322,0.13312,0.13312,7
2018-02-02 13:00:00,0.13342,0.13352,0.13332,0.13332,5
2018-02-02 13:01:00,0.13352,0.13352,0.13348,0.13348,2
2018-02-02 13:02:00,0.13352,0.13362,0.13352,0.13362,2
2018-02-02 13:03:00,0.13352,0.13372,0.13352,0.13362,19
2018-02-02 13:04:00,0.13362,0.13382,0.13362,0.13362,6
2018-02-02 13:05:00,0.13362,0.13382,0.13362,0.13372,13
2018-02-02 13:06:00,0.13382,0.13382,0.13362,0.13366,7
2018-02-02 13:07:00,0.13382,0.13382,0.13362,0.13372,10
2018-02-02 13:08:00,0.13372,0.13382,0.13372,0.13372,4
2018-02-02 13:09:00,0.13372,0.13376,0.13362,0.13362,4
2018-02-02 13:10:00,0.13382,0.13382,0.13376,0.13376,6
2018-02-02 13:11:00,0.13412,0.13412,0.13388,0.13388,6
2018-02-02 13:12:00,0.13412,0.13412,0.13402,0.13404,18
2018-02-02 13:13:00,0.13452,0.13452,0.13422,0.13422,13
2018-02-02 13:14:00,0.13442,0.13462,0.13432,0.13462,9
2018-02-02 13:15:00,0.13432,0.13452,0.13432,0.13444,7
2018-02-02 13:16:00,0.13452,0.13452,0.13442,0.13442,2
2018-02-02 13:17:00,0.13432,0.13442,0.13432,0.13442,2
2018-02-02 13:18:00,0.13442,0.13456,0.13432,0.13436,14
2018-02-02 13:20:00,0.13462,0.13462,0.13452,0.13452,3
2018-02-02 13:21:00,0.13452,0.13462,0.13452,0.13452,3
2018-02-02 13:22:00,0.13462,0.13462,0.13462,0.13462,1
2018-02-02 13:24:00,0.13468,0.13468,0.13468,0.13468,1
2018-02-02 13:27:00,0.13452,0.13462,0.13442,0.13462,4
2018-02-02 13:29:00,0.13452,0.13462,0.13452,0.13456,5
2018-02-02 13:30:00,0.13432,0.13444,0.13422,0.13444,5
2018-02-02 13:31:00,0.13422,0.13432,0.13414,0.13422,8
2018-02-02 13:33:00,0.13402,0.13412,0.13392,0.13412,8
2018-02-02 13:34:00,0.13372,0.13392,0.13372,0.13392,4
2018-02-02 13:35:00,0.13372,0.13392,0.13372,0.13382,12
2018-02-02 13:36:00,0.13362,0.13372,0.13362,0.13366,9
2018-02-02 13:37:00,0.13352,0.13372,0.13352,0.13372,3
2018-02-02 13:38:00,0.13372,0.13392,0.13362,0.13362,12
2018-02-02 13:39:00,0.13382,0.13392,0.13378,0.13378,7
2018-02-02 13:40:00,0.13392,0.13392,0.13382,0.13388,5
2018-02-02 13:41:00,0.13412,0.13412,0.134,0.13402,10
2018-02-02 13:43:00,0.13422,0.13422,0.13412,0.13422,4
2018-02-02 13:44:00,0.13422,0.13432,0.13422,0.13424,4
2018-02-02 13:45:00,0.13432,0.13432,0.13422,0.13428,4
2018-02-02 13:46:00,0.13422,0.13424,0.13422,0.13424,2
2018-02-02 13:47:00,0.13422,0.13422,0.13412,0.13412,5
2018-02-02 13:49:00,0.13402,0.13412,0.13402,0.13412,4
2018-02-02 13:50:00,0.13392,0.13394,0.13382,0.13394,12
2018-02-02 13:51:00,0.13392,0.13402,0.13392,0.13398,4
2018-02-02 13:52:00,0.13382,0.13392,0.13382,0.13382,15
2018-02-02 13:53:00,0.13382,0.13386,0.13382,0.13386,2
2018-02-02 13:54:00,0.13392,0.13392,0.13392,0.13392,1
2018-02-02 13:56:00,0.13412,0.13412,0.13398,0.13398,6
2018-02-02 13:58:00,0.13412,0.13412,0.13402,0.13402,2
2018-02-02 13:59:00,0.13418,0.13418,0.13418,0.13418,1
2018-02-02 14:00:00,0.13412,0.13412,0.13412,0.13412,1
2018-02-02 14:01:00,0.13404,0.13404,0.13404,0.13404,1
2018-02-02 14:02:00,0.13412,0.13412,0.13412,0.13412,1
2018-02-02 14:03:00,0.13392,0.13406,0.13382,0.13406,18
2018-02-02 14:04:00,0.13406,0.13412,0.13392,0.13402,7
2018-02-02 14:05:00,0.13412,0.13412,0.13412,0.13412,1
2018-02-02 14:07:00,0.13412,0.13422,0.13412,0.13418,3
2018-02-02 14:08:00,0.13402,0.13404,0.13402,0.13404,2
2018-02-02 14:09:00,0.13412,0.13412,0.13412,0.13412,1
2018-02-02 14:11:00,0.13422,0.13422,0.13422,0.13422,1
2018-02-02 14:14:00,0.13402,0.13412,0.13402,0.13412,2
2018-02-02 14:15:00,0.13402,0.13412,0.13402,0.13412,4
2018-02-02 14:16:00,0.13412,0.13412,0.13402,0.13408,3
2018-02-02 14:19:00,0.13422,0.13422,0.13416,0.13422,3
2018-02-02 14:21:00,0.13422,0.13422,0.13412,0.13416,4
2018-02-02 14:22:00,0.13402,0.13422,0.13402,0.13416,7
2018-02-02 14:23:00,0.13422,0.13422,0.13412,0.13412,2
2018-02-02 14:24:00,0.13422,0.13422,0.13412,0.13412,2
2018-02-02 14:25:00,0.13412,0.13422,0.13412,0.13412,6
2018-02-02 14:26:00,0.13412,0.13416,0.13412,0.13414,4
2018-02-02 14:27:00,0.13422,0.13422,0.13402,0.13406,5
2018-02-02 14:28:00,0.13406,0.13412,0.13406,0.13412,4
2018-02-02 14:29:00,0.13412,0.13412,0.13412,0.13412,1
2018-02-02 14:30:00,0.13422,0.13422,0.13412,0.13422,4
2018-02-02 14:31:00,0.13406,0.13412,0.13402,0.13412,10
2018-02-02 14:32:00,0.13412,0.13422,0.13412,0.13412,6
2018-02-02 14:33:00,0.13412,0.13422,0.13412,0.13418,11
2018-02-02 14:34:00,0.13412,0.13422,0.13412,0.13418,9
2018-02-02 14:35:00,0.13422,0.13432,0.13412,0.13418,13
2018-02-02 14:36:00,0.13422,0.13432,0.13422,0.13432,8
2018-02-02 14:37:00,0.13412,0.13412,0.13412,0.13412,1
2018-02-02 14:38:00,0.13412,0.13422,0.13412,0.13422,3
2018-02-02 14:39:00,0.13402,0.13412,0.13402,0.13406,9
2018-02-02 14:41:00,0.13402,0.13412,0.13402,0.13412,2
2018-02-02 14:42:00,0.13412,0.13412,0.13406,0.13408,5
2018-02-02 14:43:00,0.13402,0.13402,0.13402,0.13402,1
2018-02-02 14:44:00,0.13402,0.13402,0.134,0.134,2
2018-02-02 14:45:00,0.13402,0.13402,0.134,0.134,8
2018-02-02 14:46:00,0.13392,0.13402,0.13392,0.13396,4
2018-02-02 14:47:00,0.13392,0.13402,0.13392,0.13396,5
2018-02-02 14:48:00,0.13392,0.13394,0.13392,0.13394,2
2018-02-02 14:49:00,0.13402,0.13402,0.13402,0.13402,1
2018-02-02 14:50:00,0.13408,0.13408,0.13408,0.13408,1
2018-02-02 14:52:00,0.13392,0.13402,0.13392,0.13402,2
2018-02-02 14:53:00,0.13392,0.13402,0.13392,0.13402,2
2018-02-02 14:59:00,0.13392,0.13402,0.13392,0.13398,6
2018-02-02 15:00:00,0.13398,0.13398,0.13398,0.13398,1
2018-02-02 15:01:00,0.13392,0.13402,0.13392,0.13392,10
2018-02-02 15:02:00,0.13402,0.13402,0.13402,0.13402,1
2018-02-02 15:03:00,0.13392,0.13392,0.13392,0.13392,1
2018-02-02 15:04:00,0.13392,0.13392,0.1339,0.1339,6
2018-02-02 15:06:00,0.13398,0.13398,0.13398,0.13398,1
2018-02-02 15:08:00,0.13392,0.13392,0.13392,0.13392,1
2018-02-02 15:09:00,0.13386,0.13386,0.13386,0.13386,1
2018-02-02 15:13:00,0.13392,0.13392,0.13392,0.13392,1
2018-02-02 15:14:00,0.13372,0.13402,0.13362,0.13402,8
2018-02-02 15:15:00,0.13352,0.13362,0.13352,0.13362,15
2018-02-02 15:16:00,0.13356,0.13362,0.13356,0.13362,2
2018-02-02 15:17:00,0.13362,0.13362,0.13358,0.13358,2
2018-02-02 15:18:00,0.13352,0.13362,0.13352,0.13352,5
2018-02-02 15:19:00,0.13362,0.13362,0.13358,0.13358,2
2018-02-02 15:20:00,0.13382,0.13382,0.13352,0.13352,6
2018-02-02 15:22:00,0.13392,0.13392,0.13388,0.13388,2
2018-02-02 15:23:00,0.13398,0.13398,0.13398,0.13398,1
2018-02-02 15:24:00,0.13412,0.13412,0.13412,0.13412,1
2018-02-02 15:27:00,0.13428,0.13428,0.13416,0.13416,3
2018-02-02 15:28:00,0.13426,0.13432,0.13422,0.13422,13
2018-02-02 15:29:00,0.13422,0.13432,0.13422,0.13422,13
2018-02-02 15:30:00,0.13432,0.13432,0.13412,0.13426,10
2018-02-02 15:31:00,0.13432,0.13442,0.13432,0.13442,3
2018-02-02 15:33:00,0.13422,0.13426,0.13422,0.13426,2
2018-02-02 15:36:00,0.13452,0.13452,0.13432,0.13432,9
2018-02-02 15:37:00,0.13452,0.13452,0.13442,0.13442,12
2018-02-02 15:39:00,0.13442,0.13446,0.13432,0.13442,7
2018-02-02 15:41:00,0.13442,0.13442,0.13432,0.13432,5
2018-02-02 15:42:00,0.13442,0.13446,0.13442,0.13446,8
2018-02-02 15:43:00,0.13452,0.13452,0.13442,0.13446,6
2018-02-02 15:46:00,0.13452,0.13452,0.13442,0.13444,4
2018-02-02 15:48:00,0.13442,0.13442,0.13442,0.13442,1
2018-02-02 15:49:00,0.13442,0.13452,0.13442,0.13448,4
2018-02-02 15:50:00,0.13442,0.13452,0.13442,0.13452,9
2018-02-02 15:51:00,0.13432,0.13432,0.13432,0.13432,1
2018-02-02 15:54:00,0.13442,0.13442,0.13438,0.13438,2
2018-02-02 15:56:00,0.13442,0.13452,0.13442,0.13452,6
2018-02-02 15:57:00,0.13432,0.13436,0.13432,0.13436,7
2018-02-02 15:58:00,0.13392,0.13428,0.13392,0.13422,12
2018-02-02 15:59:00,0.13398,0.13398,0.13398,0.13398,1
2018-02-02 16:00:00,0.13402,0.13402,0.13392,0.13392,4
2018-02-02 16:01:00,0.13402,0.13402,0.13392,0.13396,6
2018-02-02 16:03:00,0.13412,0.13412,0.13412,0.13412,1
2018-02-02 16:05:00,0.13402,0.13408,0.13402,0.13408,2
2018-02-02 16:07:00,0.13402,0.13412,0.13392,0.13392,5
2018-02-02 16:08:00,0.13422,0.13422,0.13408,0.13408,6
2018-02-02 16:09:00,0.13412,0.13416,0.13402,0.13416,8
2018-02-02 16:10:00,0.13392,0.1342,0.13392,0.13418,13
2018-02-02 16:11:00,0.13402,0.13402,0.13402,0.13402,1
2018-02-02 16:12:00,0.13378,0.13396,0.13372,0.13396,26
2018-02-02 16:13:00,0.13392,0.13402,0.13378,0.13382,18
2018-02-02 16:14:00,0.13382,0.13392,0.13372,0.13386,29
2018-02-02 16:15:00,0.13382,0.13392,0.13372,0.13392,13
2018-02-02 16:16:00,0.13382,0.13392,0.13372,0.1338,14
2018-02-02 16:17:00,0.13372,0.13382,0.13372,0.13372,9
2018-02-02 16:18:00,0.13372,0.13382,0.13362,0.1337,16
2018-02-02 16:19:00,0.13342,0.13366,0.13332,0.13366,27
2018-02-02 16:20:00,0.13346,0.13346,0.13336,0.13336,4
2018-02-02 16:21:00,0.13362,0.13362,0.13342,0.13352,8
2018-02-02 16:22:00,0.13358,0.13362,0.13352,0.13352,13
2018-02-02 16:23:00,0.13372,0.13372,0.13352,0.13352,6
2018-02-02 16:24:00,0.13392,0.13402,0.13372,0.13382,19
2018-02-02 16:25:00,0.13382,0.13392,0.13382,0.13386,10
2018-02-02 16:26:00,0.13388,0.13392,0.13382,0.13392,16
2018-02-02 16:27:00,0.13378,0.13398,0.13372,0.13382,17
2018-02-02 16:28:00,0.13402,0.13402,0.13382,0.13382,4
2018-02-02 16:30:00,0.13412,0.13422,0.13408,0.13408,5
2018-02-02 16:31:00,0.13388,0.13422,0.13382,0.13418,22
2018-02-02 16:32:00,0.13392,0.13392,0.13382,0.13382,2
2018-02-02 16:33:00,0.13402,0.13404,0.13402,0.13402,3
2018-02-02 16:34:00,0.13392,0.13398,0.13382,0.13396,10
2018-02-02 16:36:00,0.13392,0.13402,0.13392,0.13402,2
2018-02-02 16:37:00,0.13402,0.13402,0.13392,0.13398,7
2018-02-02 16:38:00,0.13412,0.13412,0.13412,0.13412,1
2018-02-02 16:39:00,0.13422,0.13426,0.13418,0.13418,4
2018-02-02 16:40:00,0.13422,0.13432,0.13422,0.13432,2
2018-02-02 16:43:00,0.13412,0.13422,0.13412,0.13412,10
2018-02-02 16:44:00,0.13412,0.13422,0.13402,0.13402,12
2018-02-02 16:45:00,0.13422,0.13422,0.13416,0.13422,8
2018-02-02 16:46:00,0.13422,0.13422,0.13412,0.13412,2
2018-02-02 16:48:00,0.13416,0.13416,0.13416,0.13416,1
2018-02-02 16:51:00,0.13422,0.13422,0.13418,0.13418,2
2018-02-02 16:53:00,0.13426,0.13426,0.13426,0.13426,1
2018-02-02 16:54:00,0.13422,0.13432,0.13412,0.13432,31
2018-02-02 16:55:00,0.13422,0.13432,0.13412,0.13416,20
2018-02-02 16:58:00,0.13432,0.13432,0.13432,0.13432,1
2018-02-02 16:59:00,0.13432,0.13436,0.13432,0.13434,4
2018-02-02 17:00:00,0.13428,0.13442,0.13422,0.13436,20
2018-02-02 17:01:00,0.13436,0.13438,0.13422,0.13428,10
2018-02-02 17:02:00,0.13442,0.13442,0.13432,0.13442,5
2018-02-02 17:04:00,0.13436,0.13452,0.13432,0.13448,30
2018-02-02 17:05:00,0.13432,0.13452,0.13432,0.13442,16
2018-02-02 17:08:00,0.13442,0.13442,0.13436,0.13438,3
2018-02-02 17:09:00,0.13442,0.13442,0.13432,0.13432,6
2018-02-02 17:10:00,0.13452,0.13452,0.13442,0.13452,19
2018-02-02 17:11:00,0.13452,0.13452,0.13442,0.13446,18
2018-02-02 17:12:00,0.13442,0.13448,0.13442,0.13446,9
2018-02-02 17:18:00,0.13452,0.13452,0.13442,0.13448,12
2018-02-02 17:19:00,0.13452,0.13452,0.13442,0.13446,7
2018-02-02 17:21:00,0.13442,0.13442,0.13442,0.13442,1
2018-02-02 17:22:00,0.13452,0.13452,0.13442,0.13452,11
2018-02-02 17:23:00,0.13446,0.13448,0.13446,0.13446,6
2018-02-02 17:24:00,0.13452,0.13452,0.13452,0.13452,1
2018-02-02 17:25:00,0.13462,0.13462,0.13462,0.13462,1
2018-02-02 17:29:00,0.13462,0.13464,0.13462,0.13464,6
2018-02-02 17:30:00,0.13472,0.13472,0.13468,0.13468,2
2018-02-02 17:32:00,0.13474,0.13482,0.13472,0.13474,10
2018-02-02 17:33:00,0.13482,0.13482,0.13478,0.13478,2
2018-02-02 17:34:00,0.13492,0.13492,0.13472,0.13472,13
2018-02-02 17:35:00,0.13492,0.13492,0.13484,0.13484,3
2018-02-02 17:37:00,0.13484,0.13484,0.13484,0.13484,1
2018-02-02 17:38:00,0.13492,0.13492,0.13492,0.13492,1
2018-02-02 17:39:00,0.13492,0.13492,0.13482,0.13482,5
2018-02-02 17:43:00,0.13492,0.13492,0.13482,0.13482,9
2018-02-02 17:44:00,0.13482,0.13492,0.13482,0.13482,6
2018-02-02 17:46:00,0.13468,0.13476,0.13468,0.13476,4
2018-02-02 17:47:00,0.13478,0.13478,0.13478,0.13478,1
2018-02-02 17:49:00,0.13472,0.13472,0.13472,0.13472,1
2018-02-02 17:50:00,0.13482,0.13482,0.13462,0.13462,3
2018-02-02 17:51:00,0.13492,0.13492,0.13492,0.13492,1
2018-02-02 17:52:00,0.13492,0.13492,0.13482,0.13484,5
2018-02-02 17:53:00,0.13532,0.13534,0.13492,0.13498,33
2018-02-02 17:54:00,0.13542,0.13552,0.13532,0.13538,12
2018-02-02 17:55:00,0.13542,0.13542,0.13532,0.13532,2
2018-02-02 17:57:00,0.13542,0.13542,0.13532,0.13532,5
2018-02-02 17:59:00,0.13542,0.13542,0.13542,0.13542,1
2018-02-05 08:30:00,0.13582,0.13582,0.13552,0.13552,4
2018-02-05 08:31:00,0.13588,0.13588,0.13588,0.13588,1
2018-02-05 08:32:00,0.13582,0.13592,0.13582,0.13582,5
2018-02-05 08:33:00,0.13598,0.13598,0.13582,0.13586,13
2018-02-05 08:34:00,0.13592,0.13594,0.13592,0.13592,3
2018-02-05 08:35:00,0.13592,0.13598,0.13592,0.13598,7
2018-02-05 08:36:00,0.13602,0.13602,0.13592,0.13596,3
2018-02-05 08:37:00,0.13592,0.13596,0.13592,0.13596,4
2018-02-05 08:38:00,0.13592,0.13596,0.13592,0.13596,2
2018-02-05 08:39:00,0.13602,0.13602,0.13592,0.13596,17
2018-02-05 08:42:00,0.13608,0.13608,0.13608,0.13608,1
2018-02-05 08:44:00,0.13602,0.13602,0.13602,0.13602,1
2018-02-05 08:45:00,0.13602,0.13606,0.13602,0.13606,4
2018-02-05 08:46:00,0.13602,0.13606,0.13602,0.13606,2
2018-02-05 08:49:00,0.13582,0.13594,0.13582,0.13594,4
2018-02-05 08:50:00,0.13582,0.13586,0.13582,0.13586,2
2018-02-05 08:52:00,0.13592,0.13592,0.13588,0.13588,2
2018-02-05 08:55:00,0.13582,0.13592,0.13582,0.13582,3
2018-02-05 08:56:00,0.13592,0.13592,0.13588,0.13588,2
2018-02-05 09:01:00,0.13602,0.13602,0.13598,0.13598,2
2018-02-05 09:03:00,0.13602,0.13602,0.136,0.136,4
2018-02-05 09:06:00,0.13602,0.13612,0.13602,0.13612,5
2018-02-05 09:07:00,0.13602,0.13612,0.13602,0.13612,11
2018-02-05 09:09:00,0.13606,0.13612,0.13602,0.13612,9
2018-02-05 09:10:00,0.13612,0.13612,0.13612,0.13612,1
2018-02-05 09:11:00,0.13602,0.13606,0.13602,0.13602,3
2018-02-05 09:12:00,0.13612,0.13612,0.13602,0.13606,5
2018-02-05 09:16:00,0.13612,0.13622,0.13612,0.13618,11
2018-02-05 09:17:00,0.13602,0.13612,0.13602,0.13606,6
2018-02-05 09:18:00,0.13612,0.13612,0.13606,0.13606,2
2018-02-05 09:19:00,0.13602,0.13606,0.13602,0.13606,8
2018-02-05 09:21:00,0.13602,0.13602,0.13592,0.13594,6
2018-02-05 09:23:00,0.13582,0.13592,0.13582,0.13592,10
2018-02-05 09:24:00,0.13582,0.13592,0.13582,0.13586,9
2018-02-05 09:25:00,0.13582,0.13592,0.13582,0.13588,3
2018-02-05 09:26:00,0.13582,0.13586,0.13582,0.13586,2
2018-02-05 09:28:00,0.13592,0.13592,0.13592,0.13592,1
2018-02-05 09:29:00,0.13582,0.13584,0.13582,0.13584,5
2018-02-05 09:30:00,0.13582,0.13582,0.13572,0.13574,10
2018-02-05 09:31:00,0.13582,0.13592,0.13576,0.13576,14
2018-02-05 09:32:00,0.13592,0.13592,0.13582,0.13592,10
2018-02-05 09:33:00,0.13592,0.13592,0.13582,0.13586,6
2018-02-05 09:36:00,0.13592,0.13592,0.13582,0.13582,2
2018-02-05 09:38:00,0.13592,0.13592,0.13582,0.13582,4
2018-02-05 09:39:00,0.13592,0.13592,0.13582,0.13586,11
2018-02-05 09:40:00,0.13592,0.13592,0.13582,0.13582,4
2018-02-05 09:41:00,0.13592,0.13592,0.13582,0.13582,2
2018-02-05 09:44:00,0.13602,0.13602,0.13602,0.13602,1
2018-02-05 09:46:00,0.13592,0.13596,0.13592,0.13594,4
2018-02-05 09:47:00,0.13602,0.13602,0.13592,0.13594,5
2018-02-05 09:49:00,0.13612,0.13612,0.13612,0.13612,1
2018-02-05 09:50:00,0.13602,0.13612,0.13602,0.13602,7
2018-02-05 09:51:00,0.13592,0.13592,0.13592,0.13592,1
2018-02-05 09:56:00,0.13592,0.13594,0.13592,0.13594,2
2018-02-05 09:57:00,0.13602,0.13602,0.13602,0.13602,1
2018-02-05 09:59:00,0.13592,0.13592,0.13582,0.13592,5
2018-02-05 10:00:00,0.13602,0.13602,0.13602,0.13602,1
2018-02-05 10:01:00,0.13592,0.13592,0.13592,0.13592,1
2018-02-05 10:17:00,0.13592,0.13602,0.13592,0.13598,3
2018-02-05 10:41:00,0.13582,0.13602,0.13582,0.13602,4
2018-02-05 10:43:00,0.13572,0.13572,0.13572,0.13572,1
2018-02-05 10:55:00,0.13572,0.13582,0.13572,0.13582,3
2018-02-05 10:59:00,0.13582,0.13582,0.13582,0.13582,1
2018-02-05 11:01:00,0.13572,0.13572,0.13572,0.13572,1
2018-02-05 11:03:00,0.13562,0.13564,0.13562,0.13562,5
2018-02-05 11:07:00,0.13552,0.13552,0.13552,0.13552,1
2018-02-05 11:08:00,0.13552,0.13552,0.13542,0.13542,5
2018-02-05 11:12:00,0.13552,0.13552,0.13542,0.13546,4
2018-02-05 11:17:00,0.13562,0.13562,0.13558,0.13562,5
2018-02-05 11:26:00,0.13562,0.13562,0.13552,0.13552,2
2018-02-05 11:30:00,0.13572,0.13572,0.13568,0.13568,2
2018-02-05 11:31:00,0.13562,0.13562,0.13562,0.13562,1
2018-02-05 11:33:00,0.13552,0.13552,0.13552,0.13552,1
2018-02-05 11:34:00,0.13562,0.13562,0.13552,0.13562,12
2018-02-05 11:35:00,0.13552,0.13562,0.13552,0.13558,7
2018-02-05 11:39:00,0.13542,0.13542,0.13542,0.13542,1
2018-02-05 11:42:00,0.13542,0.13542,0.1354,0.1354,2
2018-02-05 11:43:00,0.13542,0.13542,0.1354,0.1354,2
2018-02-05 11:44:00,0.13532,0.13532,0.13532,0.13532,1
2018-02-05 11:45:00,0.13522,0.13526,0.13522,0.13526,2
2018-02-05 11:47:00,0.13516,0.13516,0.13516,0.13516,1
2018-02-05 11:48:00,0.13512,0.13512,0.13502,0.13512,3
2018-02-05 11:49:00,0.13492,0.13512,0.13492,0.13502,10
2018-02-05 11:51:00,0.13502,0.13502,0.13502,0.13502,1
2018-02-05 11:54:00,0.13512,0.13512,0.13502,0.13512,3
2018-02-05 11:55:00,0.13512,0.13512,0.13502,0.13506,3
2018-02-05 11:56:00,0.13502,0.13502,0.13498,0.13502,3
2018-02-05 11:59:00,0.13492,0.13502,0.13492,0.13492,4
2018-02-05 12:00:00,0.13502,0.13502,0.13492,0.13502,4
2018-02-05 12:01:00,0.13502,0.13502,0.13498,0.13498,2
2018-02-05 12:03:00,0.13492,0.13496,0.13492,0.13496,2
2018-02-05 12:05:00,0.13492,0.13502,0.13492,0.13502,2
2018-02-05 12:07:00,0.13502,0.1352,0.13502,0.13504,14
2018-02-05 12:09:00,0.13492,0.13498,0.13492,0.13492,3
2018-02-05 12:11:00,0.13492,0.13502,0.13492,0.135,3
2018-02-05 12:15:00,0.13502,0.13502,0.13502,0.13502,1
2018-02-05 12:16:00,0.1351,0.1351,0.1351,0.1351,1
2018-02-05 12:17:00,0.13522,0.13522,0.13522,0.13522,1
2018-02-05 12:19:00,0.13532,0.13542,0.13522,0.13532,13
2018-02-05 12:20:00,0.13542,0.13542,0.13532,0.13542,5
2018-02-05 12:21:00,0.13542,0.13552,0.13532,0.13532,7
2018-02-05 12:22:00,0.13538,0.13538,0.13538,0.13538,1
2018-02-05 12:23:00,0.13542,0.13552,0.13532,0.13542,7
2018-02-05 12:24:00,0.13542,0.13552,0.13542,0.13552,2
2018-02-05 12:25:00,0.13532,0.13532,0.13532,0.13532,1
2018-02-05 12:26:00,0.13522,0.13522,0.13522,0.13522,1
2018-02-05 12:27:00,0.13512,0.13522,0.13512,0.13512,3
2018-02-05 12:29:00,0.13502,0.13512,0.13502,0.13502,7
2018-02-05 12:30:00,0.13502,0.13512,0.13502,0.1351,7
2018-02-05 12:31:00,0.13522,0.13522,0.13512,0.13512,2
2018-02-05 12:36:00,0.13542,0.13542,0.1353,0.1353,3
2018-02-05 12:37:00,0.13552,0.13552,0.1355,0.1355,2
2018-02-05 12:38:00,0.13558,0.13562,0.13558,0.13562,4
2018-02-05 12:39:00,0.13562,0.13562,0.13552,0.13552,6
2018-02-05 12:41:00,0.13552,0.13552,0.13552,0.13552,1
2018-02-05 12:43:00,0.13552,0.13562,0.13552,0.13562,4
2018-02-05 12:45:00,0.13552,0.13558,0.13552,0.13558,2
2018-02-05 12:46:00,0.13552,0.13562,0.13552,0.13562,2
2018-02-05 12:54:00,0.13552,0.13562,0.13552,0.13562,10
2018-02-05 12:55:00,0.13562,0.13568,0.13552,0.13562,18
2018-02-05 12:59:00,0.13582,0.13582,0.13572,0.13572,2
2018-02-05 13:00:00,0.13582,0.13582,0.13568,0.13576,10
2018-02-05 13:01:00,0.13572,0.13582,0.13572,0.1358,5
2018-02-05 13:03:00,0.13572,0.13572,0.13562,0.13562,2
2018-02-05 13:06:00,0.13562,0.13562,0.13562,0.13562,1
2018-02-05 13:10:00,0.13602,0.13602,0.13574,0.13574,19
2018-02-05 13:11:00,0.13622,0.13622,0.13608,0.13608,5
2018-02-05 13:12:00,0.13602,0.13612,0.13602,0.13612,2
2018-02-05 13:13:00,0.13602,0.13612,0.13602,0.13612,2
2018-02-05 13:14:00,0.13612,0.13612,0.13612,0.13612,1
2018-02-05 13:15:00,0.13602,0.13602,0.13592,0.13602,6
2018-02-05 13:16:00,0.13608,0.13612,0.13592,0.13592,9
2018-02-05 13:17:00,0.13602,0.13612,0.13592,0.13612,14
2018-02-05 13:19:00,0.13602,0.13612,0.13602,0.13612,14
2018-02-05 13:24:00,0.13592,0.13592,0.13592,0.13592,1
2018-02-05 13:27:00,0.13586,0.13586,0.13586,0.13586,1
2018-02-05 13:28:00,0.13572,0.13572,0.13572,0.13572,1
2018-02-05 13:29:00,0.13562,0.13562,0.13562,0.13562,1
2018-02-05 13:31:00,0.13592,0.13592,0.13568,0.13568,9
2018-02-05 13:32:00,0.13602,0.13602,0.13602,0.13602,1
2018-02-05 13:33:00,0.13582,0.13602,0.13582,0.13596,6
2018-02-05 13:35:00,0.13572,0.13576,0.13572,0.13576,3
2018-02-05 13:38:00,0.13582,0.13582,0.1358,0.1358,2
2018-02-05 13:40:00,0.13576,0.13576,0.13576,0.13576,1
2018-02-05 13:41:00,0.13552,0.13572,0.13552,0.1357,5
2018-02-05 13:43:00,0.13526,0.13542,0.13526,0.13542,3
2018-02-05 13:46:00,0.13496,0.13522,0.13496,0.13522,4
2018-02-05 13:47:00,0.13512,0.13522,0.13502,0.13502,6
2018-02-05 13:48:00,0.13502,0.13506,0.13502,0.13506,2
2018-02-05 13:49:00,0.13502,0.13512,0.13502,0.13512,6
2018-02-05 13:50:00,0.13506,0.13512,0.13506,0.13512,3
2018-02-05 13:51:00,0.13492,0.13502,0.13492,0.13502,2
2018-02-05 13:53:00,0.13484,0.13492,0.13474,0.13486,10
2018-02-05 13:54:00,0.13502,0.13502,0.13474,0.13476,12
2018-02-05 13:55:00,0.13502,0.13502,0.13492,0.13496,4
2018-02-05 13:57:00,0.13502,0.13502,0.13502,0.13502,2
2018-02-05 13:58:00,0.13518,0.13522,0.13512,0.13512,6
2018-02-05 13:59:00,0.13522,0.13522,0.13512,0.13512,3
2018-02-05 14:00:00,0.13516,0.13518,0.13512,0.13512,5
2018-02-05 14:01:00,0.13512,0.13514,0.13502,0.13512,9
2018-02-05 14:02:00,0.13496,0.13508,0.13496,0.13502,4
2018-02-05 14:03:00,0.13424,0.13492,0.13414,0.13492,40
2018-02-05 14:04:00,0.13406,0.13424,0.13404,0.13414,13
2018-02-05 14:05:00,0.13434,0.13444,0.13414,0.13414,22
2018-02-05 14:06:00,0.13406,0.13434,0.13406,0.13424,4
2018-02-05 14:07:00,0.13414,0.13424,0.13414,0.13414,6
2018-02-05 14:08:00,0.13406,0.13414,0.13404,0.13404,3
2018-02-05 14:09:00,0.13378,0.13414,0.13378,0.13414,9
2018-02-05 14:10:00,0.13364,0.13384,0.13364,0.13384,12
2018-02-05 14:11:00,0.13394,0.13394,0.13374,0.13374,8
2018-02-05 14:12:00,0.13394,0.13394,0.13384,0.13388,4
2018-02-05 14:14:00,0.13384,0.13386,0.13384,0.13386,2
2018-02-05 14:15:00,0.1338,0.1338,0.13374,0.13374,2
2018-02-05 14:16:00,0.13384,0.13394,0.13384,0.13386,6
2018-02-05 14:17:00,0.1338,0.13384,0.13374,0.13374,6
2018-02-05 14:18:00,0.13394,0.13404,0.13374,0.13374,7
2018-02-05 14:19:00,0.13424,0.13424,0.13394,0.13404,11
2018-02-05 14:20:00,0.13404,0.13434,0.13404,0.1343,8
2018-02-05 14:21:00,0.13294,0.13414,0.1324,0.13414,69
2018-02-05 14:22:00,0.13274,0.13294,0.13254,0.13288,40
2018-02-05 14:23:00,0.13254,0.13284,0.13254,0.13268,20
2018-02-05 14:24:00,0.13274,0.13274,0.13254,0.13256,14
2018-02-05 14:25:00,0.1325,0.13274,0.13244,0.13264,9
2018-02-05 14:26:00,0.13264,0.1327,0.1325,0.13254,10
2018-02-05 14:27:00,0.13304,0.13304,0.13264,0.1327,12
2018-02-05 14:28:00,0.133,0.13314,0.13284,0.13298,15
2018-02-05 14:29:00,0.1329,0.13304,0.13284,0.13294,15
2018-02-05 14:30:00,0.13294,0.13304,0.13284,0.13294,11
2018-02-05 14:31:00,0.13304,0.13304,0.13284,0.13284,4
2018-02-05 14:32:00,0.13304,0.13304,0.13294,0.13294,17
2018-02-05 14:33:00,0.13334,0.13344,0.13294,0.13294,11
2018-02-05 14:34:00,0.13324,0.13354,0.13324,0.13344,11
2018-02-05 14:35:00,0.13344,0.13344,0.13334,0.13334,2
2018-02-05 14:36:00,0.13344,0.13354,0.13344,0.13346,6
2018-02-05 14:37:00,0.13344,0.13344,0.13338,0.13338,2
2018-02-05 14:38:00,0.13344,0.13344,0.13334,0.13334,5
2018-02-05 14:39:00,0.13344,0.13344,0.13334,0.13334,6
2018-02-05 14:41:00,0.13364,0.13364,0.13338,0.13338,5
2018-02-05 14:42:00,0.13358,0.13368,0.13358,0.13368,3
2018-02-05 14:44:00,0.13354,0.13354,0.13334,0.13348,11
2018-02-05 14:45:00,0.13364,0.13364,0.13354,0.13364,3
2018-02-05 14:47:00,0.13356,0.13364,0.13354,0.13354,7
2018-02-05 14:48:00,0.13364,0.13374,0.13364,0.13364,10
2018-02-05 14:49:00,0.13354,0.13354,0.13344,0.13354,4
2018-02-05 14:50:00,0.13364,0.13374,0.13364,0.13364,10
2018-02-05 14:51:00,0.13374,0.13384,0.13354,0.13358,10
2018-02-05 14:52:00,0.13378,0.13384,0.13374,0.13378,9
2018-02-05 14:53:00,0.13404,0.13414,0.13384,0.13384,27
2018-02-05 14:54:00,0.13394,0.13398,0.13394,0.13394,7
2018-02-05 14:55:00,0.13384,0.13398,0.13384,0.13398,6
2018-02-05 14:56:00,0.13384,0.13394,0.13374,0.13374,8
2018-02-05 14:57:00,0.13414,0.13414,0.13384,0.13388,11
2018-02-05 14:58:00,0.13394,0.13404,0.13384,0.13404,11
2018-02-05 15:00:00,0.13378,0.13384,0.13378,0.13384,2
2018-02-05 15:01:00,0.13364,0.13372,0.13344,0.13372,6
2018-02-05 15:02:00,0.13394,0.13394,0.13374,0.13374,3
2018-02-05 15:03:00,0.13404,0.13404,0.13404,0.13404,1
2018-02-05 15:05:00,0.1342,0.1342,0.13414,0.13414,5
2018-02-05 15:06:00,0.13434,0.13434,0.13414,0.13414,6
2018-02-05 15:07:00,0.13444,0.13454,0.13438,0.1344,5
2018-02-05 15:08:00,0.1346,0.1346,0.13434,0.13436,8
2018-02-05 15:09:00,0.13454,0.13464,0.13454,0.13454,9
2018-02-05 15:11:00,0.13474,0.13474,0.13464,0.13464,2
2018-02-05 15:12:00,0.1347,0.1347,0.13466,0.13466,2
2018-02-05 15:13:00,0.13474,0.13484,0.13474,0.13476,6
2018-02-05 15:14:00,0.13474,0.13474,0.13464,0.13466,21
2018-02-05 15:16:00,0.13504,0.13504,0.1348,0.1348,26
2018-02-05 15:17:00,0.13504,0.13504,0.13496,0.13496,3
2018-02-05 15:18:00,0.13504,0.13504,0.13494,0.13494,3
2018-02-05 15:20:00,0.13532,0.13532,0.1351,0.1351,8
2018-02-05 15:21:00,0.13514,0.13528,0.13514,0.13528,18
2018-02-05 15:22:00,0.13514,0.13514,0.13504,0.13506,6
2018-02-05 15:23:00,0.1352,0.1352,0.1352,0.1352,1
2018-02-05 15:24:00,0.13532,0.13532,0.13524,0.13524,2
2018-02-05 15:25:00,0.13532,0.13532,0.13514,0.13522,10
2018-02-05 15:27:00,0.13522,0.13522,0.13522,0.13522,1
2018-02-05 15:28:00,0.13514,0.13516,0.13514,0.13516,2
2018-02-05 15:30:00,0.1353,0.1353,0.13518,0.1352,5
2018-02-05 15:31:00,0.13532,0.13532,0.13522,0.13522,3
2018-02-05 15:32:00,0.13524,0.13524,0.13524,0.13524,1
2018-02-05 15:33:00,0.13542,0.13542,0.13532,0.13532,4
2018-02-05 15:34:00,0.13542,0.13542,0.13536,0.13536,2
2018-02-05 15:35:00,0.13552,0.13552,0.13542,0.1355,4
2018-02-05 15:36:00,0.1357,0.1357,0.1356,0.1356,4
2018-02-05 15:37:00,0.13572,0.13572,0.13562,0.13566,3
2018-02-05 15:38:00,0.1357,0.13572,0.13552,0.13568,15
2018-02-05 15:39:00,0.13562,0.13572,0.13562,0.1357,11
2018-02-05 15:40:00,0.13572,0.13572,0.13562,0.13568,8
2018-02-05 15:44:00,0.13582,0.13582,0.13572,0.1358,15
2018-02-05 15:45:00,0.13602,0.13612,0.13588,0.13588,16
2018-02-05 15:47:00,0.13612,0.13612,0.13606,0.1361,6
2018-02-05 15:48:00,0.13612,0.13622,0.13612,0.13622,5
2018-02-05 15:49:00,0.13602,0.13618,0.13602,0.13618,12
2018-02-05 15:50:00,0.13602,0.13602,0.13592,0.13592,2
2018-02-05 15:52:00,0.13612,0.13612,0.13608,0.1361,4
2018-02-05 15:53:00,0.13612,0.13612,0.1361,0.1361,2
2018-02-05 15:54:00,0.13622,0.13622,0.13612,0.1362,3
2018-02-05 15:55:00,0.13612,0.13612,0.13612,0.13612,1
2018-02-05 15:56:00,0.13622,0.13622,0.13612,0.1362,4
2018-02-05 15:57:00,0.13652,0.13652,0.1363,0.1363,5
2018-02-05 15:58:00,0.13642,0.13652,0.13632,0.13648,11
2018-02-05 16:00:00,0.13642,0.13642,0.1364,0.1364,2
2018-02-05 16:01:00,0.13632,0.13632,0.13632,0.13632,1
2018-02-05 16:02:00,0.1363,0.1363,0.1363,0.1363,2
2018-02-05 16:03:00,0.13632,0.13642,0.13632,0.13634,5
2018-02-05 16:05:00,0.13642,0.13642,0.13632,0.13638,6
2018-02-05 16:06:00,0.13642,0.13642,0.13632,0.13636,25
2018-02-05 16:07:00,0.13642,0.13642,0.13632,0.13636,7
2018-02-05 16:09:00,0.13648,0.1365,0.13648,0.1365,4
2018-02-05 16:10:00,0.13692,0.13702,0.13654,0.13654,21
2018-02-05 16:11:00,0.13692,0.13692,0.13682,0.13682,4
2018-02-05 16:12:00,0.13692,0.13702,0.13692,0.13702,4
2018-02-05 16:13:00,0.13698,0.13702,0.13692,0.13702,11
2018-02-05 16:16:00,0.13702,0.13702,0.137,0.137,2
2018-02-05 16:19:00,0.13732,0.13738,0.13708,0.13708,20
2018-02-05 16:20:00,0.13712,0.13732,0.13712,0.13724,8
2018-02-05 16:21:00,0.13722,0.13722,0.13702,0.1371,18
2018-02-05 16:22:00,0.13712,0.13716,0.13706,0.13716,4
2018-02-05 16:24:00,0.13742,0.13742,0.13716,0.13716,8
2018-02-05 16:25:00,0.13742,0.13748,0.13742,0.13748,4
2018-02-05 16:26:00,0.13752,0.13752,0.13732,0.13732,10
2018-02-05 16:27:00,0.13752,0.13762,0.13752,0.13758,11
2018-02-05 16:28:00,0.13762,0.13762,0.13762,0.13762,1
2018-02-05 16:29:00,0.13766,0.13772,0.13766,0.13772,4
2018-02-05 16:30:00,0.13762,0.13768,0.13762,0.13768,10
2018-02-05 16:32:00,0.13762,0.13768,0.13762,0.13768,5
2018-02-05 16:33:00,0.13756,0.13758,0.13752,0.13752,4
2018-02-05 16:34:00,0.13742,0.13752,0.13742,0.13752,4
2018-02-05 16:35:00,0.13752,0.13752,0.13752,0.13752,1
2018-02-05 16:36:00,0.13752,0.13762,0.13752,0.13762,3
2018-02-05 16:37:00,0.13762,0.13762,0.13754,0.13762,4
2018-02-05 16:38:00,0.13772,0.13774,0.13772,0.13772,3
2018-02-05 16:39:00,0.13766,0.13772,0.13762,0.13764,12
2018-02-05 16:40:00,0.13762,0.13772,0.13762,0.13764,11
2018-02-05 16:42:00,0.13762,0.13772,0.13762,0.13772,15
2018-02-05 16:43:00,0.13762,0.13772,0.13762,0.13772,7
2018-02-05 16:44:00,0.13752,0.13762,0.13752,0.1376,7
2018-02-05 16:45:00,0.13742,0.13762,0.13742,0.13758,11
2018-02-05 16:46:00,0.13752,0.13758,0.13746,0.13752,9
2018-02-05 16:47:00,0.13762,0.13762,0.13752,0.13762,3
2018-02-05 16:48:00,0.13754,0.13754,0.13754,0.13754,1
2018-02-05 16:49:00,0.13754,0.13762,0.13754,0.13758,3
2018-02-05 16:50:00,0.13752,0.13752,0.1375,0.1375,3
2018-02-05 16:51:00,0.13758,0.13758,0.13758,0.13758,1
2018-02-05 16:52:00,0.13772,0.13772,0.13768,0.13768,2
2018-02-05 16:54:00,0.13772,0.13782,0.13772,0.13782,5
2018-02-05 16:55:00,0.13772,0.13782,0.13772,0.13778,5
2018-02-05 16:58:00,0.13742,0.13762,0.13742,0.13762,4
2018-02-05 16:59:00,0.13752,0.13752,0.13752,0.13752,1
2018-02-05 17:00:00,0.13732,0.13742,0.13732,0.13742,7
2018-02-05 17:01:00,0.13742,0.13742,0.13722,0.13722,13
2018-02-05 17:02:00,0.13762,0.13762,0.13736,0.13736,18
2018-02-05 17:05:00,0.13766,0.13772,0.13764,0.13772,4
2018-02-05 17:06:00,0.13772,0.13772,0.13762,0.13772,3
2018-02-05 17:07:00,0.13782,0.13782,0.13778,0.13778,3
2018-02-05 17:08:00,0.13772,0.13772,0.13772,0.13772,1
2018-02-05 17:09:00,0.13772,0.13772,0.1377,0.1377,2
2018-02-05 17:10:00,0.13772,0.13772,0.1377,0.1377,2
2018-02-05 17:12:00,0.13778,0.13778,0.13778,0.13778,1
2018-02-05 17:14:00,0.13772,0.13782,0.13772,0.13776,11
2018-02-05 17:15:00,0.13792,0.13792,0.13782,0.13782,9
2018-02-05 17:18:00,0.13798,0.13798,0.13798,0.13798,1
2018-02-05 17:19:00,0.13792,0.13802,0.13792,0.13794,7
2018-02-05 17:21:00,0.13782,0.13784,0.13782,0.13784,2
2018-02-05 17:22:00,0.13762,0.13772,0.13762,0.13772,3
2018-02-05 17:23:00,0.13768,0.13768,0.13768,0.13768,1
2018-02-05 17:24:00,0.13762,0.13772,0.13762,0.13762,4
2018-02-05 17:25:00,0.13772,0.13772,0.13772,0.13772,1
2018-02-05 17:26:00,0.13762,0.13762,0.13762,0.13762,1
2018-02-05 17:27:00,0.13772,0.13772,0.13762,0.13766,4
2018-02-05 17:28:00,0.13792,0.13792,0.13778,0.13778,8
2018-02-05 17:29:00,0.13782,0.13792,0.13782,0.13782,7
2018-02-05 17:30:00,0.13786,0.13792,0.13782,0.13786,20
2018-02-05 17:31:00,0.13782,0.13786,0.13782,0.13782,9
2018-02-05 17:32:00,0.13782,0.13792,0.13782,0.13788,7
2018-02-05 17:33:00,0.13792,0.13792,0.13782,0.13788,9
2018-02-05 17:34:00,0.13792,0.13792,0.13782,0.13784,10
2018-02-05 17:35:00,0.13782,0.13798,0.13782,0.13798,5
2018-02-05 17:36:00,0.13792,0.13792,0.13788,0.13788,2
2018-02-05 17:37:00,0.13782,0.13782,0.13782,0.13782,1
2018-02-05 17:38:00,0.13782,0.13782,0.13772,0.13772,2
2018-02-05 17:39:00,0.13772,0.13772,0.13772,0.13772,1
2018-02-05 17:40:00,0.13782,0.13782,0.13774,0.13782,5
2018-02-05 17:41:00,0.13782,0.13782,0.13774,0.13776,6
2018-02-05 17:44:00,0.13782,0.13782,0.13772,0.13776,7
2018-02-05 17:46:00,0.13792,0.13802,0.13792,0.13792,4
2018-02-05 17:47:00,0.13792,0.13796,0.13792,0.13796,2
2018-02-05 17:48:00,0.13802,0.13802,0.13796,0.13798,7
2018-02-05 17:49:00,0.13792,0.13802,0.13792,0.138,4
2018-02-05 17:50:00,0.13792,0.13802,0.13792,0.13798,18
2018-02-05 17:52:00,0.13802,0.13802,0.13792,0.13802,10
2018-02-05 17:53:00,0.13812,0.13822,0.13806,0.13808,12
2018-02-05 17:54:00,0.13812,0.13812,0.13802,0.1381,24
2018-02-05 17:55:00,0.13812,0.13812,0.13802,0.13804,8
2018-02-05 17:57:00,0.13822,0.13822,0.13822,0.13822,1
2018-02-05 17:58:00,0.13814,0.13814,0.13814,0.13814,1
2018-02-05 17:59:00,0.13814,0.13814,0.13814,0.13814,1
2018-02-06 08:30:00,0.13804,0.13814,0.13804,0.13814,14
2018-02-06 08:31:00,0.13834,0.13834,0.13804,0.13814,61
2018-02-06 08:32:00,0.13824,0.13834,0.13824,0.13828,42
2018-02-06 08:34:00,0.13824,0.13834,0.13824,0.13826,11
2018-02-06 08:35:00,0.13844,0.13844,0.13824,0.13834,7
2018-02-06 08:36:00,0.13844,0.13854,0.13834,0.13834,23
2018-02-06 08:37:00,0.13844,0.13848,0.13834,0.13848,19
2018-02-06 08:38:00,0.13844,0.13854,0.13834,0.13836,13
2018-02-06 08:39:00,0.13834,0.13848,0.13834,0.13848,15
2018-02-06 08:40:00,0.13814,0.13824,0.13814,0.13824,6
2018-02-06 08:42:00,0.13824,0.13824,0.1382,0.1382,2
2018-02-06 08:43:00,0.13834,0.13834,0.13824,0.13826,5
2018-02-06 08:44:00,0.13824,0.13826,0.13824,0.13824,3
2018-02-06 08:45:00,0.13814,0.13834,0.13814,0.13828,5
2018-02-06 08:46:00,0.13814,0.13824,0.13814,0.13818,3
2018-02-06 08:47:00,0.13834,0.13834,0.13808,0.13808,7
2018-02-06 08:48:00,0.13834,0.13838,0.13834,0.13838,2
2018-02-06 08:50:00,0.13834,0.13838,0.13834,0.13838,2
2018-02-06 08:51:00,0.13834,0.13834,0.13828,0.13828,2
2018-02-06 08:55:00,0.13824,0.13824,0.13824,0.13824,1
2018-02-06 08:58:00,0.13834,0.13834,0.13824,0.13834,5
2018-02-06 08:59:00,0.13824,0.13824,0.13824,0.13824,1
2018-02-06 09:02:00,0.13814,0.13818,0.13814,0.13818,3
2018-02-06 09:06:00,0.1381,0.13814,0.13804,0.13804,5
2018-02-06 09:07:00,0.138,0.13802,0.13794,0.13802,4
2018-02-06 09:08:00,0.13804,0.13804,0.13804,0.13804,1
2018-02-06 09:09:00,0.13794,0.138,0.13784,0.138,6
2018-02-06 09:10:00,0.13794,0.13794,0.13784,0.13784,6
2018-02-06 09:11:00,0.13794,0.13796,0.13794,0.13796,2
2018-02-06 09:12:00,0.138,0.13804,0.138,0.13804,4
2018-02-06 09:13:00,0.13794,0.13806,0.13794,0.13804,4
2018-02-06 09:16:00,0.13784,0.13804,0.13774,0.13804,6
2018-02-06 09:17:00,0.1379,0.1379,0.1379,0.1379,1
2018-02-06 09:19:00,0.13774,0.13788,0.13774,0.13788,3
2018-02-06 09:20:00,0.13784,0.13784,0.13774,0.13776,12
2018-02-06 09:22:00,0.13774,0.13774,0.13774,0.13774,1
2018-02-06 09:23:00,0.13764,0.13764,0.13764,0.13764,1
2018-02-06 09:24:00,0.13774,0.13774,0.13774,0.13774,1
2018-02-06 09:25:00,0.13764,0.13764,0.13764,0.13764,1
2018-02-06 09:27:00,0.13764,0.13764,0.13754,0.13754,6
2018-02-06 09:29:00,0.13744,0.13754,0.13734,0.13754,7
2018-02-06 09:30:00,0.13744,0.13744,0.1374,0.1374,4
2018-02-06 09:31:00,0.13754,0.13754,0.13752,0.13752,2
2018-02-06 09:32:00,0.13754,0.1376,0.13754,0.1376,4
2018-02-06 09:34:00,0.13774,0.1378,0.13744,0.13748,37
2018-02-06 09:35:00,0.13794,0.13796,0.13774,0.13776,9
2018-02-06 09:36:00,0.13794,0.13804,0.13794,0.13804,4
2018-02-06 09:37:00,0.13784,0.13784,0.13784,0.13784,1
2018-02-06 09:45:00,0.13774,0.13774,0.13774,0.13774,1
2018-02-06 09:49:00,0.13784,0.13784,0.13774,0.13784,8
2018-02-06 09:51:00,0.13782,0.13784,0.13774,0.13778,13
2018-02-06 09:52:00,0.13774,0.13784,0.13774,0.13784,28
2018-02-06 09:57:00,0.13764,0.13764,0.13764,0.13764,1
2018-02-06 09:59:00,0.13754,0.13754,0.13754,0.13754,1
2018-02-06 10:02:00,0.13764,0.13764,0.13764,0.13764,1
2018-02-06 10:08:00,0.13754,0.13754,0.13754,0.13754,1
2018-02-06 10:12:00,0.13764,0.13764,0.13762,0.13762,2
2018-02-06 10:14:00,0.13754,0.13754,0.13754,0.13754,1
2018-02-06 10:22:00,0.13744,0.13744,0.13744,0.13744,1
2018-02-06 10:23:00,0.13734,0.13738,0.13734,0.13738,2
2018-02-06 10:25:00,0.13714,0.13728,0.13714,0.13728,8
2018-02-06 10:26:00,0.13724,0.13724,0.13724,0.13724,1
2018-02-06 10:28:00,0.13734,0.13744,0.13734,0.13734,3
2018-02-06 10:29:00,0.13744,0.13744,0.13734,0.13744,3
2018-02-06 10:30:00,0.13744,0.13744,0.13734,0.1374,3
2018-02-06 10:33:00,0.1375,0.13752,0.13744,0.13752,3
2018-02-06 10:34:00,0.13754,0.13754,0.13744,0.13754,6
2018-02-06 10:35:00,0.13744,0.13744,0.13744,0.13744,1
2018-02-06 10:40:00,0.13744,0.13744,0.13742,0.13742,2
2018-02-06 10:50:00,0.13754,0.13754,0.13754,0.13754,1
2018-02-06 10:52:00,0.13744,0.13744,0.13744,0.13744,1
2018-02-06 10:53:00,0.13734,0.1374,0.13724,0.1374,5
2018-02-06 10:54:00,0.13724,0.13724,0.13724,0.13724,1
2018-02-06 10:56:00,0.13734,0.13734,0.13734,0.13734,1
2018-02-06 10:59:00,0.13724,0.13724,0.13724,0.13724,1
2018-02-06 11:00:00,0.13724,0.13724,0.13714,0.13714,2
2018-02-06 11:01:00,0.13732,0.13732,0.13732,0.13732,1
2018-02-06 11:03:00,0.13734,0.13734,0.13724,0.13724,2
2018-02-06 11:04:00,0.13744,0.13744,0.13734,0.13744,4
2018-02-06 11:08:00,0.13754,0.13754,0.1375,0.1375,4
2018-02-06 11:09:00,0.13744,0.13744,0.13744,0.13744,1
2018-02-06 11:11:00,0.13744,0.13744,0.13734,0.13734,2
2018-02-06 11:12:00,0.13744,0.13744,0.13734,0.13734,3
2018-02-06 11:16:00,0.13734,0.13734,0.13734,0.13734,1
2018-02-06 11:18:00,0.13744,0.13744,0.13734,0.13744,5
2018-02-06 11:26:00,0.13744,0.13752,0.13744,0.13752,5
2018-02-06 11:27:00,0.1375,0.13754,0.1375,0.13754,2
2018-02-06 11:28:00,0.1375,0.13754,0.13744,0.13754,3
2018-02-06 11:29:00,0.13744,0.13744,0.13744,0.13744,1
2018-02-06 11:30:00,0.13734,0.13738,0.13734,0.13738,2
2018-02-06 11:33:00,0.13726,0.13726,0.13726,0.13726,1
2018-02-06 11:35:00,0.13706,0.13726,0.13704,0.13716,7
2018-02-06 11:36:00,0.13726,0.13726,0.13716,0.13716,6
2018-02-06 11:39:00,0.13726,0.13726,0.13716,0.13716,2
2018-02-06 11:41:00,0.13716,0.13716,0.13716,0.13716,1
2018-02-06 11:42:00,0.13726,0.13726,0.1372,0.13722,4
2018-02-06 11:48:00,0.13716,0.13716,0.13716,0.13716,1
2018-02-06 11:49:00,0.13726,0.13726,0.13726,0.13726,1
2018-02-06 11:51:00,0.13716,0.13718,0.13716,0.13718,2
2018-02-06 11:52:00,0.13726,0.13726,0.13726,0.13726,1
2018-02-06 11:53:00,0.13726,0.13734,0.13726,0.13734,2
2018-02-06 11:54:00,0.13734,0.13734,0.13734,0.13734,1
2018-02-06 11:55:00,0.13726,0.13726,0.13726,0.13726,1
2018-02-06 11:56:00,0.13726,0.13736,0.13716,0.13718,8
2018-02-06 11:57:00,0.1373,0.1373,0.1373,0.1373,1
2018-02-06 11:58:00,0.13736,0.13736,0.13736,0.13736,1
2018-02-06 11:59:00,0.13744,0.13744,0.1374,0.13742,3
2018-02-06 12:00:00,0.13736,0.13738,0.13736,0.13738,2
2018-02-06 12:05:00,0.13726,0.1373,0.13726,0.13728,6
2018-02-06 12:06:00,0.13716,0.13726,0.13716,0.13716,4
2018-02-06 12:10:00,0.13726,0.13736,0.13722,0.13722,5
2018-02-06 12:11:00,0.13736,0.13736,0.13736,0.13736,1
2018-02-06 12:12:00,0.13726,0.13726,0.13726,0.13726,1
2018-02-06 12:13:00,0.13736,0.13736,0.13732,0.13732,2
2018-02-06 12:14:00,0.13726,0.13726,0.13726,0.13726,1
2018-02-06 12:17:00,0.13726,0.13726,0.13716,0.13724,7
2018-02-06 12:19:00,0.13716,0.13716,0.13716,0.13716,1
2018-02-06 12:21:00,0.13726,0.13726,0.13716,0.13726,7
2018-02-06 12:23:00,0.13716,0.13716,0.13706,0.13716,6
2018-02-06 12:24:00,0.13688,0.13704,0.13688,0.13704,4
2018-02-06 12:25:00,0.13686,0.1369,0.13686,0.1369,6
2018-02-06 12:26:00,0.13666,0.13686,0.13666,0.13678,7
2018-02-06 12:28:00,0.13656,0.13676,0.13656,0.13656,8
2018-02-06 12:29:00,0.13666,0.13666,0.13656,0.13666,4
2018-02-06 12:30:00,0.13666,0.13676,0.13666,0.1367,5
2018-02-06 12:34:00,0.13656,0.13658,0.13656,0.13658,2
2018-02-06 12:39:00,0.13656,0.13666,0.13656,0.13666,2
2018-02-06 12:41:00,0.13676,0.13676,0.1366,0.13666,6
2018-02-06 12:42:00,0.13686,0.13686,0.1368,0.13682,3
2018-02-06 12:43:00,0.13696,0.13696,0.13696,0.13696,1
2018-02-06 12:44:00,0.13676,0.13686,0.13676,0.13686,2
2018-02-06 12:50:00,0.13682,0.13682,0.13682,0.13682,1
2018-02-06 12:51:00,0.13696,0.13696,0.13688,0.13688,3
2018-02-06 12:55:00,0.13686,0.13686,0.13686,0.13686,1
2018-02-06 12:56:00,0.13666,0.13676,0.13666,0.13676,3
2018-02-06 12:57:00,0.13666,0.13672,0.13656,0.13672,11
2018-02-06 12:58:00,0.13666,0.13676,0.13666,0.13676,6
2018-02-06 13:00:00,0.13686,0.13686,0.13656,0.13656,13
2018-02-06 13:04:00,0.13676,0.13676,0.13668,0.13674,6
2018-02-06 13:05:00,0.1369,0.13692,0.13682,0.13682,7
2018-02-06 13:06:00,0.13696,0.13696,0.13686,0.13686,3
2018-02-06 13:09:00,0.13756,0.13756,0.13706,0.13706,22
2018-02-06 13:10:00,0.13774,0.13774,0.13746,0.13746,8
2018-02-06 13:11:00,0.13774,0.13774,0.13756,0.13768,9
2018-02-06 13:12:00,0.13784,0.13784,0.13784,0.13784,1
2018-02-06 13:14:00,0.13774,0.13784,0.13774,0.13778,10
2018-02-06 13:15:00,0.13774,0.13774,0.13758,0.13768,26
2018-02-06 13:16:00,0.13774,0.13784,0.13766,0.13784,13
2018-02-06 13:17:00,0.13736,0.13766,0.13736,0.13764,19
2018-02-06 13:18:00,0.13756,0.13756,0.13742,0.13742,3
2018-02-06 13:19:00,0.13766,0.13766,0.13762,0.13762,2
2018-02-06 13:20:00,0.13766,0.13766,0.13756,0.13756,9
2018-02-06 13:21:00,0.13772,0.13772,0.13772,0.13772,1
2018-02-06 13:22:00,0.13776,0.13776,0.13776,0.13776,1
2018-02-06 13:23:00,0.13756,0.13772,0.13756,0.13766,6
2018-02-06 13:24:00,0.13746,0.1375,0.13746,0.1375,2
2018-02-06 13:25:00,0.13756,0.13756,0.13756,0.13756,1
2018-02-06 13:26:00,0.13756,0.13756,0.13746,0.13748,5
2018-02-06 13:27:00,0.13746,0.13756,0.13746,0.13748,9
2018-02-06 13:29:00,0.13746,0.13746,0.13728,0.13736,7
2018-02-06 13:30:00,0.13746,0.13746,0.13736,0.13738,7
2018-02-06 13:31:00,0.13726,0.13736,0.13726,0.13736,7
2018-02-06 13:32:00,0.13726,0.13736,0.13726,0.13736,3
2018-02-06 13:33:00,0.13716,0.13716,0.13698,0.13716,13
2018-02-06 13:35:00,0.13706,0.13706,0.13706,0.13706,1
2018-02-06 13:36:00,0.13716,0.13716,0.13688,0.13698,7
2018-02-06 13:37:00,0.13736,0.13736,0.13726,0.13726,2
2018-02-06 13:38:00,0.13746,0.13746,0.13728,0.13728,10
2018-02-06 13:41:00,0.13746,0.13762,0.13746,0.13756,17
2018-02-06 13:43:00,0.13756,0.13756,0.13756,0.13756,1
2018-02-06 13:44:00,0.13766,0.13766,0.13766,0.13766,1
2018-02-06 13:46:00,0.13776,0.13776,0.13776,0.13776,1
2018-02-06 13:47:00,0.13776,0.13776,0.13766,0.13768,6
2018-02-06 13:48:00,0.13766,0.13768,0.13766,0.13768,2
2018-02-06 13:49:00,0.13776,0.13776,0.13776,0.13776,1
2018-02-06 13:50:00,0.13766,0.1378,0.13766,0.1378,4
2018-02-06 13:52:00,0.13756,0.13776,0.13756,0.13776,12
2018-02-06 13:53:00,0.13746,0.13766,0.13746,0.13766,5
2018-02-06 13:54:00,0.13756,0.13756,0.13746,0.1375,6
2018-02-06 13:55:00,0.13746,0.1375,0.13746,0.13746,3
2018-02-06 13:56:00,0.13756,0.13756,0.13746,0.13756,5
2018-02-06 13:57:00,0.13746,0.13748,0.13746,0.13748,4
2018-02-06 14:00:00,0.13776,0.13776,0.13756,0.13756,6
2018-02-06 14:01:00,0.13776,0.13776,0.13768,0.13768,3
2018-02-06 14:10:00,0.13776,0.13782,0.13768,0.13782,9
2018-02-06 14:12:00,0.13776,0.13776,0.13766,0.13766,8
2018-02-06 14:15:00,0.13796,0.13796,0.13782,0.13782,4
2018-02-06 14:18:00,0.13786,0.13786,0.13786,0.13786,1
2018-02-06 14:20:00,0.1378,0.13796,0.13776,0.13796,9
2018-02-06 14:21:00,0.13786,0.13786,0.13786,0.13786,1
2018-02-06 14:22:00,0.13786,0.13786,0.13784,0.13784,2
2018-02-06 14:25:00,0.13782,0.13786,0.13776,0.13778,10
2018-02-06 14:27:00,0.13786,0.13786,0.13776,0.13776,10
2018-02-06 14:28:00,0.13776,0.13796,0.13768,0.13792,9
2018-02-06 14:29:00,0.13776,0.13776,0.13776,0.13776,2
2018-02-06 14:30:00,0.13776,0.13776,0.1377,0.1377,4
2018-02-06 14:31:00,0.13782,0.13782,0.13768,0.13774,8
2018-02-06 14:32:00,0.13804,0.13804,0.13786,0.13786,3
2018-02-06 14:34:00,0.13824,0.13824,0.13812,0.13812,5
2018-02-06 14:36:00,0.13824,0.13824,0.13814,0.13818,11
2018-02-06 14:37:00,0.13814,0.13814,0.13814,0.13814,1
2018-02-06 14:38:00,0.13832,0.13832,0.13824,0.13824,2
2018-02-06 14:42:00,0.13844,0.13844,0.13836,0.13836,3
2018-02-06 14:43:00,0.13854,0.13864,0.13844,0.1385,32
2018-02-06 14:44:00,0.13854,0.13864,0.13854,0.13862,14
2018-02-06 14:45:00,0.13854,0.13864,0.13854,0.13862,5
2018-02-06 14:47:00,0.1386,0.13862,0.13854,0.13862,19
2018-02-06 14:48:00,0.13864,0.13864,0.13854,0.13864,5
2018-02-06 14:51:00,0.13854,0.13864,0.13854,0.13862,3
2018-02-06 14:52:00,0.13862,0.13862,0.13862,0.13862,1
2018-02-06 14:53:00,0.13862,0.13864,0.13858,0.1386,7
2018-02-06 14:54:00,0.13854,0.13854,0.13854,0.13854,1
2018-02-06 14:55:00,0.1386,0.1386,0.13854,0.1386,5
2018-02-06 14:56:00,0.13862,0.13864,0.13854,0.13854,17
2018-02-06 14:57:00,0.13864,0.13866,0.13864,0.13866,2
2018-02-06 14:58:00,0.13854,0.13864,0.13854,0.13854,4
2018-02-06 14:59:00,0.13864,0.13864,0.13864,0.13864,1
2018-02-06 15:03:00,0.13854,0.13864,0.13854,0.13854,10
2018-02-06 15:05:00,0.13864,0.13864,0.13864,0.13864,1
2018-02-06 15:06:00,0.13854,0.13864,0.13854,0.13862,9
2018-02-06 15:07:00,0.13852,0.13852,0.13844,0.13844,4
2018-02-06 15:12:00,0.13844,0.13852,0.13844,0.1385,4
2018-02-06 15:13:00,0.13854,0.13854,0.13844,0.13844,4
2018-02-06 15:14:00,0.13844,0.13854,0.13844,0.13844,10
2018-02-06 15:15:00,0.13844,0.13854,0.13844,0.13854,8
2018-02-06 15:16:00,0.13834,0.13844,0.13834,0.1384,5
2018-02-06 15:17:00,0.1383,0.13834,0.13828,0.13828,5
2018-02-06 15:18:00,0.13824,0.13834,0.13824,0.13834,2
2018-02-06 15:19:00,0.13824,0.13834,0.13824,0.13834,13
2018-02-06 15:20:00,0.13854,0.13854,0.1383,0.1383,7
2018-02-06 15:21:00,0.13854,0.13854,0.1385,0.13854,3
2018-02-06 15:24:00,0.13864,0.13864,0.13864,0.13864,1
2018-02-06 15:26:00,0.13884,0.13884,0.13872,0.13872,3
2018-02-06 15:27:00,0.13894,0.13894,0.13892,0.13894,5
2018-02-06 15:28:00,0.13904,0.13904,0.13884,0.13884,16
2018-02-06 15:29:00,0.13902,0.13902,0.13894,0.13894,2
2018-02-06 15:30:00,0.13894,0.13904,0.13894,0.13894,12
2018-02-06 15:31:00,0.13904,0.13904,0.13894,0.139,4
2018-02-06 15:35:00,0.13924,0.13924,0.1391,0.1391,14
2018-02-06 15:37:00,0.13932,0.13932,0.13932,0.13932,2
2018-02-06 15:38:00,0.13924,0.13924,0.13914,0.13924,3
2018-02-06 15:39:00,0.13924,0.13934,0.13924,0.13926,4
2018-02-06 15:40:00,0.13924,0.13932,0.13924,0.1393,13
2018-02-06 15:41:00,0.13934,0.13934,0.13924,0.13932,6
2018-02-06 15:47:00,0.13934,0.13934,0.13924,0.13924,2
2018-02-06 15:50:00,0.13928,0.13944,0.13928,0.13942,8
2018-02-06 15:51:00,0.13914,0.1392,0.13904,0.13918,10
2018-02-06 15:52:00,0.13914,0.13922,0.13914,0.1392,8
2018-02-06 15:53:00,0.13914,0.13924,0.13914,0.13924,2
2018-02-06 15:54:00,0.13924,0.13924,0.1392,0.1392,2
2018-02-06 15:56:00,0.13918,0.13918,0.13918,0.13918,1
2018-02-06 15:57:00,0.13924,0.13924,0.13922,0.13922,2
2018-02-06 15:58:00,0.13914,0.13924,0.13914,0.13922,6
2018-02-06 15:59:00,0.13904,0.13904,0.13904,0.13904,1
2018-02-06 16:00:00,0.13884,0.13898,0.13884,0.13898,12
2018-02-06 16:01:00,0.13904,0.13904,0.13892,0.13892,7
2018-02-06 16:02:00,0.13914,0.13924,0.13914,0.13914,18
2018-02-06 16:03:00,0.13908,0.13908,0.13908,0.13908,1
2018-02-06 16:04:00,0.13914,0.13914,0.1391,0.1391,2
2018-02-06 16:05:00,0.13914,0.1392,0.13914,0.1392,2
2018-02-06 16:08:00,0.13914,0.13914,0.13904,0.13904,6
2018-02-06 16:09:00,0.13914,0.13914,0.13904,0.13904,2
2018-02-06 16:11:00,0.13914,0.13916,0.13914,0.13916,10
2018-02-06 16:12:00,0.13914,0.13924,0.13914,0.13916,25
2018-02-06 16:13:00,0.13914,0.13924,0.13914,0.1392,10
2018-02-06 16:15:00,0.13924,0.13924,0.13914,0.1392,15
2018-02-06 16:17:00,0.13924,0.13924,0.13922,0.13922,2
2018-02-06 16:18:00,0.13922,0.13922,0.13922,0.13922,2
2018-02-06 16:22:00,0.13932,0.13932,0.13926,0.13926,2
2018-02-06 16:26:00,0.13934,0.13952,0.13934,0.13944,9
2018-02-06 16:27:00,0.13944,0.13944,0.13934,0.1394,7
2018-02-06 16:28:00,0.13934,0.13944,0.13934,0.13934,9
2018-02-06 16:29:00,0.13934,0.13936,0.13934,0.13936,2
2018-02-06 16:30:00,0.13934,0.13944,0.13934,0.13942,5
2018-02-06 16:31:00,0.13944,0.13944,0.13934,0.1394,22
2018-02-06 16:34:00,0.13934,0.13944,0.13934,0.13942,3
2018-02-06 16:36:00,0.13914,0.13928,0.13904,0.13928,9
2018-02-06 16:38:00,0.1392,0.13922,0.13904,0.13904,9
2018-02-06 16:39:00,0.13914,0.13924,0.13914,0.13924,5
2018-02-06 16:40:00,0.13904,0.13904,0.13904,0.13904,1
2018-02-06 16:41:00,0.13914,0.13914,0.13914,0.13914,1
2018-02-06 16:42:00,0.13898,0.13908,0.13898,0.13908,2
2018-02-06 16:44:00,0.13874,0.13894,0.13874,0.13894,5
2018-02-06 16:45:00,0.13762,0.13846,0.13744,0.13846,31
2018-02-06 16:46:00,0.13776,0.13796,0.13766,0.13768,20
2018-02-06 16:47:00,0.13776,0.13776,0.13766,0.13768,10
2018-02-06 16:48:00,0.13756,0.13786,0.13756,0.13782,9
2018-02-06 16:49:00,0.13766,0.13776,0.13756,0.13766,10
2018-02-06 16:50:00,0.13786,0.13786,0.13772,0.13772,10
2018-02-06 16:51:00,0.13806,0.13808,0.13796,0.13796,4
2018-02-06 16:52:00,0.13806,0.13806,0.13798,0.13798,2
2018-02-06 16:53:00,0.13816,0.1382,0.13816,0.13816,3
2018-02-06 16:55:00,0.13826,0.13826,0.13808,0.13808,3
2018-02-06 16:56:00,0.13826,0.13836,0.13826,0.13836,6
2018-02-06 16:57:00,0.13806,0.13816,0.13806,0.13816,2
2018-02-06 16:59:00,0.13826,0.13826,0.1381,0.13816,10
2018-02-06 17:00:00,0.13836,0.13836,0.1383,0.13832,6
2018-02-06 17:01:00,0.13826,0.13832,0.13826,0.13828,5
2018-02-06 17:02:00,0.13826,0.13828,0.13816,0.13816,15
2018-02-06 17:03:00,0.13806,0.13836,0.13806,0.1383,15
2018-02-06 17:04:00,0.13706,0.13798,0.13676,0.13798,31
2018-02-06 17:05:00,0.13726,0.1374,0.13716,0.13718,22
2018-02-06 17:06:00,0.13712,0.13726,0.13706,0.1372,8
2018-02-06 17:07:00,0.13716,0.13726,0.13696,0.13716,8
2018-02-06 17:08:00,0.13716,0.13726,0.13712,0.13726,5
2018-02-06 17:09:00,0.13686,0.13716,0.13686,0.13712,13
2018-02-06 17:10:00,0.13716,0.13716,0.13692,0.13692,5
2018-02-06 17:11:00,0.13686,0.13712,0.13676,0.13706,15
2018-02-06 17:12:00,0.13626,0.13676,0.13624,0.13672,24
2018-02-06 17:13:00,0.13656,0.13666,0.13626,0.13632,27
2018-02-06 17:14:00,0.13676,0.13676,0.13656,0.13666,14
2018-02-06 17:15:00,0.13656,0.13682,0.13656,0.13666,17
2018-02-06 17:16:00,0.13654,0.13656,0.13646,0.1365,5
2018-02-06 17:17:00,0.13696,0.13696,0.13666,0.13666,12
2018-02-06 17:18:00,0.13702,0.13702,0.1369,0.1369,9
2018-02-06 17:19:00,0.13706,0.13708,0.13686,0.13696,14
2018-02-06 17:20:00,0.13706,0.13708,0.137,0.13708,4
2018-02-06 17:21:00,0.13716,0.13726,0.13712,0.13712,8
2018-02-06 17:22:00,0.13736,0.13746,0.1372,0.13726,17
2018-02-06 17:23:00,0.13756,0.13756,0.13736,0.13746,20
2018-02-06 17:24:00,0.13746,0.1377,0.13746,0.13766,14
2018-02-06 17:25:00,0.1374,0.13746,0.13736,0.1374,6
2018-02-06 17:26:00,0.13746,0.13746,0.13736,0.13746,8
2018-02-06 17:27:00,0.13756,0.13766,0.13756,0.13756,13
2018-02-06 17:28:00,0.13756,0.13776,0.13756,0.13762,21
2018-02-06 17:29:00,0.13746,0.13746,0.13736,0.13746,17
2018-02-06 17:30:00,0.13696,0.13736,0.13696,0.13736,9
2018-02-06 17:31:00,0.13686,0.13706,0.13676,0.13702,24
2018-02-06 17:32:00,0.13706,0.13726,0.13696,0.13696,11
2018-02-06 17:33:00,0.13746,0.13746,0.13712,0.13712,7
2018-02-06 17:34:00,0.13756,0.13756,0.13736,0.13736,16
2018-02-06 17:35:00,0.13756,0.13756,0.13746,0.1375,8
2018-02-06 17:36:00,0.13756,0.13756,0.13746,0.13746,7
2018-02-06 17:37:00,0.13756,0.13766,0.13746,0.13746,15
2018-02-06 17:38:00,0.13756,0.13766,0.13746,0.13746,14
2018-02-06 17:39:00,0.13756,0.13758,0.13756,0.13758,4
2018-02-06 17:40:00,0.13746,0.13746,0.13746,0.13746,1
2018-02-06 17:41:00,0.13766,0.13766,0.13746,0.13748,27
2018-02-06 17:42:00,0.1378,0.13786,0.13766,0.1377,32
2018-02-06 17:43:00,0.13756,0.13776,0.13746,0.13776,18
2018-02-06 17:44:00,0.1375,0.13756,0.13736,0.1375,33
2018-02-06 17:45:00,0.13732,0.13746,0.13706,0.13746,26
2018-02-06 17:46:00,0.13746,0.13746,0.13706,0.13726,12
2018-02-06 17:47:00,0.13746,0.13746,0.13736,0.13736,2
2018-02-06 17:48:00,0.13766,0.13766,0.13736,0.1374,12
2018-02-06 17:49:00,0.1378,0.13786,0.13766,0.13776,10
2018-02-06 17:50:00,0.13786,0.13792,0.13776,0.13786,9
2018-02-06 17:51:00,0.13746,0.13776,0.13746,0.13776,14
2018-02-06 17:52:00,0.13746,0.13748,0.13736,0.13736,9
2018-02-06 17:53:00,0.13746,0.13776,0.13726,0.13748,50
2018-02-06 17:54:00,0.13756,0.13766,0.13746,0.13756,20
2018-02-06 17:55:00,0.13746,0.13766,0.13746,0.13762,21
2018-02-06 17:56:00,0.13736,0.13756,0.13726,0.13756,6
2018-02-06 17:57:00,0.13726,0.13726,0.13726,0.13726,1
2018-02-06 17:58:00,0.13726,0.13736,0.13726,0.13736,4
2018-02-06 17:59:00,0.13726,0.13726,0.13726,0.13726,1
2018-02-07 08:30:00,0.13688,0.13726,0.13688,0.13726,6
2018-02-07 08:31:00,0.13698,0.13698,0.13678,0.13698,10
2018-02-07 08:32:00,0.13698,0.13718,0.13698,0.13708,5
2018-02-07 08:34:00,0.13698,0.13708,0.13688,0.13708,6
2018-02-07 08:35:00,0.13708,0.13708,0.13698,0.13708,4
2018-02-07 08:36:00,0.13704,0.13718,0.13704,0.13718,7
2018-02-07 08:37:00,0.13708,0.13708,0.13698,0.13708,3
2018-02-07 08:38:00,0.13728,0.13728,0.13718,0.13718,4
2018-02-07 08:39:00,0.13728,0.13728,0.13718,0.13718,5
2018-02-07 08:40:00,0.13728,0.13734,0.13728,0.13734,2
2018-02-07 08:41:00,0.13718,0.13718,0.13718,0.13718,1
2018-02-07 08:42:00,0.13708,0.13708,0.13708,0.13708,1
2018-02-07 08:43:00,0.13698,0.13708,0.13698,0.13704,10
2018-02-07 08:44:00,0.13704,0.13704,0.13704,0.13704,1
2018-02-07 08:45:00,0.13698,0.13708,0.13696,0.13698,10
2018-02-07 08:46:00,0.13708,0.13728,0.13688,0.13688,13
2018-02-07 08:47:00,0.13698,0.13718,0.13688,0.13698,22
2018-02-07 08:48:00,0.13708,0.13708,0.13688,0.13708,21
2018-02-07 08:49:00,0.13708,0.13718,0.13698,0.13698,19
2018-02-07 08:50:00,0.13698,0.13708,0.13698,0.13698,10
2018-02-07 08:51:00,0.13698,0.13706,0.13698,0.13706,5
2018-02-07 08:52:00,0.13688,0.13692,0.13688,0.13692,2
2018-02-07 08:53:00,0.13688,0.13698,0.13678,0.13678,4
2018-02-07 08:54:00,0.13688,0.13688,0.13678,0.13678,6
2018-02-07 08:55:00,0.13688,0.13698,0.13678,0.13678,12
2018-02-07 08:56:00,0.13708,0.13708,0.13694,0.13694,3
2018-02-07 08:57:00,0.13718,0.13718,0.13718,0.13718,1
2018-02-07 08:59:00,0.13718,0.13728,0.13708,0.13708,20
2018-02-07 09:00:00,0.13708,0.13708,0.13708,0.13708,1
2018-02-07 09:02:00,0.13716,0.13716,0.13716,0.13716,1
2018-02-07 09:03:00,0.13738,0.13738,0.13728,0.13728,2
2018-02-07 09:05:00,0.13738,0.13738,0.13718,0.13736,20
2018-02-07 09:06:00,0.13738,0.13738,0.13728,0.13728,3
2018-02-07 09:09:00,0.13728,0.13728,0.13728,0.13728,1
2018-02-07 09:10:00,0.13728,0.13728,0.13718,0.13718,5
2018-02-07 09:14:00,0.13738,0.13738,0.13738,0.13738,1
2018-02-07 09:15:00,0.13734,0.13738,0.13728,0.13728,5
2018-02-07 09:16:00,0.13738,0.13738,0.13728,0.13738,5
2018-02-07 09:18:00,0.13738,0.13738,0.13734,0.13734,2
2018-02-07 09:19:00,0.13728,0.13728,0.13728,0.13728,1
2018-02-07 09:20:00,0.13728,0.13728,0.13718,0.13726,12
2018-02-07 09:21:00,0.13748,0.13748,0.13736,0.13736,2
2018-02-07 09:22:00,0.13758,0.13778,0.13758,0.13758,13
2018-02-07 09:23:00,0.13768,0.13768,0.13758,0.13764,4
2018-02-07 09:24:00,0.13768,0.13768,0.13758,0.13758,4
2018-02-07 09:25:00,0.13758,0.13764,0.13758,0.13764,4
2018-02-07 09:26:00,0.13748,0.13748,0.13748,0.13748,1
2018-02-07 09:27:00,0.13758,0.13758,0.13758,0.13758,1
2018-02-07 09:29:00,0.13758,0.13758,0.13748,0.13748,2
2018-02-07 09:30:00,0.13758,0.13758,0.13748,0.13758,5
2018-02-07 09:31:00,0.13758,0.13758,0.13748,0.13748,3
2018-02-07 09:32:00,0.13748,0.13748,0.13746,0.13748,3
2018-02-07 09:34:00,0.13768,0.13768,0.13758,0.13758,2
2018-02-07 09:36:00,0.13774,0.13778,0.13768,0.13778,9
2018-02-07 09:37:00,0.13748,0.13768,0.13748,0.13768,12
2018-02-07 09:38:00,0.13738,0.13758,0.13738,0.13754,8
2018-02-07 09:39:00,0.13748,0.13758,0.13738,0.13748,7
2018-02-07 09:40:00,0.13748,0.13748,0.13738,0.13738,2
2018-02-07 09:41:00,0.13738,0.13748,0.13738,0.13738,4
2018-02-07 09:42:00,0.1367,0.13734,0.1367,0.13734,16
2018-02-07 09:43:00,0.1367,0.13674,0.1367,0.13674,2
2018-02-07 09:44:00,0.1364,0.13674,0.1364,0.13674,15
2018-02-07 09:45:00,0.1364,0.1365,0.1364,0.1365,2
2018-02-07 09:47:00,0.1365,0.13654,0.13646,0.13646,5
2018-02-07 09:48:00,0.1364,0.1365,0.1364,0.1364,7
2018-02-07 09:49:00,0.1364,0.13642,0.1364,0.13642,2
2018-02-07 09:50:00,0.13634,0.13634,0.13634,0.13634,1
2018-02-07 09:51:00,0.1364,0.1364,0.1363,0.1363,2
2018-02-07 09:53:00,0.1363,0.1363,0.1363,0.1363,1
2018-02-07 09:55:00,0.1365,0.1365,0.1364,0.1364,2
2018-02-07 09:56:00,0.1366,0.1367,0.1366,0.1366,7
2018-02-07 09:57:00,0.1366,0.1366,0.13654,0.13654,2
2018-02-07 09:58:00,0.1365,0.1366,0.1365,0.1365,5
2018-02-07 10:00:00,0.1366,0.1366,0.1366,0.1366,1
2018-02-07 10:01:00,0.1366,0.1367,0.1366,0.13664,4
2018-02-07 10:07:00,0.1366,0.1366,0.1365,0.1365,3
2018-02-07 10:08:00,0.1365,0.1365,0.1365,0.1365,1
2018-02-07 10:09:00,0.1365,0.1365,0.1364,0.1364,2
2018-02-07 10:10:00,0.1364,0.13644,0.1363,0.13644,5
2018-02-07 10:11:00,0.1364,0.13644,0.1364,0.13644,2
2018-02-07 10:13:00,0.13624,0.1363,0.1362,0.1363,8
2018-02-07 10:14:00,0.1364,0.1364,0.1363,0.1363,2
2018-02-07 10:15:00,0.1363,0.13634,0.1362,0.1363,5
2018-02-07 10:16:00,0.13646,0.13646,0.13634,0.13634,4
2018-02-07 10:18:00,0.1365,0.1366,0.1365,0.13652,4
2018-02-07 10:19:00,0.1363,0.13642,0.1363,0.13642,3
2018-02-07 10:20:00,0.13602,0.1364,0.13602,0.13636,7
2018-02-07 10:21:00,0.1361,0.1361,0.136,0.13606,7
2018-02-07 10:22:00,0.136,0.136,0.13594,0.136,3
2018-02-07 10:23:00,0.1358,0.136,0.1358,0.13594,7
2018-02-07 10:24:00,0.13544,0.1357,0.1354,0.1357,15
2018-02-07 10:25:00,0.1354,0.1355,0.1354,0.1355,6
2018-02-07 10:26:00,0.1358,0.13586,0.1354,0.13544,27
2018-02-07 10:27:00,0.1358,0.1359,0.1358,0.13584,14
2018-02-07 10:28:00,0.1359,0.1359,0.13584,0.13584,4
2018-02-07 10:29:00,0.1355,0.1359,0.13546,0.13584,18
2018-02-07 10:30:00,0.1359,0.1359,0.13554,0.13554,8
2018-02-07 10:31:00,0.136,0.136,0.13594,0.13594,2
2018-02-07 10:32:00,0.136,0.1361,0.13594,0.13604,5
2018-02-07 10:33:00,0.1359,0.136,0.1359,0.1359,14
2018-02-07 10:34:00,0.136,0.136,0.136,0.136,1
2018-02-07 10:36:00,0.1361,0.1361,0.136,0.1361,9
2018-02-07 10:37:00,0.136,0.13604,0.136,0.13604,2
2018-02-07 10:44:00,0.136,0.136,0.1359,0.1359,2
2018-02-07 10:45:00,0.1359,0.13594,0.1359,0.1359,3
2018-02-07 10:46:00,0.136,0.136,0.136,0.136,1
2018-02-07 10:47:00,0.1359,0.1359,0.1359,0.1359,1
2018-02-07 10:49:00,0.1359,0.1359,0.1358,0.1358,5
2018-02-07 10:51:00,0.1361,0.1361,0.136,0.136,5
2018-02-07 10:52:00,0.136,0.136,0.136,0.136,1
2018-02-07 10:54:00,0.1361,0.1361,0.13606,0.13606,2
2018-02-07 10:56:00,0.1362,0.1363,0.13614,0.13614,8
2018-02-07 10:57:00,0.1364,0.1364,0.1363,0.1363,2
2018-02-07 10:58:00,0.1364,0.1364,0.1363,0.13632,4
2018-02-07 10:59:00,0.1363,0.1364,0.1363,0.13634,4
2018-02-07 11:00:00,0.13626,0.13626,0.1362,0.1362,2
2018-02-07 11:01:00,0.13624,0.13624,0.1362,0.1362,2
2018-02-07 11:02:00,0.1362,0.1362,0.1362,0.1362,1
2018-02-07 11:03:00,0.1363,0.1363,0.1363,0.1363,1
2018-02-07 11:04:00,0.1363,0.1363,0.1362,0.1362,2
2018-02-07 11:07:00,0.1365,0.1365,0.1364,0.1364,2
2018-02-07 11:09:00,0.13656,0.13656,0.13656,0.13656,1
2018-02-07 11:10:00,0.1364,0.1365,0.1364,0.1365,2
2018-02-07 11:11:00,0.1364,0.1365,0.1364,0.1365,2
2018-02-07 11:14:00,0.1365,0.1365,0.1365,0.1365,1
2018-02-07 11:15:00,0.1364,0.1364,0.1364,0.1364,1
2018-02-07 11:16:00,0.1364,0.1365,0.1364,0.13646,3
2018-02-07 11:20:00,0.1364,0.1364,0.1362,0.13628,5
2018-02-07 11:22:00,0.1366,0.1366,0.1365,0.1365,2
2018-02-07 11:25:00,0.1366,0.1366,0.1365,0.1365,2
2018-02-07 11:26:00,0.1367,0.1367,0.1366,0.1367,6
2018-02-07 11:30:00,0.1367,0.13672,0.1366,0.13662,5
2018-02-07 11:31:00,0.13664,0.13664,0.1366,0.1366,2
2018-02-07 11:32:00,0.1366,0.1366,0.1366,0.1366,1
2018-02-07 11:33:00,0.1367,0.1367,0.13666,0.13666,2
2018-02-07 11:35:00,0.1366,0.1366,0.1366,0.1366,1
2018-02-07 11:36:00,0.1368,0.1368,0.1367,0.1367,2
2018-02-07 11:37:00,0.1367,0.1368,0.1367,0.1367,4
2018-02-07 11:39:00,0.137,0.137,0.1368,0.1368,4
2018-02-07 11:40:00,0.1369,0.13692,0.1369,0.13692,2
2018-02-07 11:41:00,0.137,0.137,0.1369,0.137,7
2018-02-07 11:42:00,0.1369,0.137,0.1368,0.1369,8
2018-02-07 11:44:00,0.1369,0.1369,0.1368,0.13682,7
2018-02-07 11:46:00,0.1369,0.13694,0.1368,0.1368,4
2018-02-07 11:47:00,0.1369,0.137,0.1369,0.137,8
2018-02-07 11:48:00,0.137,0.137,0.137,0.137,1
2018-02-07 11:49:00,0.137,0.1371,0.137,0.13706,5
2018-02-07 11:50:00,0.1371,0.13714,0.1371,0.1371,5
2018-02-07 11:51:00,0.1371,0.13714,0.1371,0.13714,2
2018-02-07 11:52:00,0.137,0.137,0.137,0.137,1
2018-02-07 11:54:00,0.1371,0.1371,0.1371,0.1371,1
2018-02-07 11:55:00,0.137,0.137,0.1369,0.137,3
2018-02-07 11:57:00,0.137,0.1371,0.137,0.1371,4
2018-02-07 12:00:00,0.1371,0.1371,0.1371,0.1371,1
2018-02-07 12:01:00,0.137,0.137,0.137,0.137,1
2018-02-07 12:02:00,0.1369,0.137,0.1368,0.13688,8
2018-02-07 12:04:00,0.13694,0.13694,0.13694,0.13694,1
2018-02-07 12:05:00,0.13694,0.137,0.13694,0.137,4
2018-02-07 12:06:00,0.137,0.137,0.137,0.137,1
2018-02-07 12:07:00,0.13706,0.13706,0.1369,0.1369,3
2018-02-07 12:08:00,0.137,0.1371,0.137,0.137,4
2018-02-07 12:12:00,0.1371,0.1371,0.13692,0.13692,3
2018-02-07 12:18:00,0.137,0.13702,0.137,0.13702,2
2018-02-07 12:20:00,0.137,0.13704,0.137,0.13704,2
2018-02-07 12:23:00,0.1371,0.1371,0.1371,0.1371,1
2018-02-07 12:26:00,0.137,0.137,0.137,0.137,1
2018-02-07 12:27:00,0.137,0.1371,0.137,0.13706,3
2018-02-07 12:30:00,0.1371,0.1371,0.13704,0.13704,2
2018-02-07 12:31:00,0.13704,0.1371,0.137,0.137,3
2018-02-07 12:32:00,0.1371,0.1371,0.1371,0.1371,1
2018-02-07 12:33:00,0.137,0.137,0.137,0.137,1
2018-02-07 12:34:00,0.1371,0.1371,0.13708,0.1371,3
2018-02-07 12:35:00,0.13704,0.13704,0.137,0.137,4
2018-02-07 12:36:00,0.1371,0.1371,0.137,0.137,3
2018-02-07 12:37:00,0.137,0.137,0.137,0.137,1
2018-02-07 12:39:00,0.1371,0.1371,0.1371,0.1371,1
2018-02-07 12:40:00,0.137,0.1371,0.137,0.137,3
2018-02-07 12:41:00,0.1371,0.1371,0.137,0.13706,8
2018-02-07 12:42:00,0.137,0.137,0.137,0.137,1
2018-02-07 12:43:00,0.1371,0.1371,0.137,0.13706,4
2018-02-07 12:49:00,0.1371,0.1371,0.137,0.137,4
2018-02-07 12:53:00,0.137,0.137,0.137,0.137,1
2018-02-07 12:55:00,0.1371,0.1371,0.1371,0.1371,1
2018-02-07 12:57:00,0.137,0.137,0.137,0.137,1
2018-02-07 12:58:00,0.1371,0.1371,0.1371,0.1371,1
2018-02-07 13:00:00,0.1374,0.1374,0.1372,0.1372,13
2018-02-07 13:01:00,0.1374,0.1374,0.1373,0.1373,3
2018-02-07 13:02:00,0.1373,0.1374,0.13724,0.1373,6
2018-02-07 13:03:00,0.1372,0.1372,0.1372,0.1372,1
2018-02-07 13:05:00,0.1373,0.13732,0.13724,0.13726,6
2018-02-07 13:06:00,0.1373,0.1373,0.1372,0.1372,3
2018-02-07 13:09:00,0.1374,0.1374,0.13722,0.13722,3
2018-02-07 13:10:00,0.1375,0.1375,0.13748,0.1375,3
2018-02-07 13:11:00,0.13756,0.1376,0.1375,0.13756,7
2018-02-07 13:12:00,0.1377,0.1377,0.1377,0.1377,1
2018-02-07 13:13:00,0.1377,0.1377,0.13762,0.13762,2
2018-02-07 13:14:00,0.13778,0.13778,0.13762,0.13762,4
2018-02-07 13:15:00,0.13774,0.13788,0.1377,0.13774,15
2018-02-07 13:16:00,0.1375,0.1377,0.1375,0.1377,9
2018-02-07 13:18:00,0.1371,0.1375,0.1371,0.1374,16
2018-02-07 13:19:00,0.1371,0.1371,0.13688,0.13702,15
2018-02-07 13:20:00,0.137,0.13712,0.137,0.13712,12
2018-02-07 13:21:00,0.1372,0.1372,0.137,0.13704,11
2018-02-07 13:22:00,0.1372,0.1372,0.1371,0.1371,3
2018-02-07 13:23:00,0.1371,0.13712,0.1371,0.13712,2
2018-02-07 13:25:00,0.1369,0.137,0.1368,0.13698,19
2018-02-07 13:26:00,0.137,0.137,0.137,0.137,1
2018-02-07 13:27:00,0.1371,0.1371,0.13706,0.13706,2
2018-02-07 13:28:00,0.13704,0.13704,0.137,0.137,6
2018-02-07 13:29:00,0.137,0.137,0.1369,0.137,9
2018-02-07 13:30:00,0.1371,0.1371,0.1369,0.13704,14
2018-02-07 13:31:00,0.137,0.1371,0.1369,0.137,7
2018-02-07 13:32:00,0.137,0.137,0.1369,0.1369,2
2018-02-07 13:33:00,0.1371,0.1371,0.13708,0.1371,3
2018-02-07 13:34:00,0.13706,0.13708,0.13706,0.13708,2
2018-02-07 13:35:00,0.13734,0.1374,0.1371,0.1372,12
2018-02-07 13:36:00,0.1375,0.1375,0.1373,0.1374,8
2018-02-07 13:37:00,0.1375,0.1376,0.1375,0.13756,9
2018-02-07 13:38:00,0.1375,0.1376,0.1375,0.1376,5
2018-02-07 13:39:00,0.1376,0.1376,0.1376,0.1376,1
2018-02-07 13:41:00,0.1378,0.1379,0.13766,0.13766,17
2018-02-07 13:43:00,0.13782,0.13798,0.1377,0.13774,13
2018-02-07 13:44:00,0.1379,0.13798,0.1377,0.13778,8
2018-02-07 13:45:00,0.13798,0.13798,0.13784,0.13784,10
2018-02-07 13:46:00,0.1379,0.1379,0.1379,0.1379,1
2018-02-07 13:47:00,0.13814,0.13822,0.13798,0.138,32
2018-02-07 13:48:00,0.13802,0.13808,0.13798,0.13808,6
2018-02-07 13:49:00,0.13818,0.13818,0.13804,0.13804,5
2018-02-07 13:50:00,0.13824,0.13828,0.13812,0.13812,4
2018-02-07 13:51:00,0.13828,0.13828,0.13818,0.13818,5
2018-02-07 13:52:00,0.13822,0.13822,0.13822,0.13822,1
2018-02-07 13:53:00,0.13808,0.13818,0.13808,0.13818,13
2018-02-07 13:55:00,0.13798,0.13802,0.13798,0.13802,2
2018-02-07 13:56:00,0.13808,0.13808,0.13798,0.13806,4
2018-02-07 13:57:00,0.13798,0.13808,0.13798,0.13798,5
2018-02-07 13:58:00,0.1379,0.13792,0.1379,0.13792,2
2018-02-07 13:59:00,0.1379,0.1379,0.1378,0.13782,13
2018-02-07 14:00:00,0.1379,0.1379,0.1378,0.13782,11
2018-02-07 14:01:00,0.138,0.138,0.13784,0.13784,11
2018-02-07 14:02:00,0.138,0.13804,0.13792,0.13798,9
2018-02-07 14:03:00,0.1379,0.1379,0.1379,0.1379,1
2018-02-07 14:04:00,0.138,0.138,0.1379,0.138,3
2018-02-07 14:05:00,0.13828,0.13828,0.13808,0.13808,8
2018-02-07 14:06:00,0.13818,0.13828,0.13818,0.13828,6
2018-02-07 14:07:00,0.13808,0.13808,0.13808,0.13808,1
2018-02-07 14:08:00,0.13808,0.13808,0.138,0.13804,3
2018-02-07 14:09:00,0.1379,0.13804,0.1379,0.13804,3
2018-02-07 14:10:00,0.13808,0.13808,0.138,0.138,2
2018-02-07 14:12:00,0.13808,0.13808,0.138,0.138,5
2018-02-07 14:13:00,0.138,0.138,0.138,0.138,1
2018-02-07 14:14:00,0.1379,0.13804,0.1379,0.13804,3
2018-02-07 14:15:00,0.13806,0.13806,0.13796,0.13796,2
2018-02-07 14:16:00,0.13808,0.13808,0.138,0.138,9
2018-02-07 14:18:00,0.13818,0.13818,0.13818,0.13818,1
2018-02-07 14:20:00,0.13828,0.13828,0.13828,0.13828,1
2018-02-07 14:21:00,0.13828,0.13828,0.13818,0.13818,2
2018-02-07 14:22:00,0.13828,0.13838,0.13828,0.13838,3
2018-02-07 14:23:00,0.13848,0.13848,0.13836,0.13836,2
2018-02-07 14:24:00,0.13848,0.13858,0.13848,0.13856,4
2018-02-07 14:25:00,0.13854,0.13858,0.13848,0.1385,22
2018-02-07 14:26:00,0.13868,0.13868,0.13848,0.13858,5
2018-02-07 14:27:00,0.13858,0.13868,0.13858,0.13864,12
2018-02-07 14:28:00,0.13858,0.13868,0.13858,0.13864,24
2018-02-07 14:29:00,0.13844,0.13854,0.13838,0.13852,23
2018-02-07 14:30:00,0.13828,0.13848,0.13828,0.13848,18
2018-02-07 14:31:00,0.13814,0.13834,0.1381,0.13834,6
2018-02-07 14:32:00,0.13818,0.13818,0.1381,0.13818,16
2018-02-07 14:33:00,0.1381,0.13818,0.1381,0.1381,8
2018-02-07 14:34:00,0.138,0.13814,0.138,0.13814,10
2018-02-07 14:35:00,0.1381,0.13818,0.13804,0.13804,16
2018-02-07 14:36:00,0.1381,0.13818,0.1381,0.13814,6
2018-02-07 14:37:00,0.13828,0.13828,0.13814,0.13814,7
2018-02-07 14:38:00,0.13824,0.13828,0.13818,0.13818,9
2018-02-07 14:39:00,0.13818,0.13828,0.1381,0.13818,10
2018-02-07 14:40:00,0.13838,0.13838,0.13824,0.13824,4
2018-02-07 14:44:00,0.13846,0.13846,0.13846,0.13846,1
2018-02-07 14:45:00,0.13858,0.13858,0.13858,0.13858,1
2018-02-07 14:46:00,0.13866,0.13866,0.13856,0.13856,4
2018-02-07 14:47:00,0.13864,0.13868,0.13854,0.13864,12
2018-02-07 14:48:00,0.13868,0.13868,0.13858,0.13858,7
2018-02-07 14:49:00,0.13858,0.13868,0.13858,0.13858,8
2018-02-07 14:50:00,0.13868,0.13868,0.13866,0.13866,2
2018-02-07 14:55:00,0.13868,0.13868,0.13858,0.13858,2
2018-02-07 14:56:00,0.13878,0.13888,0.13876,0.13876,4
2018-02-07 15:00:00,0.13878,0.13888,0.13878,0.13888,2
2018-02-07 15:01:00,0.13888,0.13888,0.13884,0.13884,2
2018-02-07 15:02:00,0.13888,0.13888,0.13878,0.13882,7
2018-02-07 15:03:00,0.13878,0.13884,0.13878,0.13882,10
2018-02-07 15:05:00,0.13886,0.13886,0.13886,0.13886,1
2018-02-07 15:07:00,0.13888,0.13888,0.13878,0.13878,5
2018-02-07 15:08:00,0.13898,0.13898,0.13888,0.13898,4
2018-02-07 15:12:00,0.13898,0.13898,0.13888,0.13892,29
2018-02-07 15:15:00,0.13898,0.13898,0.13888,0.13892,7
2018-02-07 15:18:00,0.13888,0.13898,0.13888,0.13888,5
2018-02-07 15:19:00,0.13888,0.13888,0.13886,0.13886,2
2018-02-07 15:20:00,0.13888,0.1389,0.13888,0.1389,4
2018-02-07 15:21:00,0.13878,0.1388,0.13878,0.13878,3
2018-02-07 15:22:00,0.13888,0.13888,0.13878,0.13884,27
2018-02-07 15:26:00,0.13878,0.13878,0.13878,0.13878,1
2018-02-07 15:27:00,0.13888,0.13888,0.13888,0.13888,1
2018-02-07 15:28:00,0.13878,0.13882,0.13878,0.13882,2
2018-02-07 15:30:00,0.13878,0.13878,0.13868,0.13868,8
2018-02-07 15:31:00,0.13878,0.13888,0.13878,0.13888,10
2018-02-07 15:33:00,0.13888,0.13888,0.13868,0.13888,13
2018-02-07 15:35:00,0.13898,0.13898,0.13898,0.13898,1
2018-02-07 15:36:00,0.13898,0.13916,0.13898,0.13906,30
2018-02-07 15:37:00,0.13888,0.139,0.13878,0.139,8
2018-02-07 15:38:00,0.13868,0.13888,0.13868,0.13884,9
2018-02-07 15:41:00,0.13848,0.1386,0.13848,0.13858,4
2018-02-07 15:42:00,0.1379,0.1386,0.1379,0.1385,20
2018-02-07 15:43:00,0.138,0.138,0.1378,0.13784,17
2018-02-07 15:44:00,0.1381,0.1381,0.13804,0.1381,3
2018-02-07 15:45:00,0.1383,0.1384,0.13816,0.13816,11
2018-02-07 15:46:00,0.1384,0.1384,0.13834,0.13834,4
2018-02-07 15:47:00,0.1384,0.13848,0.1384,0.13848,5
2018-02-07 15:50:00,0.13858,0.13858,0.1383,0.1385,9
2018-02-07 15:51:00,0.13858,0.1386,0.1385,0.13852,7
2018-02-07 15:52:00,0.13878,0.13878,0.13858,0.1386,7
2018-02-07 15:53:00,0.13878,0.13878,0.13868,0.13874,23
2018-02-07 15:54:00,0.13878,0.13888,0.13878,0.13886,15
2018-02-07 15:55:00,0.13888,0.13888,0.13868,0.13872,11
2018-02-07 15:57:00,0.13888,0.13898,0.13888,0.13898,8
2018-02-07 15:58:00,0.13898,0.139,0.13898,0.13898,3
2018-02-07 15:59:00,0.13888,0.13906,0.13888,0.13906,14
2018-02-07 16:00:00,0.13908,0.13908,0.13894,0.13894,17
2018-02-07 16:04:00,0.13908,0.13908,0.13898,0.13898,4
2018-02-07 16:05:00,0.13908,0.13908,0.13904,0.13904,4
2018-02-07 16:07:00,0.13908,0.1391,0.13908,0.1391,2
2018-02-07 16:09:00,0.13918,0.13918,0.13908,0.13916,29
2018-02-07 16:11:00,0.13928,0.13928,0.13924,0.13926,14
2018-02-07 16:13:00,0.13918,0.13928,0.13912,0.13922,11
2018-02-07 16:14:00,0.13908,0.13916,0.13908,0.13912,19
2018-02-07 16:15:00,0.13898,0.13898,0.13898,0.13898,1
2018-02-07 16:16:00,0.13898,0.13908,0.13898,0.13908,5
2018-02-07 16:17:00,0.13878,0.13908,0.13878,0.13904,22
2018-02-07 16:18:00,0.13898,0.13898,0.13884,0.13884,4
2018-02-07 16:19:00,0.13888,0.13888,0.13878,0.13888,6
2018-02-07 16:20:00,0.13898,0.13898,0.13888,0.13894,9
2018-02-07 16:21:00,0.13898,0.13908,0.13898,0.13908,10
2018-02-07 16:22:00,0.13898,0.13908,0.13898,0.13904,11
2018-02-07 16:23:00,0.13908,0.13908,0.13898,0.13906,6
2018-02-07 16:25:00,0.13908,0.13908,0.13898,0.13898,6
2018-02-07 16:26:00,0.13898,0.13908,0.13898,0.13898,4
2018-02-07 16:28:00,0.13898,0.13898,0.13888,0.13888,7
2018-02-07 16:29:00,0.13878,0.13898,0.13878,0.13892,11
2018-02-07 16:30:00,0.13878,0.13878,0.13862,0.13872,11
2018-02-07 16:31:00,0.13884,0.13886,0.13878,0.13886,10
2018-02-07 16:32:00,0.1386,0.13878,0.1386,0.13878,9
2018-02-07 16:33:00,0.1387,0.13878,0.13868,0.13868,9
2018-02-07 16:34:00,0.1387,0.13878,0.1387,0.13874,4
2018-02-07 16:35:00,0.1383,0.13878,0.1383,0.13878,10
2018-02-07 16:36:00,0.13822,0.13822,0.13822,0.13822,1
2018-02-07 16:37:00,0.1385,0.1385,0.13824,0.13824,9
2018-02-07 16:38:00,0.1385,0.1386,0.1384,0.13854,24
2018-02-07 16:39:00,0.1385,0.13866,0.1385,0.13854,8
2018-02-07 16:40:00,0.13864,0.13864,0.13854,0.13854,8
2018-02-07 16:41:00,0.1387,0.1387,0.1386,0.1386,4
2018-02-07 16:42:00,0.1387,0.13874,0.1387,0.13874,6
2018-02-07 16:43:00,0.13878,0.13878,0.13878,0.13878,1
2018-02-07 16:45:00,0.13878,0.13888,0.13878,0.13884,14
2018-02-07 16:47:00,0.13888,0.13888,0.13878,0.13884,7
2018-02-07 16:49:00,0.13888,0.13894,0.13888,0.1389,6
2018-02-07 16:50:00,0.13894,0.13898,0.13888,0.13894,20
2018-02-07 16:51:00,0.13888,0.13898,0.13888,0.13898,16
2018-02-07 16:52:00,0.13898,0.13898,0.13888,0.13894,6
2018-02-07 16:53:00,0.13888,0.13888,0.13888,0.13888,1
2018-02-07 16:55:00,0.13888,0.13894,0.13888,0.1389,8
2018-02-07 16:56:00,0.13888,0.13898,0.13888,0.13894,5
2018-02-07 16:57:00,0.13898,0.13898,0.13888,0.1389,6
2018-02-07 17:01:00,0.13888,0.13906,0.13888,0.139,13
2018-02-07 17:02:00,0.1387,0.13882,0.1387,0.13882,12
2018-02-07 17:03:00,0.13888,0.13888,0.13876,0.13876,6
2018-02-07 17:04:00,0.13888,0.13888,0.1388,0.13882,12
2018-02-07 17:05:00,0.13888,0.13888,0.1388,0.1388,3
2018-02-07 17:06:00,0.13898,0.13898,0.13888,0.13896,15
2018-02-07 17:07:00,0.13898,0.13908,0.13888,0.13894,17
2018-02-07 17:08:00,0.13908,0.13908,0.13904,0.13904,6
2018-02-07 17:09:00,0.13914,0.13918,0.13908,0.13918,20
2018-02-07 17:10:00,0.13908,0.13918,0.13908,0.13916,12
2018-02-07 17:12:00,0.13898,0.13904,0.13898,0.13898,5
2018-02-07 17:13:00,0.13898,0.13898,0.13888,0.13888,4
2018-02-07 17:15:00,0.13908,0.13908,0.13902,0.13906,5
2018-02-07 17:16:00,0.13908,0.13908,0.13898,0.13898,2
2018-02-07 17:18:00,0.13918,0.13918,0.13908,0.13916,17
2018-02-07 17:21:00,0.13928,0.13928,0.13918,0.13926,16
2018-02-07 17:22:00,0.13918,0.13924,0.13918,0.13924,8
2018-02-07 17:23:00,0.13936,0.13936,0.13924,0.13926,5
2018-02-07 17:24:00,0.13936,0.13936,0.13936,0.13936,2
2018-02-07 17:25:00,0.13938,0.13938,0.13928,0.13934,9
2018-02-07 17:26:00,0.13938,0.13938,0.13928,0.13928,4
2018-02-07 17:27:00,0.13928,0.13938,0.13928,0.13928,15
2018-02-07 17:28:00,0.13938,0.13938,0.13928,0.13934,13
2018-02-07 17:30:00,0.13938,0.13938,0.13928,0.13934,13
2018-02-07 17:37:00,0.13938,0.13938,0.13928,0.13928,2
2018-02-07 17:38:00,0.13928,0.13938,0.13928,0.13932,12
2018-02-07 17:40:00,0.13938,0.13938,0.13928,0.13936,6
2018-02-07 17:42:00,0.13938,0.13938,0.13928,0.13928,4
2018-02-07 17:43:00,0.13938,0.13938,0.13928,0.13936,40
2018-02-07 17:44:00,0.13938,0.13938,0.13928,0.13928,20
2018-02-07 17:45:00,0.13938,0.13938,0.13934,0.13934,2
2018-02-07 17:46:00,0.13934,0.13936,0.13928,0.13928,8
2018-02-07 17:47:00,0.13928,0.13938,0.13928,0.13936,13
2018-02-07 17:48:00,0.13938,0.13938,0.13928,0.13934,22
2018-02-07 17:49:00,0.13928,0.13938,0.13928,0.13934,8
2018-02-07 17:50:00,0.13938,0.13938,0.13918,0.13928,11
2018-02-07 17:51:00,0.13938,0.13938,0.13938,0.13938,2
2018-02-07 17:52:00,0.13938,0.13948,0.13938,0.13946,24
2018-02-07 17:53:00,0.13908,0.13938,0.13908,0.13938,17
2018-02-07 17:54:00,0.13908,0.13918,0.13908,0.13918,6
2018-02-07 17:55:00,0.139,0.13918,0.139,0.13916,28
2018-02-07 17:56:00,0.13896,0.13896,0.1389,0.1389,2
2018-02-07 17:57:00,0.1389,0.139,0.1389,0.13894,5
2018-02-07 17:58:00,0.13894,0.13894,0.1389,0.13894,3
2018-02-07 17:59:00,0.1389,0.1389,0.1389,0.1389,2
2018-02-08 08:30:00,0.13872,0.13892,0.1385,0.13892,10
2018-02-08 08:31:00,0.13882,0.13886,0.13872,0.13878,6
2018-02-08 08:32:00,0.13882,0.13892,0.13882,0.13892,2
2018-02-08 08:33:00,0.13886,0.13892,0.13886,0.13892,2
2018-02-08 08:34:00,0.13882,0.13892,0.13882,0.13892,4
2018-02-08 08:37:00,0.13862,0.13872,0.13862,0.13872,3
2018-02-08 08:38:00,0.13852,0.13852,0.13852,0.13852,1
2018-02-08 08:39:00,0.13872,0.13872,0.13862,0.13862,3
2018-02-08 08:40:00,0.13862,0.13866,0.13862,0.13866,3
2018-02-08 08:41:00,0.13872,0.13872,0.13866,0.13866,4
2018-02-08 08:42:00,0.13862,0.13862,0.13862,0.13862,1
2018-02-08 08:43:00,0.13872,0.13872,0.13872,0.13872,1
2018-02-08 08:48:00,0.13852,0.13862,0.13852,0.13862,5
2018-02-08 08:49:00,0.13842,0.13842,0.13842,0.13842,1
2018-02-08 08:53:00,0.13836,0.13836,0.13836,0.13836,1
2018-02-08 08:59:00,0.13852,0.13852,0.13838,0.13838,3
2018-02-08 09:00:00,0.13852,0.13862,0.13852,0.13856,8
2018-02-08 09:01:00,0.13862,0.13862,0.13862,0.13862,1
2018-02-08 09:02:00,0.13862,0.13872,0.13862,0.13872,11
2018-02-08 09:03:00,0.13852,0.13852,0.13852,0.13852,1
2018-02-08 09:04:00,0.13842,0.13842,0.13842,0.13842,1
2018-02-08 09:06:00,0.13852,0.13852,0.13842,0.13852,6
2018-02-08 09:07:00,0.13852,0.13862,0.13852,0.13862,3
2018-02-08 09:12:00,0.13852,0.13852,0.13842,0.13842,3
2018-02-08 09:13:00,0.13842,0.13842,0.13842,0.13842,1
2018-02-08 09:16:00,0.13832,0.13832,0.13832,0.13832,1
2018-02-08 09:17:00,0.13842,0.13842,0.13838,0.13838,6
2018-02-08 09:19:00,0.13842,0.13842,0.13832,0.13832,3
2018-02-08 09:20:00,0.13842,0.13852,0.13842,0.13852,5
2018-02-08 09:23:00,0.13846,0.13852,0.13846,0.13848,3
2018-02-08 09:24:00,0.13852,0.13852,0.13848,0.13852,3
2018-02-08 09:29:00,0.13842,0.13848,0.13842,0.13848,2
2018-02-08 09:30:00,0.13842,0.13842,0.13838,0.13838,4
2018-02-08 09:33:00,0.13852,0.13852,0.13852,0.13852,1
2018-02-08 09:35:00,0.13848,0.13848,0.13842,0.13848,7
2018-02-08 09:36:00,0.13842,0.13842,0.13842,0.13842,1
2018-02-08 09:38:00,0.13832,0.13838,0.13832,0.13838,2
2018-02-08 09:39:00,0.13838,0.13838,0.13832,0.13838,36
2018-02-08 09:40:00,0.13842,0.13842,0.13842,0.13842,1
2018-02-08 09:44:00,0.13832,0.13832,0.13832,0.13832,1
2018-02-08 09:50:00,0.13842,0.13852,0.13842,0.13842,14
2018-02-08 09:54:00,0.13842,0.13852,0.1384,0.13848,12
2018-02-08 09:55:00,0.13842,0.13852,0.13842,0.13844,7
2018-02-08 09:56:00,0.13852,0.13852,0.13852,0.13852,1
2018-02-08 09:58:00,0.13852,0.13858,0.13852,0.13858,6
2018-02-08 09:59:00,0.13862,0.13862,0.13858,0.13858,2
2018-02-08 10:00:00,0.13852,0.13858,0.13852,0.13852,7
2018-02-08 10:01:00,0.13848,0.13848,0.13848,0.13848,1
2018-02-08 10:02:00,0.13852,0.13852,0.13852,0.13852,1
2018-02-08 10:04:00,0.13852,0.13852,0.13842,0.13842,3
2018-02-08 10:08:00,0.13842,0.13848,0.13842,0.13842,7
2018-02-08 10:09:00,0.13852,0.13852,0.13848,0.13848,4
2018-02-08 10:10:00,0.13842,0.13848,0.13842,0.13848,2
2018-02-08 10:14:00,0.13852,0.13852,0.13852,0.13852,1
2018-02-08 10:15:00,0.13852,0.13852,0.13848,0.13848,2
2018-02-08 10:16:00,0.13862,0.13862,0.13862,0.13862,1
2018-02-08 10:17:00,0.13852,0.13858,0.13852,0.13858,2
2018-02-08 10:19:00,0.13852,0.13862,0.13852,0.13858,6
2018-02-08 10:23:00,0.13858,0.13862,0.13858,0.13858,3
2018-02-08 10:24:00,0.13852,0.13852,0.13852,0.13852,1
2018-02-08 10:29:00,0.13862,0.13862,0.13862,0.13862,1
2018-02-08 10:30:00,0.13872,0.13872,0.13872,0.13872,1
2018-02-08 10:32:00,0.13882,0.13882,0.13882,0.13882,1
2018-02-08 10:34:00,0.13878,0.13878,0.13878,0.13878,1
2018-02-08 10:35:00,0.13878,0.13878,0.13872,0.13872,4
2018-02-08 10:36:00,0.13882,0.13882,0.13882,0.13882,1
2018-02-08 10:37:00,0.13892,0.13892,0.13886,0.13886,2
2018-02-08 10:38:00,0.13882,0.13886,0.13882,0.13886,2
2018-02-08 10:40:00,0.13872,0.13882,0.13872,0.13878,5
2018-02-08 10:43:00,0.13872,0.13872,0.13868,0.13868,2
2018-02-08 10:46:00,0.13872,0.13882,0.13872,0.13878,5
2018-02-08 10:47:00,0.13872,0.13882,0.13872,0.13878,3
2018-02-08 10:51:00,0.13872,0.13882,0.13872,0.13882,2
2018-02-08 10:52:00,0.13858,0.13868,0.13858,0.13862,4
2018-02-08 10:53:00,0.13842,0.13852,0.13842,0.13852,4
2018-02-08 10:54:00,0.13832,0.13832,0.13832,0.13832,1
2018-02-08 10:55:00,0.13842,0.13842,0.13842,0.13842,1
2018-02-08 10:57:00,0.13838,0.13838,0.13832,0.13832,10
2018-02-08 10:58:00,0.13832,0.13842,0.13832,0.13842,3
2018-02-08 10:59:00,0.13832,0.13842,0.13832,0.13842,4
2018-02-08 11:01:00,0.13842,0.13842,0.13842,0.13842,1
2018-02-08 11:02:00,0.13842,0.13842,0.1384,0.1384,2
2018-02-08 11:06:00,0.13828,0.13836,0.13822,0.13836,7
2018-02-08 11:07:00,0.13822,0.13822,0.1382,0.13822,7
2018-02-08 11:08:00,0.13812,0.13822,0.13812,0.13816,6
2018-02-08 11:10:00,0.13812,0.13812,0.1381,0.1381,2
2018-02-08 11:12:00,0.13822,0.13822,0.13822,0.13822,1
2018-02-08 11:14:00,0.13832,0.13832,0.13832,0.13832,1
2018-02-08 11:15:00,0.13822,0.13828,0.13822,0.13826,3
2018-02-08 11:21:00,0.13832,0.13832,0.13832,0.13832,1
2018-02-08 11:23:00,0.13842,0.13842,0.13838,0.13838,2
2018-02-08 11:26:00,0.13852,0.13852,0.1385,0.13852,3
2018-02-08 11:27:00,0.13862,0.13862,0.13862,0.13862,1
2018-02-08 11:28:00,0.13862,0.13872,0.13862,0.13868,10
2018-02-08 11:30:00,0.13862,0.13872,0.13862,0.1387,7
2018-02-08 11:32:00,0.13862,0.13872,0.13862,0.13868,5
2018-02-08 11:33:00,0.13868,0.13872,0.13866,0.1387,4
2018-02-08 11:34:00,0.13862,0.13862,0.13862,0.13862,1
2018-02-08 11:35:00,0.13852,0.13852,0.13852,0.13852,1
2018-02-08 11:37:00,0.13862,0.13862,0.13862,0.13862,1
2018-02-08 11:38:00,0.13862,0.13868,0.13862,0.13868,2
2018-02-08 11:39:00,0.13862,0.13868,0.13862,0.13868,4
2018-02-08 11:41:00,0.13852,0.13858,0.13852,0.13856,3
2018-02-08 11:42:00,0.13842,0.13842,0.13842,0.13842,1
2018-02-08 11:44:00,0.13852,0.13852,0.13852,0.13852,1
2018-02-08 11:46:00,0.13862,0.13862,0.13862,0.13862,1
2018-02-08 11:47:00,0.1387,0.1387,0.1387,0.1387,1
2018-02-08 11:50:00,0.1388,0.1388,0.1388,0.1388,1
2018-02-08 11:51:00,0.13882,0.13892,0.13882,0.13892,2
2018-02-08 11:59:00,0.13872,0.13878,0.13872,0.13876,3
2018-02-08 12:00:00,0.13882,0.13882,0.13878,0.13878,4
2018-02-08 12:02:00,0.13898,0.13898,0.13888,0.13888,3
2018-02-08 12:03:00,0.13892,0.13892,0.13892,0.13892,1
2018-02-08 12:05:00,0.13892,0.13902,0.13892,0.13898,4
2018-02-08 12:08:00,0.13872,0.13882,0.13872,0.13882,2
2018-02-08 12:09:00,0.13882,0.13882,0.13882,0.13882,1
2018-02-08 12:15:00,0.13862,0.13876,0.13862,0.13876,4
2018-02-08 12:17:00,0.13856,0.13856,0.13856,0.13856,1
2018-02-08 12:18:00,0.13862,0.13862,0.13862,0.13862,1
2018-02-08 12:21:00,0.13852,0.13852,0.13852,0.13852,1
2018-02-08 12:23:00,0.13862,0.13862,0.1386,0.1386,2
2018-02-08 12:25:00,0.13852,0.13852,0.13842,0.13852,6
2018-02-08 12:26:00,0.13862,0.13862,0.13858,0.13858,2
2018-02-08 12:27:00,0.13852,0.13852,0.13852,0.13852,1
2018-02-08 12:29:00,0.13862,0.13862,0.13862,0.13862,1
2018-02-08 12:30:00,0.13852,0.13852,0.13842,0.13852,5
2018-02-08 12:31:00,0.13852,0.13858,0.13852,0.13858,2
2018-02-08 12:32:00,0.13858,0.13858,0.13852,0.13858,5
2018-02-08 12:33:00,0.13852,0.13852,0.13852,0.13852,1
2018-02-08 12:35:00,0.13872,0.13872,0.13862,0.13862,2
2018-02-08 12:38:00,0.13862,0.13862,0.13862,0.13862,1
2018-02-08 12:39:00,0.13872,0.13872,0.1387,0.1387,3
2018-02-08 12:43:00,0.13872,0.13872,0.1387,0.1387,2
2018-02-08 12:48:00,0.13892,0.13892,0.13882,0.13882,8
2018-02-08 12:50:00,0.13882,0.13882,0.13872,0.13882,3
2018-02-08 12:52:00,0.13882,0.13882,0.13872,0.13878,12
2018-02-08 12:53:00,0.13872,0.13876,0.13872,0.13876,2
2018-02-08 12:54:00,0.13882,0.13882,0.13882,0.13882,1
2018-02-08 12:56:00,0.13882,0.13892,0.13882,0.13892,4
2018-02-08 12:57:00,0.13892,0.13892,0.13882,0.13888,11
2018-02-08 12:58:00,0.13902,0.13902,0.13896,0.13902,7
2018-02-08 12:59:00,0.13902,0.13902,0.13892,0.139,13
2018-02-08 13:00:00,0.13902,0.13902,0.13892,0.139,25
2018-02-08 13:01:00,0.13902,0.13902,0.139,0.139,2
2018-02-08 13:04:00,0.1391,0.1391,0.1391,0.1391,1
2018-02-08 13:08:00,0.13922,0.13924,0.13912,0.13914,16
2018-02-08 13:09:00,0.13922,0.13932,0.13912,0.13928,25
2018-02-08 13:11:00,0.13932,0.13932,0.13932,0.13932,1
2018-02-08 13:12:00,0.13932,0.13932,0.13922,0.1393,17
2018-02-08 13:17:00,0.13928,0.13932,0.13922,0.13922,4
2018-02-08 13:18:00,0.13932,0.13932,0.13922,0.13922,2
2018-02-08 13:28:00,0.13922,0.13942,0.13922,0.13942,11
2018-02-08 13:29:00,0.13922,0.13922,0.13912,0.13912,8
2018-02-08 13:30:00,0.13912,0.13922,0.13912,0.13916,14
2018-02-08 13:31:00,0.13902,0.13912,0.13892,0.13906,17
2018-02-08 13:32:00,0.13902,0.13902,0.13892,0.13892,5
2018-02-08 13:33:00,0.13902,0.13912,0.13902,0.13912,26
2018-02-08 13:34:00,0.13912,0.13912,0.13912,0.13912,1
2018-02-08 13:35:00,0.13902,0.13912,0.13902,0.13906,10
2018-02-08 13:36:00,0.13892,0.13892,0.13892,0.13892,1
2018-02-08 13:37:00,0.13862,0.13886,0.13862,0.13886,10
2018-02-08 13:38:00,0.13888,0.13892,0.13866,0.1387,11
2018-02-08 13:39:00,0.13902,0.1391,0.13882,0.13882,10
2018-02-08 13:40:00,0.13902,0.13912,0.13892,0.13904,12
2018-02-08 13:41:00,0.13882,0.13912,0.13882,0.13912,4
2018-02-08 13:42:00,0.13862,0.13892,0.13862,0.13892,7
2018-02-08 13:43:00,0.13868,0.13872,0.13862,0.13872,10
2018-02-08 13:44:00,0.13862,0.13872,0.13862,0.13862,6
2018-02-08 13:45:00,0.13862,0.13872,0.13862,0.13872,12
2018-02-08 13:46:00,0.13852,0.13862,0.13852,0.1386,12
2018-02-08 13:47:00,0.1384,0.13852,0.1384,0.1385,8
2018-02-08 13:48:00,0.13822,0.13838,0.13812,0.13838,13
2018-02-08 13:49:00,0.13848,0.13852,0.13822,0.1383,12
2018-02-08 13:50:00,0.13852,0.13852,0.13842,0.13842,5
2018-02-08 13:51:00,0.13862,0.13862,0.13862,0.13862,1
2018-02-08 13:53:00,0.13852,0.13856,0.13852,0.13856,2
2018-02-08 13:54:00,0.13862,0.13862,0.13862,0.13862,1
2018-02-08 13:55:00,0.13862,0.13872,0.13862,0.13872,9
2018-02-08 13:56:00,0.13862,0.13862,0.13852,0.13852,2
2018-02-08 13:57:00,0.13862,0.13862,0.13852,0.13858,4
2018-02-08 13:59:00,0.13872,0.1388,0.13872,0.13872,4
2018-02-08 14:00:00,0.13852,0.1387,0.13852,0.13862,14
2018-02-08 14:01:00,0.13858,0.13862,0.13852,0.13854,13
2018-02-08 14:02:00,0.13862,0.13862,0.13856,0.13862,4
2018-02-08 14:03:00,0.13862,0.13862,0.1386,0.1386,2
2018-02-08 14:04:00,0.13862,0.1387,0.13862,0.1387,7
2018-02-08 14:05:00,0.13872,0.13872,0.13868,0.13868,4
2018-02-08 14:06:00,0.13862,0.13868,0.13852,0.13866,9
2018-02-08 14:07:00,0.13868,0.13872,0.13862,0.13868,13
2018-02-08 14:08:00,0.13872,0.13872,0.13872,0.13872,1
2018-02-08 14:09:00,0.13862,0.13862,0.13862,0.13862,1
2018-02-08 14:10:00,0.13872,0.13872,0.13872,0.13872,1
2018-02-08 14:11:00,0.13862,0.13862,0.13862,0.13862,1
2018-02-08 14:12:00,0.13842,0.13852,0.13842,0.13852,5
2018-02-08 14:13:00,0.13852,0.13852,0.13842,0.13848,4
2018-02-08 14:14:00,0.13852,0.13852,0.13842,0.13848,4
2018-02-08 14:20:00,0.13852,0.13862,0.13852,0.13862,7
2018-02-08 14:22:00,0.13852,0.1386,0.13852,0.1386,2
2018-02-08 14:23:00,0.13862,0.13862,0.13862,0.13862,1
2018-02-08 14:24:00,0.13852,0.13852,0.13852,0.13852,1
2018-02-08 14:25:00,0.13852,0.1386,0.13852,0.1386,6
2018-02-08 14:26:00,0.13852,0.13862,0.13852,0.13858,15
2018-02-08 14:27:00,0.13842,0.13852,0.13842,0.13842,9
2018-02-08 14:28:00,0.13852,0.13852,0.13848,0.13852,3
2018-02-08 14:29:00,0.13842,0.13848,0.13842,0.13842,5
2018-02-08 14:30:00,0.13862,0.13862,0.13842,0.13848,17
2018-02-08 14:31:00,0.13832,0.13852,0.13832,0.13852,5
2018-02-08 14:32:00,0.13832,0.13842,0.13832,0.13842,2
2018-02-08 14:33:00,0.13804,0.13824,0.13804,0.13824,6
2018-02-08 14:34:00,0.13824,0.13824,0.138,0.13814,21
2018-02-08 14:35:00,0.13784,0.13824,0.13764,0.13818,20
2018-02-08 14:36:00,0.13784,0.13794,0.13784,0.13794,2
2018-02-08 14:37:00,0.13794,0.13804,0.13794,0.13794,12
2018-02-08 14:38:00,0.13794,0.13804,0.13794,0.13798,4
2018-02-08 14:39:00,0.13794,0.13794,0.13784,0.13784,6
2018-02-08 14:40:00,0.13784,0.13784,0.13784,0.13784,1
2018-02-08 14:41:00,0.13794,0.13794,0.13784,0.13786,7
2018-02-08 14:43:00,0.13764,0.13786,0.13764,0.13786,9
2018-02-08 14:44:00,0.13748,0.13764,0.13744,0.13756,7
2018-02-08 14:45:00,0.1375,0.13754,0.13734,0.13754,8
2018-02-08 14:46:00,0.13734,0.13764,0.13734,0.1376,20
2018-02-08 14:47:00,0.13744,0.13754,0.13734,0.13744,9
2018-02-08 14:48:00,0.13764,0.13764,0.13754,0.13756,8
2018-02-08 14:49:00,0.13764,0.1377,0.13758,0.13758,11
2018-02-08 14:50:00,0.13764,0.13774,0.13764,0.13774,2
2018-02-08 14:51:00,0.13764,0.13766,0.13754,0.13766,4
2018-02-08 14:52:00,0.13756,0.13764,0.13754,0.13756,4
2018-02-08 14:53:00,0.13754,0.13764,0.13754,0.13758,11
2018-02-08 14:55:00,0.13754,0.13758,0.13754,0.13756,5
2018-02-08 14:56:00,0.13754,0.13764,0.13754,0.13764,6
2018-02-08 14:57:00,0.13738,0.13746,0.13734,0.13746,10
2018-02-08 14:58:00,0.13744,0.13764,0.13736,0.13744,11
2018-02-08 14:59:00,0.13734,0.13738,0.13734,0.13738,9
2018-02-08 15:00:00,0.13744,0.13744,0.1374,0.1374,2
2018-02-08 15:01:00,0.13744,0.13744,0.13734,0.13736,3
2018-02-08 15:02:00,0.13754,0.13754,0.13738,0.13738,4
2018-02-08 15:03:00,0.13744,0.13754,0.13742,0.13746,19
2018-02-08 15:04:00,0.13744,0.13744,0.13738,0.13738,2
2018-02-08 15:05:00,0.13734,0.13734,0.13734,0.13734,1
2018-02-08 15:07:00,0.13714,0.13724,0.13708,0.13724,6
2018-02-08 15:08:00,0.13694,0.13708,0.13694,0.13708,3
2018-02-08 15:09:00,0.13704,0.13704,0.13684,0.13684,8
2018-02-08 15:10:00,0.13704,0.13704,0.13684,0.13694,9
2018-02-08 15:11:00,0.13704,0.13724,0.13694,0.13698,18
2018-02-08 15:12:00,0.13724,0.13724,0.13714,0.13714,13
2018-02-08 15:13:00,0.13714,0.13714,0.13714,0.13714,1
2018-02-08 15:14:00,0.13724,0.13724,0.13724,0.13724,1
2018-02-08 15:15:00,0.13734,0.13734,0.13734,0.13734,1
2018-02-08 15:16:00,0.1375,0.1375,0.13744,0.13744,2
2018-02-08 15:17:00,0.13764,0.13774,0.13754,0.1376,14
2018-02-08 15:18:00,0.13764,0.13774,0.13764,0.13774,18
2018-02-08 15:19:00,0.13764,0.13764,0.13754,0.13754,2
2018-02-08 15:20:00,0.13764,0.13774,0.13764,0.13774,3
2018-02-08 15:21:00,0.13774,0.13774,0.13764,0.13774,6
2018-02-08 15:22:00,0.13774,0.13784,0.13774,0.13784,5
2018-02-08 15:23:00,0.13774,0.13784,0.13774,0.13784,2
2018-02-08 15:24:00,0.13774,0.13774,0.13764,0.13766,5
2018-02-08 15:25:00,0.13788,0.13794,0.13774,0.13778,10
2018-02-08 15:26:00,0.13794,0.13794,0.13784,0.13784,7
2018-02-08 15:27:00,0.13794,0.13804,0.13794,0.13804,13
2018-02-08 15:28:00,0.13804,0.13814,0.138,0.138,4
2018-02-08 15:29:00,0.13814,0.13814,0.13814,0.13814,1
2018-02-08 15:30:00,0.13804,0.13818,0.13796,0.13818,16
2018-02-08 15:31:00,0.13804,0.13804,0.13794,0.13794,10
2018-02-08 15:32:00,0.13798,0.13804,0.13794,0.13794,5
2018-02-08 15:33:00,0.13804,0.13804,0.13794,0.13794,3
2018-02-08 15:34:00,0.13804,0.13814,0.13804,0.13814,2
2018-02-08 15:35:00,0.13824,0.13834,0.13812,0.13814,6
2018-02-08 15:36:00,0.13814,0.13824,0.13814,0.13814,4
2018-02-08 15:37:00,0.13824,0.13824,0.13824,0.13824,1
2018-02-08 15:38:00,0.13844,0.13844,0.13834,0.13834,4
2018-02-08 15:39:00,0.13828,0.13844,0.13824,0.13838,10
2018-02-08 15:40:00,0.13824,0.13834,0.13824,0.13834,3
2018-02-08 15:41:00,0.13824,0.13824,0.13822,0.13822,4
2018-02-08 15:43:00,0.13844,0.13844,0.13816,0.13816,11
2018-02-08 15:44:00,0.13834,0.13834,0.13834,0.13834,1
2018-02-08 15:45:00,0.13834,0.13844,0.13834,0.13844,4
2018-02-08 15:46:00,0.13824,0.13824,0.13824,0.13824,1
2018-02-08 15:47:00,0.13818,0.13818,0.13814,0.13814,4
2018-02-08 15:48:00,0.13818,0.13818,0.13814,0.13814,2
2018-02-08 15:49:00,0.13814,0.13818,0.13814,0.13814,3
2018-02-08 15:50:00,0.13824,0.13824,0.13824,0.13824,1
2018-02-08 15:51:00,0.13834,0.13844,0.13834,0.13834,8
2018-02-08 15:53:00,0.13834,0.13834,0.13824,0.13824,3
2018-02-08 15:54:00,0.13844,0.13844,0.13834,0.13844,9
2018-02-08 15:55:00,0.13844,0.13844,0.13834,0.13836,16
2018-02-08 15:56:00,0.13844,0.13844,0.13838,0.13838,6
2018-02-08 15:57:00,0.13844,0.13844,0.13834,0.13834,7
2018-02-08 15:59:00,0.13854,0.1386,0.13848,0.1385,27
2018-02-08 16:00:00,0.13864,0.13864,0.13854,0.13854,14
2018-02-08 16:01:00,0.13864,0.13864,0.13858,0.13862,4
2018-02-08 16:03:00,0.13864,0.13864,0.13854,0.13856,14
2018-02-08 16:04:00,0.13854,0.13854,0.13854,0.13854,7
2018-02-08 16:05:00,0.1386,0.1386,0.1386,0.1386,1
2018-02-08 16:07:00,0.13864,0.13864,0.13854,0.1386,9
2018-02-08 16:08:00,0.13858,0.13864,0.13854,0.13854,26
2018-02-08 16:09:00,0.13858,0.13864,0.13848,0.13854,33
2018-02-08 16:10:00,0.13864,0.13864,0.13854,0.1386,16
2018-02-08 16:12:00,0.13858,0.13864,0.13856,0.13858,5
2018-02-08 16:13:00,0.13864,0.13864,0.13854,0.13864,23
2018-02-08 16:14:00,0.13864,0.13864,0.13854,0.13858,7
2018-02-08 16:15:00,0.13874,0.13874,0.13856,0.13858,5
2018-02-08 16:17:00,0.13864,0.13874,0.13856,0.13872,24
2018-02-08 16:19:00,0.13854,0.13864,0.13854,0.13856,7
2018-02-08 16:21:00,0.13844,0.13844,0.13844,0.13844,1
2018-02-08 16:22:00,0.13844,0.13848,0.13844,0.13848,2
2018-02-08 16:23:00,0.13834,0.13844,0.13834,0.13842,5
2018-02-08 16:25:00,0.13814,0.13834,0.13814,0.13824,10
2018-02-08 16:26:00,0.13804,0.13808,0.13794,0.13804,6
2018-02-08 16:27:00,0.13804,0.13806,0.13794,0.13794,25
2018-02-08 16:28:00,0.13814,0.13814,0.13794,0.13794,5
2018-02-08 16:29:00,0.13794,0.13814,0.13794,0.13806,7
2018-02-08 16:30:00,0.13784,0.13804,0.13774,0.13798,28
2018-02-08 16:31:00,0.13774,0.13794,0.13774,0.13788,5
2018-02-08 16:32:00,0.13794,0.13794,0.13774,0.1378,27
2018-02-08 16:33:00,0.13784,0.13784,0.13784,0.13784,1
2018-02-08 16:34:00,0.13794,0.13794,0.13794,0.13794,1
2018-02-08 16:35:00,0.13794,0.13794,0.13784,0.13784,13
2018-02-08 16:36:00,0.13788,0.13794,0.13784,0.13788,6
2018-02-08 16:37:00,0.13764,0.13784,0.13764,0.13784,6
2018-02-08 16:38:00,0.13778,0.13784,0.13774,0.13774,16
2018-02-08 16:39:00,0.13774,0.13784,0.13774,0.1378,10
2018-02-08 16:41:00,0.13764,0.13768,0.13764,0.13768,3
2018-02-08 16:42:00,0.13774,0.13774,0.13768,0.13774,3
2018-02-08 16:43:00,0.13784,0.13794,0.1378,0.1378,14
2018-02-08 16:44:00,0.13784,0.13794,0.13784,0.13794,2
2018-02-08 16:45:00,0.13774,0.13776,0.13768,0.13776,12
2018-02-08 16:46:00,0.13774,0.13778,0.13774,0.13778,2
2018-02-08 16:47:00,0.13784,0.13794,0.13784,0.13784,7
2018-02-08 16:48:00,0.13774,0.13794,0.13774,0.13788,5
2018-02-08 16:49:00,0.13784,0.13784,0.13784,0.13784,1
2018-02-08 16:50:00,0.13784,0.13784,0.13782,0.13782,2
2018-02-08 16:51:00,0.13784,0.13784,0.13774,0.13774,4
2018-02-08 16:52:00,0.13784,0.13784,0.13784,0.13784,1
2018-02-08 16:53:00,0.13784,0.13784,0.13778,0.13778,2
2018-02-08 16:55:00,0.13798,0.13804,0.13784,0.13794,8
2018-02-08 16:56:00,0.13778,0.13804,0.13774,0.13798,8
2018-02-08 16:57:00,0.13784,0.13784,0.13784,0.13784,1
2018-02-08 16:58:00,0.13784,0.13794,0.13784,0.13794,7
2018-02-08 17:00:00,0.13784,0.1379,0.13774,0.1379,18
2018-02-08 17:01:00,0.13788,0.13794,0.13784,0.13794,5
2018-02-08 17:02:00,0.13784,0.13794,0.13784,0.13794,11
2018-02-08 17:03:00,0.13784,0.13788,0.13784,0.13788,8
2018-02-08 17:04:00,0.13794,0.13794,0.13788,0.13788,2
2018-02-08 17:05:00,0.13784,0.13784,0.13784,0.13784,1
2018-02-08 17:07:00,0.13764,0.13774,0.13754,0.13774,15
2018-02-08 17:08:00,0.13754,0.13764,0.13744,0.13758,14
2018-02-08 17:09:00,0.13764,0.13764,0.13754,0.1376,9
2018-02-08 17:10:00,0.13754,0.13764,0.13744,0.13758,12
2018-02-08 17:11:00,0.13764,0.13764,0.13754,0.13758,9
2018-02-08 17:12:00,0.13764,0.13764,0.13754,0.13754,9
2018-02-08 17:13:00,0.13744,0.13764,0.13744,0.13758,15
2018-02-08 17:14:00,0.13744,0.13754,0.13744,0.13748,4
2018-02-08 17:15:00,0.13734,0.13748,0.13734,0.13748,4
2018-02-08 17:17:00,0.13734,0.13738,0.13728,0.13738,6
2018-02-08 17:19:00,0.13734,0.13734,0.13724,0.13728,10
2018-02-08 17:20:00,0.13734,0.13744,0.13724,0.13744,8
2018-02-08 17:22:00,0.13734,0.13738,0.13724,0.13732,9
2018-02-08 17:23:00,0.13714,0.13734,0.13714,0.13732,5
2018-02-08 17:25:00,0.13714,0.13724,0.13714,0.1372,14
2018-02-08 17:26:00,0.13724,0.13724,0.1372,0.1372,4
2018-02-08 17:27:00,0.13714,0.13724,0.13714,0.13714,11
2018-02-08 17:28:00,0.13708,0.13716,0.13704,0.13704,7
2018-02-08 17:29:00,0.13688,0.137,0.13688,0.13694,4
2018-02-08 17:30:00,0.13694,0.13694,0.13664,0.13682,13
2018-02-08 17:31:00,0.13684,0.13694,0.13684,0.1369,16
2018-02-08 17:32:00,0.13664,0.13684,0.13664,0.13674,9
2018-02-08 17:33:00,0.13654,0.13664,0.13654,0.13662,29
2018-02-08 17:34:00,0.13614,0.13654,0.13614,0.1365,50
2018-02-08 17:35:00,0.13614,0.13624,0.13614,0.1362,22
2018-02-08 17:36:00,0.13614,0.13614,0.13604,0.13608,11
2018-02-08 17:37:00,0.13604,0.13608,0.13588,0.13608,23
2018-02-08 17:38:00,0.13634,0.13644,0.13614,0.13614,12
2018-02-08 17:39:00,0.1364,0.13644,0.13634,0.13644,12
2018-02-08 17:40:00,0.1364,0.13644,0.13634,0.13634,18
2018-02-08 17:41:00,0.13634,0.13654,0.13634,0.13644,12
2018-02-08 17:42:00,0.13614,0.13634,0.13614,0.13632,10
2018-02-08 17:43:00,0.13576,0.13624,0.13566,0.13624,30
2018-02-08 17:44:00,0.13566,0.13584,0.13556,0.1357,30
2018-02-08 17:45:00,0.13556,0.13566,0.13544,0.13558,13
2018-02-08 17:46:00,0.13556,0.1357,0.13556,0.13562,6
2018-02-08 17:47:00,0.13584,0.13584,0.13556,0.13556,21
2018-02-08 17:48:00,0.13576,0.13584,0.13566,0.13576,15
2018-02-08 17:49:00,0.13546,0.1357,0.13546,0.1357,14
2018-02-08 17:50:00,0.13536,0.13556,0.13536,0.13556,9
2018-02-08 17:51:00,0.13566,0.13566,0.13546,0.13546,4
2018-02-08 17:52:00,0.13566,0.13566,0.13546,0.1356,7
2018-02-08 17:53:00,0.13496,0.13558,0.13476,0.13558,62
2018-02-08 17:54:00,0.13488,0.13506,0.13476,0.13486,43
2018-02-08 17:55:00,0.13496,0.13496,0.13486,0.13496,11
2018-02-08 17:56:00,0.13516,0.13516,0.13486,0.1349,8
2018-02-08 17:57:00,0.13508,0.13508,0.13508,0.13508,1
2018-02-08 17:58:00,0.13536,0.13536,0.13514,0.13516,6
2018-02-08 17:59:00,0.13536,0.13536,0.13536,0.13536,1
2018-02-09 08:30:00,0.13548,0.13558,0.13532,0.13558,8
2018-02-09 08:31:00,0.13588,0.13592,0.13538,0.13538,12
2018-02-09 08:32:00,0.1358,0.1358,0.1358,0.1358,1
2018-02-09 08:33:00,0.13568,0.13578,0.13568,0.13568,6
2018-02-09 08:34:00,0.13578,0.13578,0.13568,0.13572,6
2018-02-09 08:35:00,0.13578,0.13588,0.13578,0.13584,6
2018-02-09 08:36:00,0.1357,0.1357,0.1357,0.1357,1
2018-02-09 08:37:00,0.13572,0.13578,0.13568,0.13572,6
2018-02-09 08:38:00,0.13568,0.13572,0.13568,0.13568,3
2018-02-09 08:39:00,0.13568,0.13568,0.13558,0.13558,7
2018-02-09 08:40:00,0.13558,0.13558,0.13558,0.13558,1
2018-02-09 08:41:00,0.13548,0.13558,0.13548,0.13548,9
2018-02-09 08:42:00,0.13528,0.13538,0.13528,0.13538,6
2018-02-09 08:43:00,0.13528,0.13538,0.13522,0.13538,8
2018-02-09 08:44:00,0.13538,0.13538,0.13528,0.13532,7
2018-02-09 08:45:00,0.13548,0.13548,0.13538,0.13548,4
2018-02-09 08:46:00,0.13548,0.13548,0.13538,0.13538,5
2018-02-09 08:47:00,0.13532,0.13542,0.13528,0.13542,13
2018-02-09 08:48:00,0.13528,0.13538,0.13528,0.13538,5
2018-02-09 08:49:00,0.13538,0.13538,0.13528,0.13538,10
2018-02-09 08:51:00,0.13528,0.13538,0.13528,0.13528,7
2018-02-09 08:52:00,0.13518,0.13522,0.13518,0.13518,7
2018-02-09 08:53:00,0.13518,0.13524,0.13518,0.13524,2
2018-02-09 08:54:00,0.13518,0.13522,0.13518,0.13522,6
2018-02-09 08:55:00,0.13528,0.13528,0.13522,0.13522,6
2018-02-09 08:57:00,0.13528,0.13528,0.13522,0.13522,2
2018-02-09 09:01:00,0.13532,0.13538,0.13528,0.13538,9
2018-02-09 09:02:00,0.13538,0.13538,0.13528,0.13538,19
2018-02-09 09:06:00,0.13538,0.1354,0.13538,0.1354,2
2018-02-09 09:08:00,0.13538,0.1354,0.13538,0.1354,2
2018-02-09 09:09:00,0.13538,0.1354,0.13538,0.1354,4
2018-02-09 09:11:00,0.13558,0.13558,0.13548,0.13548,8
2018-02-09 09:12:00,0.13562,0.13568,0.13558,0.13568,4
2018-02-09 09:13:00,0.13578,0.13588,0.13568,0.13568,6
2018-02-09 09:15:00,0.13588,0.13598,0.13582,0.13588,6
2018-02-09 09:16:00,0.13592,0.13592,0.13592,0.13592,1
2018-02-09 09:17:00,0.13598,0.13598,0.13588,0.13598,8
2018-02-09 09:18:00,0.13598,0.13598,0.13588,0.13588,2
2018-02-09 09:19:00,0.13602,0.13608,0.13598,0.13604,4
2018-02-09 09:20:00,0.13608,0.13608,0.13608,0.13608,1
2018-02-09 09:21:00,0.13598,0.13598,0.13598,0.13598,1
2018-02-09 09:22:00,0.13588,0.13588,0.13588,0.13588,1
2018-02-09 09:24:00,0.13588,0.1359,0.13588,0.1359,2
2018-02-09 09:25:00,0.13578,0.13578,0.13578,0.13578,1
2018-02-09 09:29:00,0.13588,0.13588,0.13584,0.13584,2
2018-02-09 09:30:00,0.13588,0.13588,0.13588,0.13588,2
2018-02-09 09:32:00,0.13598,0.13598,0.13598,0.13598,1
2018-02-09 09:33:00,0.13608,0.13608,0.13608,0.13608,1
2018-02-09 09:35:00,0.13598,0.13608,0.13598,0.13602,3
2018-02-09 09:38:00,0.13608,0.13608,0.13608,0.13608,1
2018-02-09 09:39:00,0.13608,0.13608,0.13598,0.13602,3
2018-02-09 09:40:00,0.13598,0.13598,0.13598,0.13598,1
2018-02-09 09:41:00,0.13598,0.13608,0.13598,0.13602,5
2018-02-09 09:42:00,0.13598,0.13602,0.13598,0.13602,2
2018-02-09 09:46:00,0.13598,0.13608,0.13598,0.13608,9
2018-02-09 09:47:00,0.13608,0.13608,0.13602,0.13602,2
2018-02-09 09:57:00,0.13588,0.13598,0.13588,0.13598,6
2018-02-09 10:00:00,0.13598,0.13598,0.13598,0.13598,1
2018-02-09 10:01:00,0.13598,0.13608,0.13598,0.13604,3
2018-02-09 10:02:00,0.13588,0.13588,0.13588,0.13588,1
2018-02-09 10:04:00,0.13588,0.13592,0.13588,0.13592,2
2018-02-09 10:05:00,0.13592,0.13598,0.13588,0.13598,16
2018-02-09 10:06:00,0.13588,0.13598,0.13588,0.13598,2
2018-02-09 10:08:00,0.13572,0.13578,0.13558,0.13578,6
2018-02-09 10:09:00,0.13568,0.1357,0.13568,0.13568,3
2018-02-09 10:12:00,0.13568,0.1357,0.13568,0.1357,2
2018-02-09 10:14:00,0.13558,0.13562,0.13558,0.13562,3
2018-02-09 10:16:00,0.13568,0.13568,0.13568,0.13568,1
2018-02-09 10:28:00,0.13564,0.13566,0.13564,0.13566,2
2018-02-09 10:33:00,0.13558,0.13558,0.13558,0.13558,1
2018-02-09 10:38:00,0.13568,0.1357,0.13564,0.13564,3
2018-02-09 10:45:00,0.13558,0.13558,0.13558,0.13558,1
2018-02-09 10:47:00,0.13568,0.13568,0.13558,0.13568,3
2018-02-09 10:48:00,0.13562,0.13568,0.13558,0.13558,8
2018-02-09 10:49:00,0.13562,0.13568,0.13558,0.13558,5
2018-02-09 10:50:00,0.13568,0.13568,0.13568,0.13568,1
2018-02-09 10:51:00,0.13578,0.13578,0.13574,0.13574,2
2018-02-09 10:53:00,0.13578,0.13578,0.13576,0.13576,2
2018-02-09 10:57:00,0.13578,0.13578,0.13572,0.13572,2
2018-02-09 10:58:00,0.13578,0.13578,0.13568,0.13568,2
2018-02-09 10:59:00,0.13572,0.13578,0.13568,0.13572,5
2018-02-09 11:00:00,0.13568,0.13572,0.13568,0.13568,3
2018-02-09 11:02:00,0.13588,0.13588,0.13578,0.13578,2
2018-02-09 11:05:00,0.13608,0.13608,0.13598,0.13598,7
2018-02-09 11:07:00,0.13598,0.13598,0.13598,0.13598,1
2018-02-09 11:09:00,0.13588,0.13588,0.13588,0.13588,1
2018-02-09 11:14:00,0.13598,0.13598,0.13592,0.13594,3
2018-02-09 11:15:00,0.13598,0.13608,0.13598,0.13604,12
2018-02-09 11:16:00,0.13588,0.13602,0.13588,0.13602,10
2018-02-09 11:17:00,0.13598,0.13598,0.13598,0.13598,1
2018-02-09 11:21:00,0.13602,0.13604,0.13602,0.13604,2
2018-02-09 11:22:00,0.13608,0.13608,0.13608,0.13608,1
2018-02-09 11:24:00,0.13614,0.13614,0.13614,0.13614,1
2018-02-09 11:27:00,0.13608,0.13612,0.13608,0.13612,2
2018-02-09 11:30:00,0.13598,0.13598,0.13598,0.13598,1
2018-02-09 11:32:00,0.13608,0.13608,0.13594,0.13596,9
2018-02-09 11:34:00,0.13598,0.13602,0.13598,0.13602,4
2018-02-09 11:37:00,0.13588,0.13588,0.13582,0.13588,5
2018-02-09 11:39:00,0.13598,0.13598,0.13598,0.13598,1
2018-02-09 11:40:00,0.13598,0.13598,0.13588,0.13592,3
2018-02-09 11:41:00,0.13608,0.13608,0.13608,0.13608,1
2018-02-09 11:43:00,0.13608,0.13608,0.13598,0.13598,2
2018-02-09 11:44:00,0.13618,0.13628,0.13618,0.13618,4
2018-02-09 11:45:00,0.13628,0.13628,0.13618,0.13624,5
2018-02-09 11:46:00,0.13618,0.13622,0.13618,0.13622,3
2018-02-09 11:47:00,0.13618,0.13618,0.13608,0.13608,2
2018-02-09 11:48:00,0.13618,0.13622,0.13608,0.13622,3
2018-02-09 11:51:00,0.13618,0.13618,0.13608,0.13608,2
2018-02-09 11:52:00,0.13622,0.13624,0.13618,0.13622,5
2018-02-09 11:53:00,0.13618,0.13622,0.13618,0.13618,3
2018-02-09 11:54:00,0.13628,0.13628,0.13618,0.13622,8
2018-02-09 12:00:00,0.13618,0.13618,0.13618,0.13618,1
2018-02-09 12:01:00,0.13608,0.13612,0.13608,0.13612,2
2018-02-09 12:04:00,0.13612,0.13614,0.13608,0.13614,6
2018-02-09 12:06:00,0.13618,0.13618,0.13618,0.13618,1
2018-02-09 12:11:00,0.13608,0.13608,0.13608,0.13608,1
2018-02-09 12:18:00,0.13608,0.13608,0.13602,0.13602,4
2018-02-09 12:28:00,0.13618,0.13618,0.13606,0.13606,3
2018-02-09 12:29:00,0.13608,0.13612,0.13608,0.13612,2
2018-02-09 12:32:00,0.13608,0.13608,0.13598,0.13602,7
2018-02-09 12:34:00,0.13608,0.13608,0.13606,0.13606,2
2018-02-09 12:36:00,0.13608,0.13608,0.13598,0.13604,3
2018-02-09 12:37:00,0.13598,0.13604,0.13598,0.13598,3
2018-02-09 12:38:00,0.13588,0.13588,0.13588,0.13588,1
2018-02-09 12:40:00,0.13568,0.13578,0.13568,0.13578,4
2018-02-09 12:41:00,0.13558,0.13568,0.13558,0.13566,4
2018-02-09 12:42:00,0.13548,0.13548,0.13548,0.13548,1
2018-02-09 12:43:00,0.13548,0.13558,0.13548,0.13556,3
2018-02-09 12:47:00,0.13548,0.13548,0.13538,0.13538,2
2018-02-09 12:48:00,0.13538,0.1355,0.13538,0.1355,11
2018-02-09 12:49:00,0.13538,0.13544,0.13538,0.13544,4
2018-02-09 12:51:00,0.13538,0.13538,0.13536,0.13536,2
2018-02-09 12:54:00,0.13538,0.13548,0.13538,0.13548,10
2018-02-09 12:58:00,0.13548,0.13548,0.13546,0.13546,2
2018-02-09 12:59:00,0.13548,0.13558,0.13548,0.13558,6
2018-02-09 13:00:00,0.13558,0.13558,0.13554,0.13558,3
2018-02-09 13:01:00,0.13538,0.13558,0.13534,0.13552,14
2018-02-09 13:02:00,0.13548,0.13548,0.13544,0.13548,3
2018-02-09 13:04:00,0.13558,0.13558,0.13556,0.13556,3
2018-02-09 13:05:00,0.13568,0.13578,0.13566,0.13566,11
2018-02-09 13:06:00,0.13558,0.13558,0.13558,0.13558,1
2018-02-09 13:09:00,0.13548,0.1355,0.13548,0.13548,3
2018-02-09 13:10:00,0.13558,0.13558,0.13548,0.13558,6
2018-02-09 13:11:00,0.13548,0.13578,0.13548,0.13556,23
2018-02-09 13:12:00,0.13558,0.13564,0.13558,0.13558,5
2018-02-09 13:13:00,0.13566,0.13566,0.13566,0.13566,1
2018-02-09 13:14:00,0.13578,0.13578,0.13578,0.13578,1
2018-02-09 13:15:00,0.13588,0.13588,0.13584,0.13584,2
2018-02-09 13:16:00,0.13598,0.13598,0.13588,0.13594,6
2018-02-09 13:18:00,0.13598,0.13598,0.13588,0.13588,5
2018-02-09 13:19:00,0.13592,0.13592,0.13592,0.13592,1
2018-02-09 13:20:00,0.13588,0.13598,0.13588,0.1359,8
2018-02-09 13:21:00,0.13588,0.13598,0.13588,0.13594,5
2018-02-09 13:22:00,0.13598,0.13598,0.13594,0.13594,2
2018-02-09 13:24:00,0.13574,0.13588,0.13574,0.13588,5
2018-02-09 13:25:00,0.13564,0.13578,0.13558,0.13578,11
2018-02-09 13:26:00,0.13548,0.13568,0.13548,0.13568,7
2018-02-09 13:27:00,0.13558,0.1356,0.13556,0.13556,4
2018-02-09 13:28:00,0.13528,0.13548,0.13528,0.13548,6
2018-02-09 13:29:00,0.13528,0.13538,0.13528,0.13538,21
2018-02-09 13:30:00,0.13538,0.13538,0.13528,0.13536,11
2018-02-09 13:31:00,0.13528,0.13532,0.13528,0.13532,2
2018-02-09 13:32:00,0.13538,0.13538,0.13534,0.13534,2
2018-02-09 13:33:00,0.13558,0.13558,0.13538,0.1354,5
2018-02-09 13:34:00,0.13558,0.13558,0.13548,0.13548,7
2018-02-09 13:37:00,0.13548,0.13554,0.13548,0.13548,3
2018-02-09 13:38:00,0.13548,0.13548,0.13538,0.13544,7
2018-02-09 13:39:00,0.13558,0.13558,0.13548,0.13558,11
2018-02-09 13:40:00,0.13568,0.13568,0.13558,0.13568,4
2018-02-09 13:41:00,0.13568,0.13568,0.13558,0.13558,2
2018-02-09 13:42:00,0.13568,0.13568,0.13558,0.13558,7
2018-02-09 13:44:00,0.13568,0.13568,0.13558,0.13558,3
2018-02-09 13:45:00,0.13578,0.13578,0.13574,0.13578,3
2018-02-09 13:47:00,0.13586,0.13586,0.13586,0.13586,1
2018-02-09 13:48:00,0.13598,0.13598,0.1359,0.1359,2
2018-02-09 13:51:00,0.13608,0.13608,0.13608,0.13608,1
2018-02-09 13:53:00,0.13608,0.13614,0.13608,0.13614,3
2018-02-09 13:54:00,0.13608,0.13608,0.13598,0.13598,3
2018-02-09 13:55:00,0.13608,0.13614,0.13608,0.13614,3
2018-02-09 13:56:00,0.13628,0.13628,0.13618,0.13618,8
2018-02-09 13:57:00,0.13618,0.13624,0.13618,0.13618,3
2018-02-09 13:58:00,0.13618,0.13628,0.13618,0.13628,4
2018-02-09 13:59:00,0.13618,0.13628,0.13618,0.13624,5
2018-02-09 14:00:00,0.13618,0.13618,0.13608,0.13608,15
2018-02-09 14:03:00,0.13648,0.13654,0.13624,0.13624,8
2018-02-09 14:04:00,0.13638,0.13658,0.13636,0.13658,7
2018-02-09 14:05:00,0.13638,0.13644,0.13638,0.13644,7
2018-02-09 14:06:00,0.13644,0.13644,0.13638,0.13644,5
2018-02-09 14:07:00,0.13648,0.13648,0.13648,0.13648,1
2018-02-09 14:09:00,0.13658,0.13658,0.13648,0.13654,3
2018-02-09 14:11:00,0.13648,0.13652,0.13642,0.13652,7
2018-02-09 14:12:00,0.13638,0.13638,0.13638,0.13638,1
2018-02-09 14:13:00,0.13648,0.13648,0.13638,0.13648,10
2018-02-09 14:14:00,0.13638,0.13644,0.13638,0.13638,3
2018-02-09 14:15:00,0.13638,0.13648,0.13638,0.13648,11
2018-02-09 14:21:00,0.13648,0.13648,0.13644,0.13644,2
2018-02-09 14:23:00,0.13634,0.13644,0.13628,0.13644,4
2018-02-09 14:24:00,0.13628,0.13638,0.13628,0.13634,10
2018-02-09 14:25:00,0.13608,0.13624,0.13608,0.13622,6
2018-02-09 14:26:00,0.13598,0.13608,0.13598,0.13602,10
2018-02-09 14:27:00,0.13604,0.13608,0.13598,0.13608,7
2018-02-09 14:28:00,0.13598,0.13604,0.13588,0.13598,8
2018-02-09 14:29:00,0.13578,0.13608,0.13578,0.13604,10
2018-02-09 14:30:00,0.13578,0.13588,0.13572,0.13572,15
2018-02-09 14:31:00,0.13578,0.13584,0.13578,0.13584,2
2018-02-09 14:32:00,0.13578,0.13578,0.13568,0.13568,2
2018-02-09 14:33:00,0.13568,0.13572,0.13558,0.13572,14
2018-02-09 14:34:00,0.13558,0.13564,0.13556,0.13564,4
2018-02-09 14:35:00,0.13558,0.13566,0.13558,0.13566,8
2018-02-09 14:36:00,0.13564,0.13568,0.13558,0.13564,8
2018-02-09 14:37:00,0.13558,0.13568,0.13558,0.13558,6
2018-02-09 14:38:00,0.13568,0.13568,0.13552,0.13554,7
2018-02-09 14:39:00,0.13558,0.13564,0.13558,0.13558,5
2018-02-09 14:40:00,0.13558,0.1356,0.13558,0.1356,2
2018-02-09 14:42:00,0.13566,0.13566,0.13566,0.13566,1
2018-02-09 14:44:00,0.13578,0.13578,0.13578,0.13578,1
2018-02-09 14:45:00,0.13578,0.13588,0.13578,0.13586,5
2018-02-09 14:46:00,0.13594,0.13598,0.13586,0.13586,10
2018-02-09 14:47:00,0.13608,0.13608,0.13598,0.13598,2
2018-02-09 14:48:00,0.13598,0.13602,0.13598,0.13602,2
2018-02-09 14:49:00,0.13608,0.13608,0.13578,0.13588,19
2018-02-09 14:50:00,0.13598,0.13598,0.13588,0.13598,6
2018-02-09 14:51:00,0.13614,0.13628,0.13604,0.13608,20
2018-02-09 14:52:00,0.13618,0.13618,0.13614,0.13618,5
2018-02-09 14:55:00,0.13628,0.1363,0.13624,0.13626,7
2018-02-09 14:56:00,0.13638,0.1365,0.13628,0.1363,10
2018-02-09 14:58:00,0.13648,0.13648,0.13638,0.13644,9
2018-02-09 14:59:00,0.13664,0.13698,0.13646,0.13646,31
2018-02-09 15:00:00,0.13678,0.13678,0.13658,0.13664,13
2018-02-09 15:01:00,0.13682,0.13684,0.13678,0.13684,8
2018-02-09 15:02:00,0.13688,0.13698,0.13678,0.13678,13
2018-02-09 15:03:00,0.13718,0.13718,0.13698,0.13698,6
2018-02-09 15:04:00,0.13698,0.13734,0.13698,0.13724,14
2018-02-09 15:05:00,0.13688,0.13702,0.13678,0.13702,11
2018-02-09 15:06:00,0.13698,0.13708,0.13698,0.13698,3
2018-02-09 15:07:00,0.13688,0.13714,0.13688,0.13708,7
2018-02-09 15:08:00,0.13678,0.13698,0.13678,0.13698,10
2018-02-09 15:09:00,0.13678,0.13688,0.13678,0.13688,2
2018-02-09 15:10:00,0.13692,0.13708,0.13688,0.13688,8
2018-02-09 15:11:00,0.13698,0.13708,0.13698,0.13698,9
2018-02-09 15:12:00,0.13724,0.13724,0.13708,0.13708,9
2018-02-09 15:13:00,0.13748,0.13748,0.13734,0.13734,14
2018-02-09 15:14:00,0.13728,0.13738,0.13728,0.13738,16
2018-02-09 15:15:00,0.13748,0.13758,0.13732,0.13732,13
2018-02-09 15:16:00,0.13748,0.13774,0.13748,0.13754,8
2018-02-09 15:17:00,0.13758,0.13758,0.13748,0.13754,9
2018-02-09 15:18:00,0.13728,0.13748,0.13718,0.13748,18
2018-02-09 15:19:00,0.13748,0.13758,0.13734,0.13734,7
2018-02-09 15:20:00,0.13748,0.13754,0.13748,0.13754,2
2018-02-09 15:21:00,0.13748,0.13758,0.13748,0.13754,23
2018-02-09 15:22:00,0.13718,0.13738,0.13708,0.13738,18
2018-02-09 15:23:00,0.13728,0.13732,0.13724,0.13724,6
2018-02-09 15:24:00,0.13722,0.13738,0.13718,0.13738,9
2018-02-09 15:25:00,0.13708,0.13728,0.13708,0.13728,8
2018-02-09 15:26:00,0.13708,0.13728,0.13708,0.1371,15
2018-02-09 15:27:00,0.13698,0.13718,0.13698,0.13718,11
2018-02-09 15:28:00,0.13698,0.13698,0.13688,0.13688,2
2018-02-09 15:29:00,0.13708,0.13708,0.13688,0.13692,6
2018-02-09 15:30:00,0.13688,0.13708,0.13688,0.13706,10
2018-02-09 15:31:00,0.13688,0.13698,0.13688,0.13698,4
2018-02-09 15:32:00,0.13688,0.13698,0.13678,0.13698,21
2018-02-09 15:33:00,0.13688,0.13698,0.13678,0.13682,23
2018-02-09 15:34:00,0.13678,0.13698,0.13678,0.13698,22
2018-02-09 15:35:00,0.13684,0.13688,0.13678,0.1368,9
2018-02-09 15:36:00,0.13698,0.13698,0.13688,0.13688,11
2018-02-09 15:37:00,0.13698,0.13698,0.13688,0.13688,3
2018-02-09 15:38:00,0.13698,0.13708,0.13698,0.13708,2
2018-02-09 15:39:00,0.13688,0.13708,0.13688,0.13708,4
2018-02-09 15:40:00,0.13682,0.13698,0.13682,0.13698,3
2018-02-09 15:41:00,0.13698,0.13708,0.13688,0.13688,5
2018-02-09 15:42:00,0.13708,0.13718,0.13708,0.13708,6
2018-02-09 15:43:00,0.13718,0.13718,0.13712,0.13718,5
2018-02-09 15:44:00,0.13728,0.13728,0.1372,0.1372,4
2018-02-09 15:45:00,0.13754,0.13754,0.13738,0.13738,5
2018-02-09 15:46:00,0.13738,0.13758,0.13718,0.13748,20
2018-02-09 15:47:00,0.13748,0.13758,0.13748,0.13748,17
2018-02-09 15:48:00,0.13718,0.13758,0.13718,0.13742,11
2018-02-09 15:49:00,0.13738,0.13738,0.13718,0.13722,12
2018-02-09 15:50:00,0.13738,0.13748,0.13738,0.13748,13
2018-02-09 15:51:00,0.13728,0.13742,0.13728,0.13736,9
2018-02-09 15:52:00,0.13738,0.13748,0.13738,0.13738,4
2018-02-09 15:53:00,0.13748,0.13748,0.13742,0.13742,2
2018-02-09 15:54:00,0.13758,0.13758,0.13758,0.13758,1
2018-02-09 15:55:00,0.13748,0.13758,0.13748,0.1375,7
2018-02-09 15:58:00,0.13748,0.13758,0.13738,0.13758,10
2018-02-09 15:59:00,0.13758,0.13758,0.13758,0.13758,1
2018-02-09 16:00:00,0.13728,0.13748,0.13728,0.13748,3
2018-02-09 16:01:00,0.13748,0.13748,0.13738,0.13738,4
2018-02-09 16:03:00,0.13748,0.13748,0.13738,0.13738,3
2018-02-09 16:04:00,0.13754,0.13754,0.13754,0.13754,1
2018-02-09 16:06:00,0.13798,0.13802,0.13758,0.13758,30
2018-02-09 16:07:00,0.13798,0.13808,0.13798,0.13808,9
2018-02-09 16:08:00,0.13788,0.1379,0.13778,0.1379,6
2018-02-09 16:09:00,0.13758,0.13778,0.13748,0.13778,21
2018-02-09 16:10:00,0.13748,0.13758,0.13748,0.13752,9
2018-02-09 16:11:00,0.13742,0.13758,0.13738,0.13754,13
2018-02-09 16:12:00,0.13752,0.13758,0.13748,0.13748,6
2018-02-09 16:13:00,0.13748,0.13758,0.13748,0.13754,5
2018-02-09 16:14:00,0.13748,0.13752,0.13742,0.13752,5
2018-02-09 16:15:00,0.13718,0.1374,0.13718,0.13738,13
2018-02-09 16:16:00,0.13718,0.13728,0.13708,0.13714,15
2018-02-09 16:17:00,0.13718,0.1372,0.13708,0.13714,7
2018-02-09 16:18:00,0.13708,0.13708,0.13708,0.13708,1
2018-02-09 16:19:00,0.13698,0.13698,0.13688,0.13698,11
2018-02-09 16:21:00,0.13698,0.13698,0.13678,0.13688,20
2018-02-09 16:22:00,0.13718,0.13718,0.13704,0.13704,15
2018-02-09 16:23:00,0.13718,0.13722,0.13718,0.13722,4
2018-02-09 16:24:00,0.13698,0.13714,0.13698,0.13708,6
2018-02-09 16:25:00,0.13708,0.13708,0.13704,0.13704,3
2018-02-09 16:26:00,0.13708,0.13708,0.13698,0.13698,2
2018-02-09 16:27:00,0.13718,0.13722,0.13718,0.13718,3
2018-02-09 16:28:00,0.13728,0.13728,0.13718,0.13722,9
2018-02-09 16:29:00,0.13718,0.13722,0.13718,0.13722,2
2018-02-09 16:32:00,0.13732,0.13732,0.13718,0.13728,8
2018-02-09 16:33:00,0.13732,0.13748,0.13728,0.13734,23
2018-02-09 16:34:00,0.13728,0.13738,0.13728,0.13738,3
2018-02-09 16:35:00,0.13728,0.13728,0.13718,0.13722,9
2018-02-09 16:36:00,0.13748,0.1375,0.13734,0.13734,5
2018-02-09 16:37:00,0.13738,0.13752,0.13738,0.13752,3
2018-02-09 16:38:00,0.13748,0.13748,0.13748,0.13748,1
2018-02-09 16:39:00,0.13748,0.13758,0.13748,0.13758,4
2018-02-09 16:40:00,0.13752,0.13758,0.13748,0.13758,18
2018-02-09 16:41:00,0.13748,0.13758,0.13748,0.13758,12
2018-02-09 16:42:00,0.13758,0.13758,0.13748,0.13752,5
2018-02-09 16:43:00,0.13768,0.13768,0.13762,0.13762,2
2018-02-09 16:45:00,0.13758,0.13762,0.13758,0.13758,3
2018-02-09 16:46:00,0.13768,0.13768,0.13758,0.13762,3
2018-02-09 16:47:00,0.13758,0.13762,0.13752,0.13762,8
2018-02-09 16:48:00,0.13738,0.13748,0.13738,0.13748,7
2018-02-09 16:49:00,0.13718,0.13742,0.13718,0.13742,4
2018-02-09 16:50:00,0.13718,0.13724,0.13718,0.13724,7
2018-02-09 16:51:00,0.13708,0.13708,0.13708,0.13708,1
2018-02-09 16:52:00,0.13704,0.13714,0.13704,0.13714,10
2018-02-09 16:53:00,0.13676,0.13698,0.13676,0.13698,7
2018-02-09 16:54:00,0.13684,0.13684,0.13668,0.13676,8
2018-02-09 16:55:00,0.13678,0.13688,0.13678,0.13688,8
2018-02-09 16:56:00,0.13678,0.13678,0.13668,0.13668,2
2018-02-09 16:58:00,0.13678,0.13698,0.13678,0.13688,5
2018-02-09 17:00:00,0.13668,0.13688,0.13668,0.13684,9
2018-02-09 17:02:00,0.13658,0.13658,0.13658,0.13658,1
2018-02-09 17:03:00,0.13658,0.13668,0.13648,0.13648,4
2018-02-09 17:04:00,0.13654,0.13668,0.13648,0.13666,7
2018-02-09 17:05:00,0.13668,0.13668,0.13654,0.13658,9
2018-02-09 17:07:00,0.13678,0.13698,0.13668,0.13678,9
2018-02-09 17:08:00,0.13658,0.13678,0.13658,0.13674,6
2018-02-09 17:09:00,0.13618,0.13654,0.13618,0.13654,11
2018-02-09 17:10:00,0.13628,0.13638,0.13626,0.13626,7
2018-02-09 17:11:00,0.13646,0.13646,0.13628,0.13636,9
2018-02-09 17:12:00,0.13644,0.13658,0.13638,0.1365,13
2018-02-09 17:13:00,0.13628,0.13638,0.13628,0.13638,6
2018-02-09 17:14:00,0.13618,0.13638,0.13618,0.13624,13
2018-02-09 17:15:00,0.13618,0.13628,0.13618,0.13628,6
2018-02-09 17:16:00,0.13618,0.13618,0.13614,0.13614,4
2018-02-09 17:17:00,0.13618,0.13618,0.13616,0.13616,2
2018-02-09 17:18:00,0.13588,0.13608,0.13588,0.13608,13
2018-02-09 17:19:00,0.13608,0.13608,0.13598,0.13598,2
2018-02-09 17:20:00,0.13598,0.13604,0.13598,0.13598,3
2018-02-09 17:21:00,0.13594,0.13598,0.13588,0.13588,6
2018-02-09 17:22:00,0.13596,0.13596,0.13578,0.13588,12
2018-02-09 17:23:00,0.13598,0.13608,0.13598,0.136,6
2018-02-09 17:24:00,0.13568,0.13594,0.13568,0.13594,6
2018-02-09 17:25:00,0.13598,0.13606,0.13574,0.13576,13
2018-02-09 17:26:00,0.13584,0.136,0.13572,0.136,9
2018-02-09 17:27:00,0.13578,0.13588,0.13578,0.13588,2
2018-02-09 17:28:00,0.13578,0.13588,0.1357,0.13588,13
2018-02-09 17:29:00,0.13578,0.1359,0.13578,0.13584,9
2018-02-09 17:30:00,0.13578,0.13578,0.1357,0.13574,3
2018-02-09 17:31:00,0.13588,0.13588,0.13578,0.13588,4
2018-02-09 17:32:00,0.13588,0.13598,0.13574,0.13596,12
2018-02-09 17:33:00,0.13588,0.13588,0.13578,0.13578,2
2018-02-09 17:34:00,0.13584,0.13588,0.13578,0.13584,5
2018-02-09 17:35:00,0.13588,0.13598,0.13578,0.13578,17
2018-02-09 17:36:00,0.13588,0.13598,0.13588,0.13598,2
2018-02-09 17:37:00,0.13598,0.13598,0.13578,0.13582,10
2018-02-09 17:38:00,0.13598,0.13598,0.13584,0.13588,9
2018-02-09 17:39:00,0.13578,0.13588,0.13578,0.13588,7
2018-02-09 17:40:00,0.1357,0.13588,0.1357,0.13586,6
2018-02-09 17:41:00,0.1356,0.1357,0.13556,0.13564,11
2018-02-09 17:42:00,0.13554,0.13564,0.13554,0.13564,7
2018-02-09 17:43:00,0.13554,0.1356,0.13552,0.13556,8
2018-02-09 17:44:00,0.1355,0.1356,0.1355,0.1356,9
2018-02-09 17:45:00,0.1352,0.13542,0.1352,0.13542,5
2018-02-09 17:46:00,0.1353,0.13532,0.13518,0.1353,21
2018-02-09 17:47:00,0.13492,0.1353,0.13492,0.1352,21
2018-02-09 17:48:00,0.1351,0.1351,0.135,0.135,8
2018-02-09 17:49:00,0.13492,0.1351,0.13492,0.13502,10
2018-02-09 17:50:00,0.1352,0.1352,0.13494,0.13496,13
2018-02-09 17:51:00,0.1353,0.1353,0.1352,0.13524,7
2018-02-09 17:52:00,0.1355,0.1355,0.1353,0.13536,7
2018-02-09 17:53:00,0.13598,0.136,0.13556,0.13556,52
2018-02-09 17:54:00,0.13588,0.13618,0.13588,0.13594,34
2018-02-09 17:55:00,0.1358,0.13588,0.1358,0.13582,6
2018-02-09 17:56:00,0.1358,0.13588,0.1358,0.13584,3
2018-02-09 17:57:00,0.13588,0.13588,0.1358,0.13584,7
2018-02-09 17:58:00,0.13598,0.13598,0.13588,0.13598,7
2018-02-09 17:59:00,0.13598,0.13598,0.13598,0.13598,1
2018-02-12 08:30:00,0.13698,0.13698,0.1366,0.1366,29
2018-02-12 08:31:00,0.13678,0.13698,0.13678,0.13688,10
2018-02-12 08:32:00,0.1367,0.13678,0.13668,0.1367,8
2018-02-12 08:33:00,0.1366,0.13662,0.1366,0.13662,2
2018-02-12 08:34:00,0.1367,0.1367,0.13658,0.1367,5
2018-02-12 08:35:00,0.1367,0.1367,0.1366,0.1366,6
2018-02-12 08:37:00,0.13678,0.13678,0.1367,0.13676,5
2018-02-12 08:38:00,0.13678,0.13688,0.13678,0.13688,2
2018-02-12 08:40:00,0.1368,0.1368,0.13672,0.13672,2
2018-02-12 08:42:00,0.13688,0.13696,0.13684,0.13684,10
2018-02-12 08:43:00,0.13688,0.13698,0.13688,0.13698,16
2018-02-12 08:44:00,0.13698,0.13698,0.13688,0.13688,3
2018-02-12 08:45:00,0.13698,0.13698,0.13688,0.13692,12
2018-02-12 08:46:00,0.13698,0.13698,0.13688,0.13688,2
2018-02-12 08:47:00,0.13688,0.13688,0.13688,0.13688,1
2018-02-12 08:48:00,0.1368,0.1368,0.1368,0.1368,1
2018-02-12 08:49:00,0.13688,0.13688,0.13686,0.13686,2
2018-02-12 08:52:00,0.13698,0.13698,0.13694,0.13694,2
2018-02-12 08:53:00,0.13688,0.13694,0.13688,0.13688,5
2018-02-12 08:54:00,0.13698,0.13698,0.13688,0.13694,12
2018-02-12 08:55:00,0.13688,0.13694,0.13688,0.13694,4
2018-02-12 08:56:00,0.13698,0.13698,0.13694,0.13698,3
2018-02-12 08:58:00,0.13692,0.13692,0.13692,0.13692,1
2018-02-12 08:59:00,0.1369,0.13694,0.1369,0.13694,2
2018-02-12 09:03:00,0.1368,0.13684,0.1368,0.13682,3
2018-02-12 09:04:00,0.1369,0.1369,0.1368,0.13684,12
2018-02-12 09:06:00,0.1369,0.1369,0.1368,0.1368,5
2018-02-12 09:08:00,0.1368,0.1368,0.1368,0.1368,1
2018-02-12 09:12:00,0.1367,0.1367,0.1367,0.1367,1
2018-02-12 09:13:00,0.1367,0.1368,0.1367,0.1368,2
2018-02-12 09:15:00,0.13674,0.13674,0.1366,0.1366,6
2018-02-12 09:16:00,0.1367,0.1368,0.1367,0.1367,16
2018-02-12 09:17:00,0.1367,0.1368,0.1367,0.1368,2
2018-02-12 09:18:00,0.1367,0.1368,0.1367,0.1368,2
2018-02-12 09:20:00,0.1367,0.13674,0.1367,0.13674,2
2018-02-12 09:23:00,0.1365,0.1366,0.1365,0.1366,2
2018-02-12 09:24:00,0.13642,0.13642,0.13642,0.13642,1
2018-02-12 09:25:00,0.1364,0.1365,0.1364,0.13644,6
2018-02-12 09:27:00,0.1366,0.1367,0.13644,0.13644,8
2018-02-12 09:28:00,0.1367,0.1367,0.1367,0.1367,1
2018-02-12 09:30:00,0.1367,0.1367,0.1367,0.1367,2
2018-02-12 09:34:00,0.1368,0.1368,0.1367,0.1368,3
2018-02-12 09:42:00,0.1369,0.1369,0.13684,0.1369,3
2018-02-12 09:45:00,0.1369,0.1369,0.1368,0.1368,3
2018-02-12 09:46:00,0.13696,0.13696,0.13696,0.13696,4
2018-02-12 09:47:00,0.137,0.137,0.1369,0.1369,2
2018-02-12 09:50:00,0.1369,0.1369,0.1369,0.1369,1
2018-02-12 09:51:00,0.1368,0.1368,0.1368,0.1368,1
2018-02-12 09:53:00,0.1368,0.1369,0.1368,0.1369,2
2018-02-12 09:54:00,0.13684,0.1369,0.13684,0.1369,2
2018-02-12 09:55:00,0.1368,0.1368,0.1368,0.1368,1
2018-02-12 10:00:00,0.1367,0.13674,0.1367,0.1367,3
2018-02-12 10:02:00,0.1368,0.1369,0.1368,0.1368,4
2018-02-12 10:03:00,0.1367,0.13674,0.1367,0.13674,2
2018-02-12 10:05:00,0.1366,0.13672,0.13658,0.13672,6
2018-02-12 10:06:00,0.1365,0.13654,0.1365,0.13654,3
2018-02-12 10:07:00,0.1366,0.1366,0.1366,0.1366,1
2018-02-12 10:11:00,0.1365,0.1365,0.1365,0.1365,1
2018-02-12 10:12:00,0.1366,0.1366,0.13654,0.13654,2
2018-02-12 10:16:00,0.1365,0.1365,0.1365,0.1365,1
2018-02-12 10:17:00,0.1366,0.1366,0.1366,0.1366,1
2018-02-12 10:18:00,0.13664,0.13664,0.13664,0.13664,1
2018-02-12 10:19:00,0.1367,0.1367,0.1366,0.1366,2
2018-02-12 10:39:00,0.13674,0.1368,0.1367,0.13674,4
2018-02-12 10:40:00,0.1367,0.1367,0.1367,0.1367,1
2018-02-12 10:49:00,0.1368,0.1368,0.1368,0.1368,1
2018-02-12 10:50:00,0.1367,0.13674,0.1367,0.1367,3
2018-02-12 10:51:00,0.1368,0.1368,0.1368,0.1368,1
2018-02-12 10:53:00,0.137,0.137,0.1369,0.1369,2
2018-02-12 10:55:00,0.1369,0.1369,0.1369,0.1369,1
2018-02-12 10:56:00,0.1368,0.13684,0.1368,0.1368,3
2018-02-12 10:58:00,0.1369,0.1369,0.13688,0.1369,3
2018-02-12 11:00:00,0.1368,0.13684,0.1368,0.13684,2
2018-02-12 11:01:00,0.1369,0.1369,0.13686,0.13686,2
2018-02-12 11:03:00,0.137,0.137,0.13694,0.137,7
2018-02-12 11:05:00,0.137,0.137,0.13698,0.13698,2
2018-02-12 11:07:00,0.137,0.137,0.1369,0.13692,7
2018-02-12 11:08:00,0.1369,0.137,0.1369,0.13698,5
2018-02-12 11:09:00,0.13696,0.13696,0.13696,0.13696,1
2018-02-12 11:15:00,0.13696,0.13696,0.13696,0.13696,2
2018-02-12 11:17:00,0.1368,0.1369,0.1367,0.1369,9
2018-02-12 11:19:00,0.1367,0.1367,0.1367,0.1367,1
2018-02-12 11:22:00,0.1368,0.1368,0.1368,0.1368,1
2018-02-12 11:27:00,0.1369,0.1369,0.1369,0.1369,1
2018-02-12 11:28:00,0.137,0.137,0.1369,0.13692,5
2018-02-12 11:32:00,0.137,0.137,0.1369,0.1369,7
2018-02-12 11:34:00,0.13694,0.13694,0.1369,0.1369,6
2018-02-12 11:35:00,0.137,0.137,0.1369,0.1369,9
2018-02-12 11:38:00,0.137,0.1371,0.13698,0.1371,8
2018-02-12 11:40:00,0.13694,0.137,0.13688,0.13692,9
2018-02-12 11:41:00,0.1369,0.1369,0.1369,0.1369,1
2018-02-12 11:47:00,0.137,0.137,0.13694,0.137,3
2018-02-12 11:50:00,0.1369,0.1369,0.1369,0.1369,1
2018-02-12 11:53:00,0.137,0.137,0.13696,0.13696,2
2018-02-12 11:55:00,0.1369,0.1369,0.1369,0.1369,1
2018-02-12 11:56:00,0.1369,0.137,0.1369,0.13694,6
2018-02-12 12:00:00,0.13696,0.13696,0.13696,0.13696,1
2018-02-12 12:04:00,0.1371,0.1371,0.13694,0.13694,6
2018-02-12 12:08:00,0.1372,0.1372,0.1372,0.1372,1
2018-02-12 12:11:00,0.1372,0.1372,0.13718,0.13718,4
2018-02-12 12:12:00,0.13714,0.1372,0.1371,0.13718,10
2018-02-12 12:13:00,0.1371,0.1372,0.1371,0.1371,9
2018-02-12 12:35:00,0.13716,0.13716,0.13708,0.13708,3
2018-02-12 12:38:00,0.1372,0.1372,0.1371,0.13714,13
2018-02-12 12:40:00,0.1372,0.1372,0.13718,0.13718,2
2018-02-12 12:42:00,0.1372,0.1372,0.1371,0.1371,5
2018-02-12 12:43:00,0.1372,0.1372,0.13718,0.13718,2
2018-02-12 12:51:00,0.1373,0.1373,0.13728,0.1373,3
2018-02-12 12:55:00,0.1375,0.1375,0.13736,0.13736,7
2018-02-12 12:56:00,0.1374,0.1374,0.1374,0.1374,1
2018-02-12 12:57:00,0.1373,0.1374,0.1373,0.13734,16
2018-02-12 12:58:00,0.1373,0.13734,0.1373,0.13732,4
2018-02-12 13:00:00,0.1373,0.1374,0.1373,0.1374,2
2018-02-12 13:02:00,0.1373,0.1373,0.13722,0.13722,5
2018-02-12 13:07:00,0.1374,0.1375,0.13736,0.13736,5
2018-02-12 13:08:00,0.1374,0.1375,0.1374,0.1375,2
2018-02-12 13:10:00,0.1375,0.1375,0.13734,0.13734,10
2018-02-12 13:11:00,0.13752,0.1376,0.13752,0.13756,4
2018-02-12 13:12:00,0.13754,0.1376,0.1375,0.13754,21
2018-02-12 13:13:00,0.1376,0.1376,0.1376,0.1376,1
2018-02-12 13:15:00,0.1376,0.1376,0.1375,0.1375,3
2018-02-12 13:16:00,0.1376,0.1376,0.1375,0.1375,3
2018-02-12 13:18:00,0.1376,0.13762,0.1375,0.1375,8
2018-02-12 13:20:00,0.1376,0.1377,0.1376,0.1377,6
2018-02-12 13:21:00,0.1376,0.1377,0.1376,0.1377,11
2018-02-12 13:22:00,0.1377,0.1377,0.1376,0.1377,5
2018-02-12 13:24:00,0.1376,0.13762,0.1376,0.13762,2
2018-02-12 13:27:00,0.1377,0.1377,0.13764,0.13764,4
2018-02-12 13:28:00,0.1377,0.1377,0.1376,0.1376,2
2018-02-12 13:30:00,0.1376,0.1376,0.1376,0.1376,1
2018-02-12 13:37:00,0.1373,0.1375,0.1373,0.1375,4
2018-02-12 13:40:00,0.1374,0.1374,0.13736,0.13736,2
2018-02-12 13:41:00,0.1372,0.1373,0.1372,0.1373,2
2018-02-12 13:43:00,0.1372,0.13724,0.1372,0.13724,2
2018-02-12 13:44:00,0.1372,0.1373,0.1372,0.13724,5
2018-02-12 13:45:00,0.1372,0.13722,0.1372,0.13722,2
2018-02-12 13:48:00,0.1372,0.13722,0.1372,0.13722,2
2018-02-12 13:50:00,0.1372,0.13724,0.1372,0.13724,2
2018-02-12 13:52:00,0.1373,0.1373,0.1372,0.1373,5
2018-02-12 13:53:00,0.1372,0.1372,0.1372,0.1372,1
2018-02-12 13:55:00,0.137,0.13712,0.1369,0.13712,13
2018-02-12 13:56:00,0.137,0.1371,0.137,0.13704,5
2018-02-12 13:57:00,0.137,0.1371,0.1369,0.1371,4
2018-02-12 13:58:00,0.1367,0.13694,0.1367,0.13694,17
2018-02-12 13:59:00,0.1367,0.13674,0.1367,0.13674,6
2018-02-12 14:00:00,0.1368,0.1368,0.1367,0.13672,15
2018-02-12 14:01:00,0.1368,0.13684,0.1368,0.13684,6
2018-02-12 14:03:00,0.1369,0.1369,0.13682,0.13682,6
2018-02-12 14:04:00,0.137,0.137,0.13694,0.13694,2
2018-02-12 14:05:00,0.1373,0.13732,0.1369,0.13694,12
2018-02-12 14:06:00,0.13724,0.1373,0.1372,0.13722,4
2018-02-12 14:07:00,0.1373,0.1373,0.1373,0.1373,1
2018-02-12 14:08:00,0.1374,0.1374,0.1374,0.1374,1
2018-02-12 14:09:00,0.1373,0.13732,0.1373,0.13732,2
2018-02-12 14:10:00,0.1372,0.1372,0.1372,0.1372,1
2018-02-12 14:12:00,0.13734,0.1374,0.1373,0.1373,7
2018-02-12 14:13:00,0.1374,0.1374,0.13734,0.1374,3
2018-02-12 14:15:00,0.13734,0.13734,0.13734,0.13734,1
2018-02-12 14:16:00,0.13734,0.13736,0.1373,0.1373,5
2018-02-12 14:17:00,0.1374,0.1374,0.1373,0.1373,8
2018-02-12 14:18:00,0.1372,0.1374,0.1372,0.1373,5
2018-02-12 14:19:00,0.1371,0.13716,0.137,0.1371,18
2018-02-12 14:22:00,0.137,0.1371,0.1369,0.137,14
2018-02-12 14:23:00,0.137,0.13704,0.137,0.13704,2
2018-02-12 14:24:00,0.1369,0.13694,0.1369,0.13694,4
2018-02-12 14:25:00,0.13694,0.13694,0.13694,0.13694,1
2018-02-12 14:26:00,0.1369,0.137,0.1369,0.1369,7
2018-02-12 14:27:00,0.13694,0.13694,0.1369,0.13694,7
2018-02-12 14:28:00,0.13694,0.137,0.1368,0.1369,20
2018-02-12 14:29:00,0.13704,0.1371,0.137,0.137,7
2018-02-12 14:30:00,0.1369,0.137,0.1369,0.137,6
2018-02-12 14:31:00,0.137,0.137,0.1368,0.13684,12
2018-02-12 14:32:00,0.1372,0.1372,0.137,0.13704,14
2018-02-12 14:33:00,0.137,0.13714,0.137,0.13714,4
2018-02-12 14:34:00,0.1371,0.13714,0.1371,0.1371,3
2018-02-12 14:35:00,0.1373,0.1373,0.1371,0.13714,9
2018-02-12 14:36:00,0.1374,0.1374,0.1374,0.1374,1
2018-02-12 14:37:00,0.1373,0.1374,0.1372,0.13734,21
2018-02-12 14:38:00,0.1372,0.1373,0.1372,0.13724,10
2018-02-12 14:39:00,0.1373,0.1373,0.1372,0.1373,7
2018-02-12 14:40:00,0.1373,0.1373,0.1372,0.1372,8
2018-02-12 14:41:00,0.1371,0.13724,0.1371,0.13724,10
2018-02-12 14:42:00,0.1372,0.13724,0.1371,0.13714,5
2018-02-12 14:43:00,0.1372,0.1373,0.1372,0.13726,5
2018-02-12 14:44:00,0.1373,0.1373,0.13724,0.13726,3
2018-02-12 14:45:00,0.1372,0.13724,0.1372,0.13724,2
2018-02-12 14:49:00,0.1369,0.1371,0.1369,0.1371,8
2018-02-12 14:50:00,0.137,0.137,0.137,0.137,1
2018-02-12 14:51:00,0.13694,0.13694,0.1369,0.13694,7
2018-02-12 14:52:00,0.13694,0.137,0.1369,0.137,5
2018-02-12 14:53:00,0.1369,0.137,0.1369,0.137,5
2018-02-12 14:54:00,0.13694,0.13704,0.1368,0.137,11
2018-02-12 14:55:00,0.137,0.1372,0.1369,0.1369,14
2018-02-12 14:56:00,0.1368,0.13694,0.1368,0.13694,6
2018-02-12 14:57:00,0.13694,0.137,0.1369,0.1369,13
2018-02-12 14:58:00,0.137,0.1371,0.137,0.13702,8
2018-02-12 14:59:00,0.1369,0.1369,0.1369,0.1369,1
2018-02-12 15:00:00,0.13686,0.1369,0.1368,0.1368,12
2018-02-12 15:01:00,0.13694,0.13694,0.1369,0.1369,5
2018-02-12 15:02:00,0.1372,0.1372,0.13694,0.13694,8
2018-02-12 15:03:00,0.1372,0.13726,0.13714,0.13714,7
2018-02-12 15:04:00,0.13704,0.1371,0.137,0.1371,5
2018-02-12 15:05:00,0.1371,0.1371,0.1371,0.1371,1
2018-02-12 15:07:00,0.137,0.13704,0.137,0.13704,2
2018-02-12 15:08:00,0.1369,0.13696,0.1369,0.1369,3
2018-02-12 15:09:00,0.1368,0.1369,0.1368,0.1368,7
2018-02-12 15:10:00,0.1371,0.1371,0.13686,0.13686,9
2018-02-12 15:11:00,0.1372,0.13724,0.13704,0.13704,9
2018-02-12 15:13:00,0.1373,0.1373,0.1372,0.13724,9
2018-02-12 15:14:00,0.1373,0.1374,0.13724,0.13732,10
2018-02-12 15:15:00,0.1373,0.1373,0.1372,0.13724,11
2018-02-12 15:16:00,0.1374,0.1374,0.1373,0.13734,4
2018-02-12 15:17:00,0.1374,0.1374,0.1373,0.1373,6
2018-02-12 15:18:00,0.1374,0.1375,0.1374,0.1375,2
2018-02-12 15:19:00,0.1373,0.13736,0.1373,0.1373,5
2018-02-12 15:20:00,0.13734,0.13734,0.13734,0.13734,1
2018-02-12 15:21:00,0.1374,0.1374,0.1373,0.1373,2
2018-02-12 15:22:00,0.13734,0.1375,0.13734,0.1375,6
2018-02-12 15:23:00,0.1375,0.1375,0.1375,0.1375,1
2018-02-12 15:25:00,0.1375,0.1376,0.1375,0.1376,5
2018-02-12 15:26:00,0.13744,0.13744,0.13744,0.13744,1
2018-02-12 15:27:00,0.1375,0.13754,0.1374,0.13744,7
2018-02-12 15:28:00,0.1375,0.1376,0.1375,0.13754,7
2018-02-12 15:29:00,0.1376,0.1376,0.1376,0.1376,1
2018-02-12 15:30:00,0.1374,0.1375,0.1374,0.1375,3
2018-02-12 15:31:00,0.13744,0.1375,0.1374,0.13742,5
2018-02-12 15:32:00,0.1374,0.1374,0.13734,0.1374,3
2018-02-12 15:33:00,0.1372,0.13734,0.1372,0.13734,3
2018-02-12 15:34:00,0.1373,0.1373,0.1372,0.13726,5
2018-02-12 15:35:00,0.13736,0.13736,0.1372,0.1372,5
2018-02-12 15:36:00,0.1375,0.1375,0.1374,0.1375,16
2018-02-12 15:37:00,0.1375,0.1376,0.1375,0.13754,4
2018-02-12 15:38:00,0.1372,0.1374,0.1372,0.1374,7
2018-02-12 15:39:00,0.13724,0.1373,0.1372,0.1373,5
2018-02-12 15:40:00,0.1373,0.13736,0.1373,0.1373,4
2018-02-12 15:41:00,0.1372,0.13724,0.1372,0.13724,4
2018-02-12 15:43:00,0.1373,0.1373,0.13726,0.13726,2
2018-02-12 15:44:00,0.1373,0.1374,0.1373,0.13736,10
2018-02-12 15:45:00,0.1374,0.1374,0.1374,0.1374,1
2018-02-12 15:46:00,0.1373,0.1375,0.1373,0.1375,8
2018-02-12 15:48:00,0.1371,0.1373,0.1371,0.1372,11
2018-02-12 15:49:00,0.1372,0.1372,0.1372,0.1372,1
2018-02-12 15:50:00,0.1373,0.1373,0.13724,0.1373,3
2018-02-12 15:51:00,0.13716,0.1372,0.1371,0.1372,8
2018-02-12 15:52:00,0.1371,0.1371,0.1371,0.1371,1
2018-02-12 15:53:00,0.1373,0.1374,0.13706,0.13706,8
2018-02-12 15:54:00,0.1375,0.1375,0.13734,0.13734,9
2018-02-12 15:55:00,0.1375,0.1376,0.13744,0.13744,12
2018-02-12 15:57:00,0.1374,0.13744,0.13734,0.13744,4
2018-02-12 15:58:00,0.1373,0.1373,0.1373,0.1373,1
2018-02-12 15:59:00,0.1374,0.1374,0.1373,0.13736,4
2018-02-12 16:00:00,0.13716,0.1374,0.13716,0.13734,6
2018-02-12 16:01:00,0.1371,0.1372,0.13706,0.1371,7
2018-02-12 16:02:00,0.1372,0.1372,0.1372,0.1372,1
2018-02-12 16:03:00,0.1372,0.1372,0.13716,0.13716,2
2018-02-12 16:05:00,0.1373,0.1374,0.13726,0.13726,6
2018-02-12 16:06:00,0.1375,0.1375,0.1374,0.1374,2
2018-02-12 16:11:00,0.1372,0.13744,0.1372,0.13744,9
2018-02-12 16:12:00,0.1373,0.13736,0.1373,0.1373,5
2018-02-12 16:13:00,0.1373,0.13736,0.1372,0.13736,9
2018-02-12 16:14:00,0.1372,0.1373,0.1372,0.13726,4
2018-02-12 16:15:00,0.1372,0.13726,0.1372,0.13726,6
2018-02-12 16:16:00,0.1373,0.1374,0.1373,0.1373,5
2018-02-12 16:17:00,0.13736,0.1374,0.1373,0.13736,8
2018-02-12 16:18:00,0.1373,0.1373,0.1373,0.1373,1
2018-02-12 16:23:00,0.1372,0.1372,0.1372,0.1372,1
2018-02-12 16:24:00,0.1372,0.1373,0.1371,0.13716,9
2018-02-12 16:26:00,0.1373,0.1373,0.1373,0.1373,1
2018-02-12 16:27:00,0.1372,0.13726,0.1372,0.1372,3
2018-02-12 16:28:00,0.1371,0.1371,0.1371,0.1371,1
2018-02-12 16:29:00,0.13704,0.13704,0.13704,0.13704,2
2018-02-12 16:30:00,0.1371,0.1372,0.137,0.1371,9
2018-02-12 16:31:00,0.1372,0.1372,0.1371,0.1372,6
2018-02-12 16:35:00,0.1371,0.1372,0.1371,0.13716,6
2018-02-12 16:37:00,0.137,0.137,0.137,0.137,1
2018-02-12 16:38:00,0.137,0.137,0.13694,0.13694,2
2018-02-12 16:39:00,0.1369,0.1369,0.1369,0.1369,1
2018-02-12 16:40:00,0.137,0.137,0.1369,0.137,5
2018-02-12 16:41:00,0.1369,0.13694,0.1369,0.13694,2
2018-02-12 16:43:00,0.1365,0.1368,0.13638,0.1368,14
2018-02-12 16:44:00,0.1365,0.13652,0.13638,0.1364,19
2018-02-12 16:45:00,0.1367,0.1368,0.1366,0.1366,12
2018-02-12 16:46:00,0.1368,0.1368,0.1367,0.13676,12
2018-02-12 16:47:00,0.1368,0.1368,0.1367,0.13676,4
2018-02-12 16:48:00,0.1369,0.137,0.1369,0.1369,5
2018-02-12 16:49:00,0.1369,0.137,0.1369,0.13696,6
2018-02-12 16:50:00,0.137,0.1371,0.1369,0.13696,18
2018-02-12 16:51:00,0.137,0.13702,0.1369,0.13702,5
2018-02-12 16:52:00,0.1368,0.13694,0.1368,0.13694,3
2018-02-12 16:53:00,0.1368,0.1369,0.1368,0.1369,7
2018-02-12 16:54:00,0.13686,0.13686,0.1368,0.13682,5
2018-02-12 16:55:00,0.1369,0.1369,0.13684,0.13684,3
2018-02-12 16:56:00,0.1366,0.13686,0.1366,0.13686,14
2018-02-12 16:57:00,0.1367,0.13676,0.1367,0.1367,3
2018-02-12 16:58:00,0.1368,0.1368,0.13676,0.13676,2
2018-02-12 16:59:00,0.1368,0.1368,0.13676,0.13676,2
2018-02-12 17:00:00,0.1368,0.1368,0.13676,0.13676,2
2018-02-12 17:01:00,0.137,0.137,0.13686,0.13686,7
2018-02-12 17:03:00,0.1367,0.1369,0.1367,0.1369,13
2018-02-12 17:04:00,0.1364,0.13672,0.1364,0.13672,22
2018-02-12 17:05:00,0.1364,0.1366,0.1364,0.13642,15
2018-02-12 17:06:00,0.1362,0.1364,0.1362,0.1363,23
2018-02-12 17:07:00,0.1364,0.1364,0.1362,0.13622,13
2018-02-12 17:08:00,0.1361,0.13634,0.1361,0.13634,21
2018-02-12 17:09:00,0.1359,0.1362,0.1356,0.1362,29
2018-02-12 17:10:00,0.1357,0.1359,0.1357,0.13586,20
2018-02-12 17:11:00,0.13606,0.1361,0.1357,0.1358,24
2018-02-12 17:12:00,0.136,0.1361,0.136,0.1361,12
2018-02-12 17:15:00,0.1363,0.1363,0.13608,0.13608,3
2018-02-12 17:16:00,0.13634,0.1365,0.1363,0.13636,14
2018-02-12 17:17:00,0.13624,0.13628,0.13624,0.13628,3
2018-02-12 17:18:00,0.1361,0.1362,0.1361,0.1362,2
2018-02-12 17:20:00,0.13596,0.136,0.13596,0.136,8
2018-02-12 17:21:00,0.136,0.136,0.136,0.136,1
2018-02-12 17:22:00,0.13626,0.1363,0.1361,0.1361,5
2018-02-12 17:23:00,0.1364,0.1364,0.13626,0.13628,10
2018-02-12 17:24:00,0.13658,0.13658,0.1365,0.1365,2
2018-02-12 17:25:00,0.13634,0.1365,0.13634,0.1365,3
2018-02-12 17:26:00,0.1362,0.1362,0.1361,0.1362,10
2018-02-12 17:27:00,0.1358,0.13614,0.1357,0.13614,30
2018-02-12 17:28:00,0.1359,0.136,0.13586,0.13586,16
2018-02-12 17:29:00,0.1358,0.136,0.1358,0.13592,9
2018-02-12 17:30:00,0.1357,0.13588,0.1357,0.13586,5
2018-02-12 17:31:00,0.1357,0.1358,0.1357,0.13578,12
2018-02-12 17:32:00,0.1357,0.1357,0.13562,0.13562,6
2018-02-12 17:33:00,0.13562,0.1358,0.1356,0.1358,15
2018-02-12 17:34:00,0.13568,0.13568,0.13568,0.13568,1
2018-02-12 17:35:00,0.13572,0.13576,0.13562,0.13572,9
2018-02-12 17:36:00,0.13562,0.13572,0.13562,0.13564,12
2018-02-12 17:37:00,0.13566,0.13572,0.13566,0.13572,2
2018-02-12 17:38:00,0.13562,0.13572,0.13562,0.13572,11
2018-02-12 17:39:00,0.13552,0.13572,0.13552,0.13568,8
2018-02-12 17:40:00,0.13562,0.13562,0.13552,0.13556,9
2018-02-12 17:41:00,0.13562,0.13562,0.13552,0.13554,6
2018-02-12 17:42:00,0.13552,0.13562,0.13552,0.13556,5
2018-02-12 17:43:00,0.13546,0.13556,0.13542,0.13556,14
2018-02-12 17:44:00,0.13562,0.13562,0.13552,0.13552,8
2018-02-12 17:45:00,0.13572,0.13572,0.13562,0.13562,7
2018-02-12 17:46:00,0.136,0.136,0.13562,0.13564,20
2018-02-12 17:47:00,0.1358,0.13596,0.1358,0.13596,13
2018-02-12 17:48:00,0.1359,0.136,0.13586,0.13586,7
2018-02-12 17:49:00,0.1362,0.1362,0.13596,0.13596,16
2018-02-12 17:50:00,0.1363,0.1363,0.1362,0.13622,8
2018-02-12 17:51:00,0.1365,0.1365,0.13636,0.13636,13
2018-02-12 17:52:00,0.1366,0.1366,0.1365,0.13656,8
2018-02-12 17:53:00,0.1365,0.1367,0.1365,0.13662,22
2018-02-12 17:54:00,0.1368,0.1369,0.1365,0.13656,22
2018-02-12 17:55:00,0.1367,0.1368,0.1366,0.13676,25
2018-02-12 17:56:00,0.1365,0.1366,0.13648,0.1366,7
2018-02-12 17:57:00,0.1364,0.13646,0.13638,0.13646,4
2018-02-12 17:58:00,0.13626,0.1363,0.1362,0.1363,3
2018-02-12 17:59:00,0.13626,0.13626,0.1362,0.13626,5
2018-02-13 08:30:00,0.13598,0.13604,0.13584,0.13598,8
2018-02-13 08:31:00,0.13594,0.13604,0.13574,0.13604,10
2018-02-13 08:32:00,0.13594,0.13594,0.13584,0.13586,10
2018-02-13 08:33:00,0.13584,0.13584,0.13584,0.13584,1
2018-02-13 08:35:00,0.13594,0.13594,0.13574,0.13578,5
2018-02-13 08:38:00,0.13614,0.13614,0.13604,0.13604,3
2018-02-13 08:40:00,0.13608,0.13608,0.13604,0.13604,2
2018-02-13 08:41:00,0.13624,0.13624,0.13614,0.13614,2
2018-02-13 08:42:00,0.13634,0.13634,0.13628,0.13628,4
2018-02-13 08:45:00,0.13634,0.13634,0.13624,0.13624,8
2018-02-13 08:46:00,0.13624,0.13634,0.13624,0.13628,4
2018-02-13 08:48:00,0.13634,0.13634,0.13628,0.13628,2
2018-02-13 08:50:00,0.13628,0.13628,0.13626,0.13628,3
2018-02-13 08:51:00,0.13624,0.13628,0.13624,0.13626,3
2018-02-13 08:53:00,0.13614,0.13624,0.13614,0.13616,12
2018-02-13 08:55:00,0.13604,0.13608,0.13604,0.13608,2
2018-02-13 08:56:00,0.13594,0.13594,0.13584,0.13594,6
2018-02-13 08:57:00,0.13588,0.13588,0.13588,0.13588,1
2018-02-13 08:59:00,0.13584,0.13588,0.13584,0.13584,3
2018-02-13 09:00:00,0.13594,0.13594,0.13588,0.13594,3
2018-02-13 09:01:00,0.13598,0.13604,0.13596,0.13598,9
2018-02-13 09:02:00,0.13588,0.13604,0.13588,0.13604,4
2018-02-13 09:04:00,0.13584,0.13584,0.13584,0.13584,1
2018-02-13 09:05:00,0.13574,0.13588,0.13574,0.13588,5
2018-02-13 09:07:00,0.13558,0.13574,0.13558,0.13566,19
2018-02-13 09:08:00,0.13568,0.13574,0.13564,0.13564,3
2018-02-13 09:09:00,0.13564,0.13574,0.13564,0.13564,4
2018-02-13 09:10:00,0.13564,0.13574,0.13564,0.13566,6
2018-02-13 09:12:00,0.13574,0.13584,0.13568,0.13574,15
2018-02-13 09:13:00,0.13584,0.13584,0.13574,0.13576,10
2018-02-13 09:14:00,0.13578,0.13578,0.13574,0.13578,9
2018-02-13 09:15:00,0.13574,0.13584,0.13574,0.13574,11
2018-02-13 09:17:00,0.13578,0.13584,0.13578,0.1358,3
2018-02-13 09:18:00,0.13584,0.13584,0.13578,0.13584,7
2018-02-13 09:19:00,0.13584,0.13584,0.13578,0.13578,4
2018-02-13 09:20:00,0.13576,0.13578,0.13574,0.13578,3
2018-02-13 09:21:00,0.13584,0.13584,0.1358,0.1358,2
2018-02-13 09:22:00,0.13578,0.13584,0.13574,0.13576,5
2018-02-13 09:24:00,0.13574,0.13574,0.13574,0.13574,1
2018-02-13 09:25:00,0.13554,0.13564,0.13554,0.13564,3
2018-02-13 09:26:00,0.13554,0.13558,0.13554,0.13558,2
2018-02-13 09:27:00,0.13554,0.13564,0.13554,0.13558,3
2018-02-13 09:29:00,0.13528,0.13554,0.13524,0.13544,14
2018-02-13 09:30:00,0.13544,0.13544,0.13534,0.13534,8
2018-02-13 09:31:00,0.13534,0.13538,0.13534,0.13538,2
2018-02-13 09:32:00,0.13534,0.13534,0.13524,0.13524,5
2018-02-13 09:33:00,0.13508,0.13528,0.13504,0.13528,8
2018-02-13 09:34:00,0.13514,0.13514,0.13504,0.13504,6
2018-02-13 09:35:00,0.13504,0.13514,0.13504,0.13504,4
2018-02-13 09:39:00,0.135,0.13504,0.13494,0.13498,5
2018-02-13 09:40:00,0.135,0.13504,0.135,0.13504,4
2018-02-13 09:41:00,0.13514,0.13514,0.13504,0.13504,7
2018-02-13 09:42:00,0.13504,0.13508,0.13504,0.13508,2
2018-02-13 09:43:00,0.13504,0.13514,0.13504,0.13514,2
2018-02-13 09:44:00,0.13504,0.13508,0.135,0.135,8
2018-02-13 09:48:00,0.13504,0.13514,0.13504,0.1351,13
2018-02-13 09:49:00,0.13474,0.135,0.13464,0.135,22
2018-02-13 09:50:00,0.1347,0.1348,0.1347,0.1348,10
2018-02-13 09:51:00,0.13474,0.13474,0.1347,0.13474,3
2018-02-13 09:53:00,0.13474,0.13484,0.13464,0.1347,15
2018-02-13 09:54:00,0.13474,0.13484,0.1347,0.1348,14
2018-02-13 09:55:00,0.1348,0.1348,0.1347,0.1347,3
2018-02-13 09:56:00,0.1348,0.13484,0.13474,0.13474,6
2018-02-13 09:57:00,0.13484,0.13484,0.13474,0.13474,7
2018-02-13 09:58:00,0.1349,0.13494,0.1349,0.1349,3
2018-02-13 09:59:00,0.1349,0.13494,0.1349,0.13494,2
2018-02-13 10:00:00,0.13474,0.13484,0.13474,0.13484,2
2018-02-13 10:02:00,0.13474,0.13484,0.13474,0.1348,4
2018-02-13 10:04:00,0.13474,0.13474,0.13464,0.13468,3
2018-02-13 10:05:00,0.1347,0.1347,0.13464,0.1347,7
2018-02-13 10:07:00,0.1347,0.13474,0.1347,0.13474,2
2018-02-13 10:10:00,0.1349,0.13494,0.13474,0.13474,9
2018-02-13 10:11:00,0.13494,0.13494,0.13494,0.13494,1
2018-02-13 10:12:00,0.13496,0.13496,0.13484,0.1349,9
2018-02-13 10:15:00,0.13494,0.13504,0.13494,0.13504,7
2018-02-13 10:22:00,0.13504,0.13504,0.13504,0.13504,1
2018-02-13 10:25:00,0.13494,0.13494,0.13494,0.13494,1
2018-02-13 10:27:00,0.13484,0.13488,0.13484,0.13488,2
2018-02-13 10:28:00,0.13494,0.135,0.13484,0.1349,7
2018-02-13 10:30:00,0.13504,0.13504,0.13504,0.13504,1
2018-02-13 10:31:00,0.13514,0.13514,0.13504,0.1351,4
2018-02-13 10:33:00,0.13504,0.13504,0.13504,0.13504,1
2018-02-13 10:34:00,0.13494,0.13494,0.1349,0.13494,3
2018-02-13 10:36:00,0.1349,0.1349,0.1349,0.1349,1
2018-02-13 10:37:00,0.13494,0.13494,0.13484,0.13484,3
2018-02-13 10:38:00,0.1349,0.13494,0.1349,0.1349,3
2018-02-13 10:39:00,0.1349,0.13494,0.1349,0.13494,2
2018-02-13 10:40:00,0.1349,0.13494,0.13488,0.13494,6
2018-02-13 10:41:00,0.1349,0.1349,0.13484,0.13484,2
2018-02-13 10:42:00,0.13484,0.1349,0.13484,0.13484,3
2018-02-13 10:46:00,0.1349,0.13494,0.13484,0.13494,7
2018-02-13 10:48:00,0.1349,0.13494,0.13484,0.13494,4
2018-02-13 10:49:00,0.13484,0.13484,0.13484,0.13484,1
2018-02-13 10:51:00,0.13494,0.13494,0.13494,0.13494,1
2018-02-13 10:52:00,0.13484,0.1349,0.13484,0.13488,3
2018-02-13 10:53:00,0.13484,0.13494,0.13484,0.13494,3
2018-02-13 11:00:00,0.13494,0.13494,0.13494,0.13494,1
2018-02-13 11:02:00,0.13484,0.1349,0.13484,0.1349,2
2018-02-13 11:06:00,0.13474,0.13478,0.13474,0.13478,2
2018-02-13 11:17:00,0.13474,0.13474,0.13472,0.13472,2
2018-02-13 11:23:00,0.13474,0.13474,0.1347,0.1347,2
2018-02-13 11:25:00,0.1347,0.1347,0.1347,0.1347,1
2018-02-13 11:26:00,0.13464,0.1347,0.13464,0.13464,3
2018-02-13 11:27:00,0.13458,0.13458,0.13458,0.13458,1
2018-02-13 11:28:00,0.13424,0.13452,0.13424,0.13452,8
2018-02-13 11:29:00,0.1343,0.13434,0.13414,0.13434,10
2018-02-13 11:30:00,0.13444,0.13444,0.13434,0.13434,2
2018-02-13 11:31:00,0.13444,0.13444,0.1344,0.1344,2
2018-02-13 11:32:00,0.1342,0.13434,0.1342,0.13434,5
2018-02-13 11:33:00,0.13414,0.13414,0.1341,0.1341,2
2018-02-13 11:34:00,0.1341,0.1341,0.13404,0.13408,5
2018-02-13 11:35:00,0.1341,0.13414,0.1341,0.13414,2
2018-02-13 11:36:00,0.13414,0.13414,0.13414,0.13414,1
2018-02-13 11:37:00,0.1342,0.1342,0.1342,0.1342,1
2018-02-13 11:38:00,0.1341,0.13424,0.13404,0.13424,7
2018-02-13 11:39:00,0.13414,0.13414,0.1341,0.13414,3
2018-02-13 11:40:00,0.1341,0.13414,0.13404,0.13404,3
2018-02-13 11:41:00,0.13414,0.13414,0.1341,0.13414,3
2018-02-13 11:42:00,0.13414,0.13414,0.1341,0.1341,2
2018-02-13 11:43:00,0.1341,0.1341,0.1341,0.1341,1
2018-02-13 11:44:00,0.13414,0.13424,0.13414,0.13424,2
2018-02-13 11:45:00,0.13414,0.1342,0.13414,0.1342,2
2018-02-13 11:46:00,0.1342,0.13424,0.13414,0.1342,5
2018-02-13 11:47:00,0.13424,0.13424,0.13424,0.13424,1
2018-02-13 11:48:00,0.13434,0.13434,0.13432,0.13432,2
2018-02-13 11:50:00,0.1344,0.13444,0.1344,0.13442,3
2018-02-13 11:51:00,0.13444,0.13444,0.1344,0.13444,3
2018-02-13 11:52:00,0.1344,0.13444,0.13434,0.13438,4
2018-02-13 11:53:00,0.13434,0.13444,0.13434,0.13434,17
2018-02-13 11:55:00,0.1344,0.13444,0.13434,0.13444,3
2018-02-13 11:56:00,0.13444,0.13444,0.13444,0.13444,1
2018-02-13 11:58:00,0.13444,0.13454,0.13444,0.13446,6
2018-02-13 12:01:00,0.13454,0.13454,0.13454,0.13454,1
2018-02-13 12:03:00,0.13444,0.13444,0.13444,0.13444,1
2018-02-13 12:06:00,0.13434,0.13444,0.13434,0.13434,7
2018-02-13 12:10:00,0.13444,0.13444,0.13434,0.13444,6
2018-02-13 12:12:00,0.13434,0.1344,0.13434,0.1344,2
2018-02-13 12:13:00,0.13434,0.13434,0.13434,0.13434,1
2018-02-13 12:14:00,0.1343,0.13434,0.1343,0.13434,2
2018-02-13 12:15:00,0.13414,0.13424,0.13414,0.13424,5
2018-02-13 12:18:00,0.13434,0.13434,0.13424,0.13424,2
2018-02-13 12:19:00,0.1344,0.13444,0.1344,0.13442,3
2018-02-13 12:20:00,0.1343,0.13444,0.1343,0.13434,8
2018-02-13 12:21:00,0.13434,0.13434,0.13434,0.13434,1
2018-02-13 12:23:00,0.13424,0.13424,0.13424,0.13424,1
2018-02-13 12:24:00,0.13434,0.13434,0.13434,0.13434,1
2018-02-13 12:26:00,0.1344,0.1344,0.1344,0.1344,1
2018-02-13 12:27:00,0.13444,0.13444,0.13444,0.13444,1
2018-02-13 12:28:00,0.1345,0.1345,0.1345,0.1345,1
2018-02-13 12:29:00,0.13444,0.1345,0.13434,0.13444,5
2018-02-13 12:31:00,0.13452,0.13452,0.13452,0.13452,1
2018-02-13 12:32:00,0.13484,0.13484,0.13464,0.13464,6
2018-02-13 12:33:00,0.13474,0.13484,0.13474,0.13482,7
2018-02-13 12:34:00,0.13454,0.13464,0.13454,0.13464,2
2018-02-13 12:36:00,0.13464,0.13464,0.13464,0.13464,1
2018-02-13 12:37:00,0.13454,0.13464,0.13454,0.1346,4
2018-02-13 12:38:00,0.13464,0.13464,0.13464,0.13464,1
2018-02-13 12:44:00,0.13454,0.13462,0.13454,0.13454,7
2018-02-13 12:45:00,0.13454,0.13454,0.1345,0.1345,2
2018-02-13 12:51:00,0.13464,0.13464,0.13464,0.13464,1
2018-02-13 12:57:00,0.13504,0.13504,0.13474,0.13474,8
2018-02-13 12:58:00,0.13524,0.13524,0.13512,0.13512,12
2018-02-13 12:59:00,0.1352,0.1352,0.1352,0.1352,1
2018-02-13 13:00:00,0.1352,0.13524,0.13514,0.13524,9
2018-02-13 13:01:00,0.1352,0.13524,0.13514,0.13524,24
2018-02-13 13:02:00,0.13514,0.13524,0.13514,0.13524,14
2018-02-13 13:04:00,0.13524,0.13524,0.13524,0.13524,1
2018-02-13 13:05:00,0.13524,0.13524,0.1352,0.13522,6
2018-02-13 13:06:00,0.13504,0.13514,0.13504,0.13514,2
2018-02-13 13:07:00,0.13514,0.13524,0.13484,0.13494,16
2018-02-13 13:08:00,0.13514,0.1352,0.13508,0.1352,8
2018-02-13 13:09:00,0.135,0.13514,0.135,0.1351,19
2018-02-13 13:10:00,0.1351,0.13514,0.13494,0.13494,6
2018-02-13 13:11:00,0.13514,0.13514,0.13514,0.13514,1
2018-02-13 13:12:00,0.13522,0.13522,0.13522,0.13522,1
2018-02-13 13:13:00,0.1355,0.13554,0.13526,0.13526,9
2018-02-13 13:14:00,0.13544,0.13554,0.13534,0.13544,7
2018-02-13 13:15:00,0.13544,0.13544,0.13534,0.13534,3
2018-02-13 13:17:00,0.13534,0.13538,0.13534,0.13538,2
2018-02-13 13:19:00,0.13524,0.13544,0.13524,0.1354,14
2018-02-13 13:20:00,0.135,0.13518,0.13494,0.13518,17
2018-02-13 13:21:00,0.13494,0.13494,0.13494,0.13494,1
2018-02-13 13:24:00,0.13474,0.13484,0.13468,0.13484,5
2018-02-13 13:25:00,0.13454,0.13474,0.13454,0.13472,12
2018-02-13 13:26:00,0.13464,0.13464,0.1346,0.13464,3
2018-02-13 13:28:00,0.13454,0.13458,0.13454,0.13458,2
2018-02-13 13:29:00,0.13464,0.13464,0.13454,0.1346,5
2018-02-13 13:30:00,0.13454,0.1347,0.13454,0.13466,10
2018-02-13 13:31:00,0.13444,0.1345,0.13444,0.1345,4
2018-02-13 13:32:00,0.13444,0.13444,0.13434,0.13438,7
2018-02-13 13:34:00,0.13434,0.13434,0.13424,0.13434,6
2018-02-13 13:36:00,0.13434,0.13444,0.13434,0.13444,7
2018-02-13 13:37:00,0.13424,0.13444,0.13416,0.13444,7
2018-02-13 13:38:00,0.13424,0.13424,0.13416,0.13416,3
2018-02-13 13:39:00,0.1342,0.1342,0.1342,0.1342,1
2018-02-13 13:40:00,0.13416,0.13424,0.13416,0.13424,6
2018-02-13 13:42:00,0.13416,0.13426,0.13416,0.13426,3
2018-02-13 13:45:00,0.13406,0.13406,0.13396,0.13406,7
2018-02-13 13:50:00,0.13396,0.13396,0.13396,0.13396,1
2018-02-13 13:51:00,0.13376,0.13384,0.13368,0.13384,6
2018-02-13 13:52:00,0.1338,0.13386,0.13378,0.13382,6
2018-02-13 13:53:00,0.13386,0.13386,0.13376,0.13376,11
2018-02-13 13:54:00,0.1338,0.13386,0.13376,0.1338,5
2018-02-13 13:55:00,0.13376,0.1338,0.13376,0.13376,5
2018-02-13 13:57:00,0.13366,0.1337,0.13356,0.1337,30
2018-02-13 13:58:00,0.13376,0.13376,0.13364,0.13364,4
2018-02-13 13:59:00,0.13376,0.13376,0.1337,0.1337,2
2018-02-13 14:00:00,0.13366,0.13376,0.13366,0.13374,11
2018-02-13 14:01:00,0.13376,0.13376,0.13366,0.13372,8
2018-02-13 14:03:00,0.13376,0.13376,0.13366,0.13374,6
2018-02-13 14:04:00,0.13376,0.13386,0.13368,0.1337,10
2018-02-13 14:05:00,0.13386,0.13386,0.13376,0.1338,9
2018-02-13 14:06:00,0.1338,0.13386,0.1338,0.1338,3
2018-02-13 14:07:00,0.1338,0.13386,0.13376,0.13376,3
2018-02-13 14:08:00,0.13376,0.13376,0.13376,0.13376,1
2018-02-13 14:09:00,0.13386,0.13386,0.13376,0.13386,5
2018-02-13 14:10:00,0.13386,0.13386,0.13386,0.13386,2
2018-02-13 14:11:00,0.13396,0.13396,0.13386,0.13396,4
2018-02-13 14:12:00,0.13396,0.13396,0.13386,0.13386,5
2018-02-13 14:13:00,0.13396,0.13396,0.1339,0.1339,2
2018-02-13 14:14:00,0.13386,0.1339,0.13386,0.1339,2
2018-02-13 14:15:00,0.1338,0.1338,0.13376,0.13376,4
2018-02-13 14:17:00,0.13366,0.1338,0.13366,0.13376,10
2018-02-13 14:19:00,0.13356,0.13356,0.13356,0.13356,1
2018-02-13 14:20:00,0.13346,0.13348,0.13336,0.13348,16
2018-02-13 14:21:00,0.13342,0.13342,0.13326,0.13336,9
2018-02-13 14:22:00,0.13346,0.13348,0.13346,0.13348,2
2018-02-13 14:23:00,0.13338,0.13338,0.13338,0.13338,1
2018-02-13 14:24:00,0.13336,0.13346,0.13336,0.13346,4
2018-02-13 14:25:00,0.13336,0.13346,0.13336,0.13342,5
2018-02-13 14:26:00,0.13336,0.13336,0.13326,0.13326,2
2018-02-13 14:27:00,0.13356,0.13356,0.13342,0.13342,5
2018-02-13 14:28:00,0.13386,0.13386,0.13362,0.13362,4
2018-02-13 14:29:00,0.13386,0.13386,0.13384,0.13384,2
2018-02-13 14:30:00,0.13396,0.13396,0.13396,0.13396,1
2018-02-13 14:32:00,0.13386,0.13386,0.13386,0.13386,1
2018-02-13 14:33:00,0.13376,0.13376,0.13376,0.13376,1
2018-02-13 14:34:00,0.13356,0.13368,0.13356,0.13368,6
2018-02-13 14:35:00,0.13356,0.13366,0.13356,0.13366,2
2018-02-13 14:37:00,0.13346,0.13346,0.13346,0.13346,1
2018-02-13 14:39:00,0.13336,0.13338,0.13336,0.13338,2
2018-02-13 14:40:00,0.13346,0.13356,0.13346,0.13346,3
2018-02-13 14:41:00,0.13326,0.13336,0.13326,0.13336,4
2018-02-13 14:42:00,0.13326,0.13336,0.13326,0.13336,6
2018-02-13 14:43:00,0.13336,0.13336,0.13336,0.13336,1
2018-02-13 14:44:00,0.1333,0.13336,0.13326,0.13326,3
2018-02-13 14:45:00,0.13326,0.13326,0.13326,0.13326,1
2018-02-13 14:49:00,0.13326,0.13346,0.13326,0.13332,5
2018-02-13 14:51:00,0.13342,0.13342,0.13336,0.13336,2
2018-02-13 14:52:00,0.13346,0.13356,0.13346,0.13356,2
2018-02-13 14:53:00,0.13336,0.13336,0.13336,0.13336,1
2018-02-13 14:54:00,0.13336,0.13346,0.13336,0.13346,8
2018-02-13 14:55:00,0.13346,0.13346,0.1334,0.1334,2
2018-02-13 14:57:00,0.13336,0.13336,0.13336,0.13336,1
2018-02-13 14:58:00,0.13326,0.13326,0.13326,0.13326,1
2018-02-13 14:59:00,0.13326,0.13336,0.13326,0.13336,3
2018-02-13 15:00:00,0.13326,0.1333,0.13326,0.1333,2
2018-02-13 15:01:00,0.13336,0.13336,0.13336,0.13336,1
2018-02-13 15:02:00,0.13326,0.13326,0.13326,0.13326,1
2018-02-13 15:03:00,0.13336,0.13336,0.13336,0.13336,1
2018-02-13 15:05:00,0.13346,0.13346,0.13346,0.13346,1
2018-02-13 15:06:00,0.1335,0.13356,0.13346,0.13356,10
2018-02-13 15:07:00,0.13346,0.13356,0.13346,0.13346,5
2018-02-13 15:08:00,0.13338,0.13338,0.13338,0.13338,1
2018-02-13 15:10:00,0.13336,0.13346,0.13336,0.13346,2
2018-02-13 15:14:00,0.13336,0.13336,0.13326,0.13326,4
2018-02-13 15:17:00,0.13346,0.13346,0.13346,0.13346,1
2018-02-13 15:20:00,0.13336,0.13336,0.13336,0.13336,1
2018-02-13 15:21:00,0.13326,0.13326,0.13326,0.13326,1
2018-02-13 15:22:00,0.1332,0.1332,0.1332,0.1332,1
2018-02-13 15:23:00,0.13316,0.13326,0.1331,0.13326,4
2018-02-13 15:24:00,0.13316,0.13316,0.1331,0.1331,2
2018-02-13 15:25:00,0.13316,0.13316,0.1331,0.1331,4
2018-02-13 15:26:00,0.13316,0.13316,0.1331,0.1331,4
2018-02-13 15:27:00,0.13316,0.13316,0.13306,0.13306,5
2018-02-13 15:28:00,0.13306,0.1331,0.13306,0.13306,6
2018-02-13 15:29:00,0.13296,0.133,0.13296,0.133,2
2018-02-13 15:30:00,0.13296,0.13302,0.13296,0.13302,3
2018-02-13 15:31:00,0.13296,0.13296,0.13286,0.1329,20
2018-02-13 15:32:00,0.13296,0.13296,0.13286,0.13286,4
2018-02-13 15:34:00,0.13306,0.13306,0.13306,0.13306,1
2018-02-13 15:35:00,0.13336,0.13336,0.13316,0.13316,3
2018-02-13 15:36:00,0.13356,0.13366,0.13346,0.13346,18
2018-02-13 15:37:00,0.13346,0.13362,0.13346,0.1336,10
2018-02-13 15:38:00,0.13366,0.13366,0.1335,0.13352,13
2018-02-13 15:39:00,0.13376,0.13386,0.13366,0.13372,16
2018-02-13 15:40:00,0.13356,0.1337,0.13356,0.1337,4
2018-02-13 15:41:00,0.13376,0.13376,0.1336,0.13362,8
2018-02-13 15:42:00,0.13376,0.13386,0.13376,0.1338,6
2018-02-13 15:43:00,0.13366,0.1337,0.1336,0.1337,8
2018-02-13 15:44:00,0.13366,0.13366,0.1336,0.1336,2
2018-02-13 15:45:00,0.13356,0.1336,0.13356,0.1336,2
2018-02-13 15:46:00,0.13366,0.13366,0.13366,0.13366,1
2018-02-13 15:47:00,0.13396,0.13396,0.1336,0.1336,7
2018-02-13 15:48:00,0.13386,0.1339,0.1338,0.1339,4
2018-02-13 15:49:00,0.13396,0.13396,0.13384,0.13384,4
2018-02-13 15:50:00,0.13396,0.13396,0.1338,0.13388,10
2018-02-13 15:51:00,0.13386,0.1339,0.13386,0.13388,10
2018-02-13 15:53:00,0.13376,0.13386,0.13366,0.1338,9
2018-02-13 15:54:00,0.13346,0.13366,0.13346,0.13366,10
2018-02-13 15:55:00,0.1333,0.1334,0.13326,0.1334,25
2018-02-13 15:56:00,0.13346,0.13346,0.13326,0.13336,19
2018-02-13 15:57:00,0.13336,0.13346,0.13336,0.13344,6
2018-02-13 15:58:00,0.13336,0.1334,0.13336,0.1334,3
2018-02-13 15:59:00,0.13336,0.1334,0.13336,0.1334,2
2018-02-13 16:02:00,0.13346,0.13346,0.13336,0.1334,4
2018-02-13 16:03:00,0.13356,0.13366,0.13356,0.13356,6
2018-02-13 16:04:00,0.13346,0.1335,0.13336,0.13346,6
2018-02-13 16:05:00,0.13336,0.1334,0.13336,0.1334,2
2018-02-13 16:06:00,0.13326,0.13326,0.13326,0.13326,1
2018-02-13 16:10:00,0.13316,0.1332,0.13316,0.1332,2
2018-02-13 16:12:00,0.13316,0.13316,0.13314,0.13314,2
2018-02-13 16:13:00,0.13316,0.13316,0.1331,0.1331,2
2018-02-13 16:14:00,0.1331,0.1331,0.1331,0.1331,1
2018-02-13 16:15:00,0.13316,0.13316,0.13316,0.13316,1
2018-02-13 16:18:00,0.13316,0.1332,0.13316,0.1332,18
2018-02-13 16:20:00,0.13306,0.13306,0.13306,0.13306,1
2018-02-13 16:21:00,0.13316,0.13316,0.13306,0.1331,6
2018-02-13 16:22:00,0.13316,0.13316,0.13306,0.1331,7
2018-02-13 16:23:00,0.13306,0.13316,0.13306,0.1331,7
2018-02-13 16:24:00,0.13306,0.1331,0.13306,0.1331,2
2018-02-13 16:25:00,0.13336,0.13336,0.13316,0.13316,8
2018-02-13 16:27:00,0.13346,0.13346,0.13346,0.13346,1
2018-02-13 16:28:00,0.13356,0.13356,0.13356,0.13356,1
2018-02-13 16:29:00,0.13346,0.13356,0.13346,0.13346,3
2018-02-13 16:30:00,0.13356,0.13356,0.13346,0.13356,4
2018-02-13 16:31:00,0.13336,0.1335,0.13336,0.1335,5
2018-02-13 16:33:00,0.13326,0.13326,0.13326,0.13326,1
2018-02-13 16:35:00,0.13316,0.13326,0.13316,0.13316,5
2018-02-13 16:36:00,0.1331,0.1331,0.1331,0.1331,1
2018-02-13 16:37:00,0.1331,0.13316,0.13306,0.13316,11
2018-02-13 16:38:00,0.13316,0.13326,0.13306,0.13306,5
2018-02-13 16:39:00,0.13336,0.13336,0.1332,0.13326,8
2018-02-13 16:40:00,0.13316,0.1333,0.13316,0.1333,4
2018-02-13 16:42:00,0.13316,0.13316,0.13312,0.13312,2
2018-02-13 16:45:00,0.13306,0.13306,0.13306,0.13306,1
2018-02-13 16:46:00,0.13326,0.13326,0.13312,0.13312,2
2018-02-13 16:47:00,0.13336,0.13346,0.13332,0.13332,11
2018-02-13 16:48:00,0.13326,0.13336,0.13326,0.1333,4
2018-02-13 16:49:00,0.13336,0.13336,0.13334,0.13336,3
2018-02-13 16:50:00,0.13336,0.13336,0.1333,0.1333,6
2018-02-13 16:53:00,0.13346,0.13356,0.13342,0.13342,9
2018-02-13 16:54:00,0.1337,0.13376,0.1335,0.1335,5
2018-02-13 16:55:00,0.13366,0.13376,0.13366,0.13376,4
2018-02-13 16:57:00,0.13356,0.1336,0.13356,0.13356,3
2018-02-13 16:58:00,0.13356,0.1336,0.13356,0.1336,8
2018-02-13 16:59:00,0.13366,0.13366,0.1336,0.1336,2
2018-02-13 17:00:00,0.13366,0.1337,0.1336,0.1337,6
2018-02-13 17:01:00,0.13366,0.13376,0.13366,0.13376,3
2018-02-13 17:02:00,0.13376,0.13376,0.1337,0.1337,8
2018-02-13 17:03:00,0.13376,0.13376,0.1337,0.1337,4
2018-02-13 17:04:00,0.13396,0.13396,0.13366,0.13366,5
2018-02-13 17:05:00,0.13406,0.13406,0.13386,0.13402,13
2018-02-13 17:07:00,0.1339,0.134,0.13386,0.134,11
2018-02-13 17:08:00,0.1341,0.1341,0.13396,0.13396,3
2018-02-13 17:09:00,0.13406,0.1341,0.13406,0.13406,5
2018-02-13 17:10:00,0.13406,0.13416,0.134,0.13416,11
2018-02-13 17:12:00,0.13416,0.13416,0.1341,0.1341,4
2018-02-13 17:13:00,0.13406,0.13406,0.13406,0.13406,1
2018-02-13 17:14:00,0.134,0.13406,0.13396,0.134,9
2018-02-13 17:15:00,0.13396,0.13406,0.13386,0.13406,5
2018-02-13 17:16:00,0.1339,0.1339,0.1339,0.1339,1
2018-02-13 17:17:00,0.13376,0.13386,0.13376,0.13386,2
2018-02-13 17:18:00,0.13386,0.1339,0.13382,0.13382,4
2018-02-13 17:19:00,0.13386,0.13388,0.13386,0.13388,2
2018-02-13 17:20:00,0.13396,0.13396,0.13396,0.13396,1
2018-02-13 17:22:00,0.13402,0.13402,0.13402,0.13402,1
2018-02-13 17:23:00,0.13396,0.134,0.13396,0.13396,5
2018-02-13 17:24:00,0.1339,0.134,0.13386,0.134,14
2018-02-13 17:25:00,0.13396,0.134,0.1339,0.13396,5
2018-02-13 17:27:00,0.13406,0.13406,0.134,0.134,2
2018-02-13 17:28:00,0.13416,0.13416,0.13406,0.13416,8
2018-02-13 17:29:00,0.13426,0.13436,0.13422,0.13422,11
2018-02-13 17:30:00,0.13426,0.13436,0.13424,0.13436,7
2018-02-13 17:31:00,0.13436,0.13436,0.13424,0.13424,3
2018-02-13 17:32:00,0.13506,0.13516,0.1343,0.1343,25
2018-02-13 17:33:00,0.13496,0.13526,0.13496,0.13508,26
2018-02-13 17:34:00,0.13496,0.13496,0.13478,0.13486,11
2018-02-13 17:35:00,0.13516,0.13516,0.13502,0.13502,3
2018-02-13 17:36:00,0.13496,0.13508,0.13496,0.13508,4
2018-02-13 17:37:00,0.13506,0.13506,0.13496,0.13506,10
2018-02-13 17:38:00,0.13476,0.135,0.13466,0.13496,23
2018-02-13 17:39:00,0.13456,0.13476,0.13456,0.1347,10
2018-02-13 17:40:00,0.13446,0.13472,0.13446,0.13466,8
2018-02-13 17:41:00,0.13456,0.13456,0.13456,0.13456,1
2018-02-13 17:42:00,0.13446,0.13448,0.13446,0.13448,2
2018-02-13 17:43:00,0.13436,0.1344,0.13436,0.13436,3
2018-02-13 17:44:00,0.13446,0.1345,0.13436,0.1344,11
2018-02-13 17:45:00,0.1345,0.13458,0.13446,0.1345,15
2018-02-13 17:46:00,0.1345,0.13456,0.13446,0.13446,8
2018-02-13 17:47:00,0.13436,0.13446,0.13436,0.13446,7
2018-02-13 17:48:00,0.13416,0.1344,0.13416,0.1344,7
2018-02-13 17:49:00,0.13406,0.1341,0.13396,0.1341,15
2018-02-13 17:50:00,0.13406,0.13406,0.13396,0.134,4
2018-02-13 17:51:00,0.13446,0.13446,0.13416,0.13416,9
2018-02-13 17:52:00,0.13446,0.13446,0.1344,0.13444,4
2018-02-13 17:53:00,0.13416,0.13436,0.13396,0.13436,16
2018-02-13 17:54:00,0.13416,0.13426,0.13406,0.13426,17
2018-02-13 17:55:00,0.13386,0.13406,0.13386,0.13406,3
2018-02-13 17:56:00,0.13406,0.13406,0.13384,0.13384,7
2018-02-13 17:57:00,0.1338,0.13406,0.1338,0.134,7
2018-02-13 17:58:00,0.13386,0.13396,0.1338,0.1338,10
2018-02-13 17:59:00,0.1339,0.1339,0.13386,0.13386,2
2018-02-14 08:30:00,0.13418,0.13418,0.13404,0.13408,9
2018-02-14 08:31:00,0.13418,0.13424,0.13418,0.13424,2
2018-02-14 08:32:00,0.13428,0.13428,0.13428,0.13428,1
2018-02-14 08:33:00,0.13418,0.13424,0.13418,0.13424,2
2018-02-14 08:34:00,0.13404,0.13408,0.13404,0.13408,2
2018-02-14 08:35:00,0.13398,0.13408,0.13398,0.13408,2
2018-02-14 08:37:00,0.13404,0.13404,0.13404,0.13404,1
2018-02-14 08:38:00,0.13404,0.13404,0.13398,0.13398,2
2018-02-14 08:39:00,0.13404,0.13408,0.13404,0.13408,2
2018-02-14 08:41:00,0.13408,0.13408,0.13398,0.13398,5
2018-02-14 08:45:00,0.13448,0.13448,0.13418,0.13418,8
2018-02-14 08:46:00,0.13458,0.13458,0.13444,0.13444,3
2018-02-14 08:50:00,0.13448,0.13454,0.13448,0.13454,4
2018-02-14 08:51:00,0.13444,0.13454,0.13444,0.13454,3
2018-02-14 08:52:00,0.13444,0.13448,0.13438,0.13438,4
2018-02-14 08:53:00,0.13438,0.13448,0.13434,0.13448,4
2018-02-14 08:56:00,0.13454,0.13454,0.13444,0.13454,5
2018-02-14 08:57:00,0.13454,0.13454,0.13448,0.13448,4
2018-02-14 08:58:00,0.13448,0.13448,0.13448,0.13448,1
2018-02-14 09:00:00,0.13454,0.13454,0.13448,0.13454,3
2018-02-14 09:02:00,0.13448,0.13448,0.13448,0.13448,1
2018-02-14 09:04:00,0.13454,0.13454,0.13448,0.13454,3
2018-02-14 09:05:00,0.13448,0.13448,0.13448,0.13448,1
2018-02-14 09:07:00,0.13434,0.13436,0.13434,0.13436,2
2018-02-14 09:09:00,0.13438,0.13438,0.13438,0.13438,1
2018-02-14 09:10:00,0.13454,0.13454,0.13448,0.13448,4
2018-02-14 09:11:00,0.13448,0.13448,0.13448,0.13448,1
2018-02-14 09:13:00,0.13454,0.13454,0.13452,0.13454,3
2018-02-14 09:15:00,0.13448,0.13454,0.13448,0.13448,3
2018-02-14 09:16:00,0.13454,0.13454,0.13454,0.13454,1
2018-02-14 09:18:00,0.13454,0.13458,0.13448,0.13458,4
2018-02-14 09:20:00,0.13468,0.13468,0.13458,0.13458,4
2018-02-14 09:21:00,0.13464,0.13464,0.13464,0.13464,1
2018-02-14 09:22:00,0.13464,0.13464,0.13462,0.13462,2
2018-02-14 09:24:00,0.13458,0.13458,0.13458,0.13458,1
2018-02-14 09:30:00,0.13454,0.13458,0.13448,0.13458,4
2018-02-14 09:32:00,0.13458,0.13458,0.13448,0.13448,3
2018-02-14 09:33:00,0.13448,0.13454,0.13448,0.13448,3
2018-02-14 09:35:00,0.13454,0.13454,0.13448,0.1345,5
2018-02-14 09:36:00,0.13458,0.13458,0.13458,0.13458,1
2018-02-14 09:49:00,0.13454,0.13454,0.13454,0.13454,1
2018-02-14 09:50:00,0.13448,0.13458,0.13448,0.13458,7
2018-02-14 09:53:00,0.13454,0.13454,0.13448,0.13454,5
2018-02-14 09:54:00,0.13458,0.13458,0.13458,0.13458,1
2018-02-14 09:58:00,0.13458,0.1346,0.13458,0.1346,4
2018-02-14 09:59:00,0.13458,0.13458,0.13448,0.13448,2
2018-02-14 10:06:00,0.13448,0.13454,0.13448,0.13454,2
2018-02-14 10:07:00,0.13448,0.13454,0.13448,0.13454,2
2018-02-14 10:15:00,0.13438,0.13438,0.13438,0.13438,1
2018-02-14 10:25:00,0.13448,0.13448,0.13446,0.13446,2
2018-02-14 10:28:00,0.13454,0.13454,0.13454,0.13454,1
2018-02-14 10:31:00,0.13448,0.13448,0.13448,0.13448,1
2018-02-14 10:34:00,0.13454,0.13454,0.13454,0.13454,1
2018-02-14 10:40:00,0.13448,0.13448,0.13448,0.13448,1
2018-02-14 10:41:00,0.13458,0.13458,0.13458,0.13458,1
2018-02-14 10:54:00,0.13448,0.13454,0.13448,0.13454,2
2018-02-14 11:09:00,0.13438,0.13444,0.13438,0.13444,2
2018-02-14 11:12:00,0.13428,0.13434,0.13428,0.13434,2
2018-02-14 11:13:00,0.13434,0.13434,0.13428,0.13434,3
2018-02-14 11:14:00,0.13444,0.13444,0.1344,0.1344,2
2018-02-14 11:15:00,0.13448,0.13454,0.13448,0.13448,3
2018-02-14 11:21:00,0.13458,0.13458,0.13458,0.13458,1
2018-02-14 11:22:00,0.13468,0.13468,0.13468,0.13468,1
2018-02-14 11:28:00,0.13458,0.13458,0.13458,0.13458,1
2018-02-14 11:29:00,0.13458,0.13464,0.13458,0.13464,6
2018-02-14 11:32:00,0.13448,0.13448,0.13448,0.13448,1
2018-02-14 11:33:00,0.13458,0.13458,0.13458,0.13458,1
2018-02-14 11:35:00,0.13468,0.13468,0.13468,0.13468,1
2018-02-14 11:36:00,0.13464,0.13464,0.13464,0.13464,1
2018-02-14 11:38:00,0.13468,0.13468,0.13468,0.13468,1
2018-02-14 11:42:00,0.13458,0.13464,0.13458,0.13464,2
2018-02-14 11:44:00,0.13468,0.13468,0.13464,0.13464,2
2018-02-14 11:45:00,0.13478,0.13478,0.13478,0.13478,1
2018-02-14 11:47:00,0.13468,0.13478,0.13468,0.13472,4
2018-02-14 11:49:00,0.13478,0.13478,0.13478,0.13478,1
2018-02-14 11:51:00,0.13468,0.13468,0.13468,0.13468,1
2018-02-14 12:02:00,0.13474,0.13478,0.13474,0.13478,2
2018-02-14 12:04:00,0.13474,0.13474,0.13468,0.13468,2
2018-02-14 12:06:00,0.13468,0.13468,0.13468,0.13468,1
2018-02-14 12:07:00,0.13478,0.13478,0.13478,0.13478,1
2018-02-14 12:11:00,0.13468,0.13474,0.13468,0.13474,2
2018-02-14 12:13:00,0.13478,0.13478,0.13478,0.13478,1
2018-02-14 12:24:00,0.13468,0.13468,0.13468,0.13468,1
2018-02-14 12:31:00,0.13448,0.13458,0.13448,0.13458,5
2018-02-14 12:32:00,0.13454,0.13454,0.13448,0.13454,3
2018-02-14 12:33:00,0.13448,0.13454,0.13448,0.13448,3
2018-02-14 12:35:00,0.13438,0.13448,0.13438,0.13438,5
2018-02-14 12:36:00,0.13428,0.13428,0.13428,0.13428,1
2018-02-14 12:52:00,0.13424,0.13424,0.13418,0.13418,2
2018-02-14 12:53:00,0.13418,0.13418,0.13418,0.13418,1
2018-02-14 13:02:00,0.13388,0.13412,0.13384,0.13412,7
2018-02-14 13:03:00,0.1337,0.13388,0.13352,0.13384,27
2018-02-14 13:04:00,0.1336,0.1337,0.1336,0.13362,5
2018-02-14 13:05:00,0.1336,0.1337,0.1334,0.13364,13
2018-02-14 13:06:00,0.13374,0.13374,0.1336,0.1336,19
2018-02-14 13:07:00,0.1338,0.1338,0.1338,0.1338,1
2018-02-14 13:08:00,0.1338,0.1338,0.1337,0.1337,6
2018-02-14 13:09:00,0.1338,0.1339,0.1338,0.13384,10
2018-02-14 13:10:00,0.1338,0.1339,0.1338,0.13386,8
2018-02-14 13:11:00,0.1339,0.1339,0.1338,0.13386,8
2018-02-14 13:12:00,0.1338,0.1339,0.1338,0.13388,7
2018-02-14 13:14:00,0.1337,0.1338,0.13364,0.1337,11
2018-02-14 13:15:00,0.1338,0.1338,0.1337,0.13374,6
2018-02-14 13:16:00,0.1339,0.1339,0.13384,0.13384,2
2018-02-14 13:17:00,0.1339,0.1339,0.1338,0.1338,2
2018-02-14 13:18:00,0.1338,0.13382,0.1338,0.13382,2
2018-02-14 13:19:00,0.1339,0.1339,0.1338,0.1338,8
2018-02-14 13:20:00,0.13364,0.1338,0.1336,0.1338,6
2018-02-14 13:21:00,0.1337,0.1337,0.1336,0.1336,5
2018-02-14 13:22:00,0.1337,0.1338,0.1337,0.1338,3
2018-02-14 13:23:00,0.1337,0.1338,0.1337,0.13374,14
2018-02-14 13:24:00,0.1339,0.1339,0.1337,0.13374,11
2018-02-14 13:25:00,0.1339,0.134,0.1339,0.13394,5
2018-02-14 13:27:00,0.134,0.134,0.13384,0.13384,4
2018-02-14 13:28:00,0.1339,0.1339,0.1339,0.1339,1
2018-02-14 13:29:00,0.1338,0.13384,0.1338,0.13384,2
2018-02-14 13:30:00,0.1335,0.1339,0.1335,0.13386,16
2018-02-14 13:31:00,0.1334,0.1334,0.1334,0.1334,1
2018-02-14 13:32:00,0.13346,0.13346,0.13338,0.13338,12
2018-02-14 13:33:00,0.1334,0.1334,0.1334,0.1334,1
2018-02-14 13:34:00,0.1334,0.1334,0.13338,0.13338,2
2018-02-14 13:35:00,0.13302,0.1333,0.133,0.1333,35
2018-02-14 13:36:00,0.1332,0.1332,0.133,0.13304,14
2018-02-14 13:37:00,0.1333,0.1334,0.1331,0.1331,14
2018-02-14 13:38:00,0.1333,0.1333,0.13322,0.13324,5
2018-02-14 13:39:00,0.1333,0.1333,0.1332,0.1332,8
2018-02-14 13:40:00,0.13324,0.13324,0.1332,0.13324,3
2018-02-14 13:41:00,0.1333,0.1334,0.1332,0.1332,11
2018-02-14 13:42:00,0.1333,0.1333,0.1332,0.13322,6
2018-02-14 13:43:00,0.1333,0.1333,0.13324,0.13324,4
2018-02-14 13:44:00,0.13334,0.1334,0.1333,0.13334,5
2018-02-14 13:45:00,0.1334,0.1334,0.1333,0.1333,3
2018-02-14 13:47:00,0.1334,0.1335,0.1333,0.13334,7
2018-02-14 13:49:00,0.13334,0.13334,0.13334,0.13334,1
2018-02-14 13:50:00,0.1333,0.1333,0.1333,0.1333,1
2018-02-14 13:51:00,0.1334,0.1334,0.1334,0.1334,1
2018-02-14 13:52:00,0.13344,0.1335,0.13344,0.1335,2
2018-02-14 13:53:00,0.1335,0.1335,0.1334,0.1334,5
2018-02-14 13:54:00,0.1336,0.1336,0.1336,0.1336,1
2018-02-14 13:55:00,0.13364,0.1337,0.13364,0.1337,4
2018-02-14 13:56:00,0.1337,0.1337,0.1336,0.1337,9
2018-02-14 13:57:00,0.1338,0.1339,0.13364,0.13364,7
2018-02-14 13:58:00,0.13384,0.1339,0.1338,0.1339,9
2018-02-14 13:59:00,0.13394,0.134,0.1339,0.1339,10
2018-02-14 14:00:00,0.1338,0.1339,0.1337,0.1339,4
2018-02-14 14:01:00,0.1337,0.13372,0.1337,0.13372,2
2018-02-14 14:02:00,0.1337,0.1337,0.1336,0.13362,4
2018-02-14 14:03:00,0.13384,0.13384,0.1338,0.1338,2
2018-02-14 14:04:00,0.134,0.134,0.1338,0.1338,7
2018-02-14 14:05:00,0.134,0.1342,0.134,0.13406,19
2018-02-14 14:07:00,0.13436,0.13436,0.1341,0.1341,5
2018-02-14 14:08:00,0.1342,0.13458,0.1342,0.1344,14
2018-02-14 14:09:00,0.1341,0.1341,0.1341,0.1341,1
2018-02-14 14:11:00,0.1342,0.1342,0.13416,0.13416,2
2018-02-14 14:12:00,0.1343,0.1343,0.13426,0.13426,2
2018-02-14 14:13:00,0.1342,0.1343,0.1342,0.13424,8
2018-02-14 14:14:00,0.1343,0.1343,0.13424,0.13424,2
2018-02-14 14:15:00,0.1343,0.1343,0.1342,0.1342,3
2018-02-14 14:17:00,0.1342,0.13424,0.1342,0.13424,2
2018-02-14 14:19:00,0.1343,0.1343,0.1342,0.13424,3
2018-02-14 14:20:00,0.1344,0.1344,0.1343,0.1344,7
2018-02-14 14:21:00,0.1344,0.1344,0.13438,0.13438,8
2018-02-14 14:22:00,0.1344,0.1344,0.13434,0.13438,6
2018-02-14 14:23:00,0.13468,0.13488,0.13448,0.13448,11
2018-02-14 14:24:00,0.13494,0.13498,0.13478,0.13478,13
2018-02-14 14:25:00,0.13488,0.13488,0.13488,0.13488,1
2018-02-14 14:27:00,0.13468,0.1349,0.13468,0.1349,4
2018-02-14 14:30:00,0.1344,0.13458,0.1344,0.13458,3
2018-02-14 14:31:00,0.1343,0.13434,0.1343,0.13434,2
2018-02-14 14:32:00,0.13434,0.1344,0.1343,0.13434,10
2018-02-14 14:33:00,0.13448,0.13448,0.1344,0.1344,2
2018-02-14 14:34:00,0.13448,0.13458,0.13448,0.13458,4
2018-02-14 14:35:00,0.13458,0.13458,0.13458,0.13458,1
2018-02-14 14:36:00,0.13458,0.13458,0.1345,0.1345,7
2018-02-14 14:37:00,0.1345,0.13458,0.1345,0.1345,3
2018-02-14 14:38:00,0.13468,0.13468,0.13458,0.13458,3
2018-02-14 14:40:00,0.13488,0.13488,0.13476,0.13476,9
2018-02-14 14:41:00,0.13468,0.13478,0.13468,0.13478,2
2018-02-14 14:42:00,0.1345,0.13458,0.1345,0.13458,10
2018-02-14 14:43:00,0.1344,0.13458,0.1344,0.13456,13
2018-02-14 14:44:00,0.1343,0.1344,0.1343,0.13432,10
2018-02-14 14:45:00,0.13422,0.13422,0.13422,0.13422,1
2018-02-14 14:46:00,0.13402,0.1341,0.13402,0.1341,2
2018-02-14 14:47:00,0.1342,0.1342,0.13406,0.13406,3
2018-02-14 14:48:00,0.1341,0.1342,0.134,0.13414,6
2018-02-14 14:50:00,0.1342,0.1342,0.1342,0.1342,1
2018-02-14 14:51:00,0.1341,0.1341,0.1341,0.1341,3
2018-02-14 14:52:00,0.1342,0.1342,0.1341,0.13414,11
2018-02-14 14:53:00,0.1342,0.1342,0.13414,0.13414,2
2018-02-14 14:55:00,0.1342,0.1342,0.13414,0.13414,4
2018-02-14 14:56:00,0.1342,0.1342,0.13414,0.13418,6
2018-02-14 14:57:00,0.13424,0.13424,0.13424,0.13424,1
2018-02-14 14:58:00,0.1343,0.1343,0.1343,0.1343,1
2018-02-14 14:59:00,0.1345,0.1346,0.13438,0.1344,13
2018-02-14 15:00:00,0.1344,0.1344,0.1344,0.1344,1
2018-02-14 15:01:00,0.1344,0.1344,0.1344,0.1344,4
2018-02-14 15:02:00,0.13454,0.1346,0.13444,0.13444,14
2018-02-14 15:04:00,0.1345,0.1345,0.13444,0.1345,5
2018-02-14 15:05:00,0.1345,0.1346,0.1345,0.1345,7
2018-02-14 15:07:00,0.1346,0.1346,0.13456,0.13456,4
2018-02-14 15:08:00,0.13478,0.13478,0.13466,0.13466,7
2018-02-14 15:09:00,0.13488,0.13488,0.13484,0.13488,3
2018-02-14 15:10:00,0.13526,0.13538,0.13488,0.13498,16
2018-02-14 15:11:00,0.13488,0.13518,0.13488,0.13518,16
2018-02-14 15:12:00,0.13484,0.13498,0.1347,0.13496,17
2018-02-14 15:13:00,0.13498,0.13498,0.13478,0.13488,10
2018-02-14 15:14:00,0.13478,0.13492,0.13478,0.13492,6
2018-02-14 15:15:00,0.13474,0.13478,0.13474,0.13478,5
2018-02-14 15:16:00,0.13464,0.1347,0.1346,0.1347,5
2018-02-14 15:17:00,0.1346,0.1347,0.1346,0.1347,3
2018-02-14 15:18:00,0.1346,0.13474,0.1346,0.13464,13
2018-02-14 15:19:00,0.1345,0.1345,0.1345,0.1345,1
2018-02-14 15:20:00,0.1346,0.1346,0.1345,0.13454,6
2018-02-14 15:21:00,0.1345,0.13452,0.1345,0.13452,2
2018-02-14 15:22:00,0.1344,0.13442,0.1344,0.13442,2
2018-02-14 15:23:00,0.1344,0.1345,0.1344,0.13446,6
2018-02-14 15:24:00,0.1345,0.1345,0.13444,0.13444,2
2018-02-14 15:25:00,0.1346,0.13466,0.1345,0.13454,23
2018-02-14 15:26:00,0.1345,0.1345,0.13448,0.1345,3
2018-02-14 15:27:00,0.13444,0.13444,0.13444,0.13444,1
2018-02-14 15:28:00,0.1343,0.1345,0.1343,0.1345,9
2018-02-14 15:30:00,0.1344,0.1344,0.1343,0.13434,5
2018-02-14 15:31:00,0.1343,0.1344,0.1343,0.13434,3
2018-02-14 15:32:00,0.13434,0.13434,0.13434,0.13434,1
2018-02-14 15:33:00,0.1345,0.1345,0.1344,0.1344,2
2018-02-14 15:34:00,0.1344,0.13444,0.1343,0.13444,12
2018-02-14 15:35:00,0.13434,0.1344,0.1343,0.13434,9
2018-02-14 15:36:00,0.1343,0.13434,0.1343,0.1343,3
2018-02-14 15:37:00,0.1344,0.1344,0.13436,0.13436,2
2018-02-14 15:39:00,0.13464,0.13464,0.1345,0.1345,3
2018-02-14 15:40:00,0.1347,0.1347,0.1346,0.1347,6
2018-02-14 15:41:00,0.1347,0.1347,0.13464,0.13464,2
2018-02-14 15:42:00,0.1348,0.1348,0.13474,0.13476,3
2018-02-14 15:43:00,0.1349,0.1349,0.1348,0.13486,12
2018-02-14 15:44:00,0.13508,0.13514,0.13484,0.13484,15
2018-02-14 15:45:00,0.13508,0.13518,0.13508,0.13514,8
2018-02-14 15:46:00,0.13514,0.13518,0.13508,0.13514,9
2018-02-14 15:47:00,0.13508,0.13514,0.13508,0.13508,7
2018-02-14 15:48:00,0.13514,0.13518,0.13514,0.13518,6
2018-02-14 15:49:00,0.13508,0.13518,0.13508,0.13518,11
2018-02-14 15:50:00,0.135,0.135,0.135,0.135,1
2018-02-14 15:51:00,0.1349,0.13494,0.1349,0.13494,2
2018-02-14 15:52:00,0.13482,0.13482,0.13482,0.13482,1
2018-02-14 15:53:00,0.1348,0.1348,0.1347,0.1347,6
2018-02-14 15:54:00,0.1347,0.13474,0.1347,0.13474,2
2018-02-14 15:55:00,0.1348,0.1348,0.1348,0.1348,1
2018-02-14 15:56:00,0.1349,0.13496,0.1348,0.13486,18
2018-02-14 15:57:00,0.135,0.135,0.1349,0.13494,9
2018-02-14 15:59:00,0.1349,0.1349,0.13484,0.1349,3
2018-02-14 16:00:00,0.13484,0.1349,0.13484,0.13488,7
2018-02-14 16:01:00,0.1348,0.1349,0.1348,0.1349,3
2018-02-14 16:02:00,0.135,0.135,0.13484,0.13484,3
2018-02-14 16:03:00,0.13494,0.13508,0.1349,0.13506,6
2018-02-14 16:04:00,0.135,0.135,0.1349,0.1349,7
2018-02-14 16:05:00,0.13518,0.13518,0.13508,0.13508,10
2018-02-14 16:06:00,0.13518,0.13518,0.13514,0.13514,2
2018-02-14 16:07:00,0.13514,0.13514,0.13514,0.13514,1
2018-02-14 16:08:00,0.13518,0.13518,0.1351,0.13518,9
2018-02-14 16:09:00,0.13518,0.13518,0.1351,0.1351,2
2018-02-14 16:10:00,0.1351,0.13518,0.1351,0.13518,5
2018-02-14 16:12:00,0.13518,0.13518,0.13514,0.13516,4
2018-02-14 16:13:00,0.13526,0.13526,0.13524,0.13526,4
2018-02-14 16:14:00,0.13528,0.13538,0.13528,0.1353,7
2018-02-14 16:15:00,0.13528,0.1353,0.13528,0.1353,2
2018-02-14 16:16:00,0.13528,0.1353,0.13528,0.1353,2
2018-02-14 16:17:00,0.13538,0.13538,0.13536,0.13536,2
2018-02-14 16:18:00,0.1351,0.13534,0.1351,0.13534,4
2018-02-14 16:19:00,0.135,0.135,0.135,0.135,1
2018-02-14 16:20:00,0.135,0.135,0.1349,0.13494,3
2018-02-14 16:21:00,0.13494,0.13504,0.13494,0.13504,5
2018-02-14 16:22:00,0.13494,0.135,0.1349,0.135,7
2018-02-14 16:23:00,0.1349,0.13494,0.1349,0.1349,3
2018-02-14 16:27:00,0.13474,0.1349,0.1347,0.1348,7
2018-02-14 16:28:00,0.1347,0.1348,0.1347,0.1348,5
2018-02-14 16:29:00,0.1345,0.1346,0.1345,0.1346,7
2018-02-14 16:30:00,0.1346,0.1346,0.13454,0.13454,4
2018-02-14 16:31:00,0.13444,0.1345,0.13442,0.1345,4
2018-02-14 16:32:00,0.1345,0.1345,0.1344,0.13442,5
2018-02-14 16:33:00,0.1345,0.13452,0.1345,0.13452,2
2018-02-14 16:34:00,0.1343,0.13444,0.1343,0.13442,7
2018-02-14 16:35:00,0.13446,0.13446,0.1344,0.1344,2
2018-02-14 16:36:00,0.13444,0.13444,0.13444,0.13444,1
2018-02-14 16:37:00,0.13444,0.1345,0.13444,0.1345,2
2018-02-14 16:38:00,0.1344,0.1344,0.1343,0.1344,9
2018-02-14 16:39:00,0.1345,0.1345,0.13446,0.13446,2
2018-02-14 16:44:00,0.1346,0.1346,0.13456,0.13456,2
2018-02-14 16:45:00,0.13454,0.13454,0.1345,0.13452,3
2018-02-14 16:47:00,0.1344,0.13454,0.1344,0.1345,6
2018-02-14 16:48:00,0.13444,0.13444,0.1344,0.13444,7
2018-02-14 16:49:00,0.1346,0.1346,0.1344,0.1344,5
2018-02-14 16:50:00,0.1344,0.13452,0.1344,0.13452,4
2018-02-14 16:51:00,0.13434,0.1344,0.13428,0.13438,12
2018-02-14 16:52:00,0.1344,0.1344,0.13434,0.1344,5
2018-02-14 16:53:00,0.1345,0.1345,0.13434,0.13434,4
2018-02-14 16:54:00,0.13444,0.13444,0.13444,0.13444,1
2018-02-14 16:55:00,0.1344,0.1344,0.1343,0.1344,9
2018-02-14 16:56:00,0.1346,0.1346,0.13444,0.13444,5
2018-02-14 16:58:00,0.13444,0.13452,0.13444,0.13452,7
2018-02-14 16:59:00,0.1345,0.1345,0.1344,0.1344,4
2018-02-14 17:02:00,0.1346,0.1348,0.13454,0.13454,10
2018-02-14 17:03:00,0.1346,0.1346,0.1345,0.1345,2
2018-02-14 17:05:00,0.1345,0.1345,0.13448,0.1345,3
2018-02-14 17:06:00,0.1345,0.13456,0.1345,0.13456,3
2018-02-14 17:08:00,0.13454,0.1346,0.13454,0.1346,2
2018-02-14 17:09:00,0.1345,0.1345,0.1345,0.1345,1
2018-02-14 17:10:00,0.1346,0.1346,0.1346,0.1346,1
2018-02-14 17:11:00,0.13454,0.13454,0.13454,0.13454,1
2018-02-14 17:12:00,0.1345,0.1345,0.1345,0.1345,1
2018-02-14 17:13:00,0.135,0.135,0.1346,0.1346,9
2018-02-14 17:14:00,0.1351,0.1352,0.13504,0.13504,7
2018-02-14 17:15:00,0.1351,0.1352,0.1351,0.13514,5
2018-02-14 17:16:00,0.1353,0.1353,0.1351,0.13514,18
2018-02-14 17:17:00,0.13524,0.1353,0.1352,0.13524,8
2018-02-14 17:18:00,0.1351,0.1352,0.1351,0.1352,3
2018-02-14 17:19:00,0.135,0.13502,0.135,0.13502,2
2018-02-14 17:21:00,0.13504,0.1351,0.13504,0.13504,5
2018-02-14 17:22:00,0.1349,0.1351,0.1349,0.1351,6
2018-02-14 17:23:00,0.1348,0.13484,0.13474,0.13478,7
2018-02-14 17:24:00,0.13486,0.13486,0.13474,0.13474,3
2018-02-14 17:25:00,0.13504,0.13504,0.135,0.135,4
2018-02-14 17:26:00,0.135,0.135,0.135,0.135,1
2018-02-14 17:27:00,0.13514,0.1352,0.13494,0.13494,15
2018-02-14 17:28:00,0.13524,0.13526,0.13514,0.1352,5
2018-02-14 17:29:00,0.1353,0.1353,0.1352,0.1353,5
2018-02-14 17:30:00,0.1354,0.1354,0.1352,0.13524,9
2018-02-14 17:32:00,0.1353,0.1353,0.1353,0.1353,1
2018-02-14 17:33:00,0.1351,0.1353,0.1351,0.13528,8
2018-02-14 17:34:00,0.1351,0.1352,0.13504,0.1352,7
2018-02-14 17:35:00,0.1353,0.1353,0.1352,0.1352,2
2018-02-14 17:36:00,0.13504,0.1352,0.13504,0.1352,4
2018-02-14 17:37:00,0.1351,0.1351,0.1351,0.1351,1
2018-02-14 17:38:00,0.135,0.13504,0.135,0.13504,2
2018-02-14 17:39:00,0.135,0.13506,0.135,0.13506,3
2018-02-14 17:41:00,0.1349,0.1349,0.1349,0.1349,1
2018-02-14 17:42:00,0.1346,0.1348,0.1346,0.1348,21
2018-02-14 17:43:00,0.1345,0.13452,0.1345,0.13452,2
2018-02-14 17:44:00,0.1344,0.13444,0.1344,0.13444,2
2018-02-14 17:45:00,0.1345,0.1345,0.1344,0.1345,7
2018-02-14 17:46:00,0.1344,0.1345,0.1344,0.13442,4
2018-02-14 17:50:00,0.1341,0.1343,0.1341,0.1343,12
2018-02-14 17:51:00,0.134,0.13402,0.134,0.13402,2
2018-02-14 17:52:00,0.13364,0.13394,0.13364,0.13394,14
2018-02-14 17:53:00,0.1335,0.1336,0.13346,0.1335,28
2018-02-14 17:54:00,0.1334,0.1336,0.1334,0.1336,16
2018-02-14 17:55:00,0.1336,0.1336,0.1335,0.1335,3
2018-02-14 17:56:00,0.1336,0.1337,0.1335,0.1337,4
2018-02-14 17:57:00,0.1335,0.1336,0.1335,0.1335,6
2018-02-14 17:58:00,0.13374,0.13374,0.1335,0.1336,13
2018-02-14 17:59:00,0.1338,0.1338,0.1338,0.1338,2
2018-02-15 08:30:00,0.13452,0.13466,0.13428,0.13438,20
2018-02-15 08:31:00,0.13452,0.13472,0.13442,0.1345,17
2018-02-15 08:32:00,0.13442,0.13446,0.13442,0.13442,3
2018-02-15 08:33:00,0.13482,0.13482,0.13452,0.13452,8
2018-02-15 08:34:00,0.13482,0.13482,0.13472,0.13476,5
2018-02-15 08:35:00,0.13446,0.13472,0.13442,0.13472,11
2018-02-15 08:36:00,0.13442,0.13442,0.13442,0.13442,1
2018-02-15 08:37:00,0.13452,0.13456,0.13442,0.13442,5
2018-02-15 08:38:00,0.13456,0.13462,0.13456,0.13456,3
2018-02-15 08:39:00,0.13452,0.13452,0.13452,0.13452,1
2018-02-15 08:41:00,0.13456,0.13456,0.13456,0.13456,1
2018-02-15 08:42:00,0.13452,0.13452,0.13452,0.13452,1
2018-02-15 08:46:00,0.13456,0.13462,0.13456,0.13462,2
2018-02-15 08:48:00,0.13462,0.13464,0.13456,0.13464,4
2018-02-15 08:50:00,0.13462,0.13462,0.13456,0.13456,2
2018-02-15 08:51:00,0.13466,0.13472,0.13456,0.13456,8
2018-02-15 08:52:00,0.13472,0.13472,0.13462,0.13462,6
2018-02-15 08:53:00,0.13462,0.13466,0.13462,0.13466,6
2018-02-15 08:54:00,0.13452,0.13452,0.13452,0.13452,1
2018-02-15 08:56:00,0.13452,0.13452,0.1345,0.1345,2
2018-02-15 08:58:00,0.13458,0.13458,0.13458,0.13458,1
2018-02-15 09:00:00,0.13458,0.13458,0.13452,0.13452,4
2018-02-15 09:03:00,0.13462,0.13462,0.13462,0.13462,1
2018-02-15 09:19:00,0.13458,0.13458,0.13458,0.13458,1
2018-02-15 09:21:00,0.13468,0.13468,0.13462,0.13462,2
2018-02-15 09:22:00,0.13462,0.13462,0.13462,0.13462,1
2018-02-15 09:24:00,0.13458,0.13458,0.13458,0.13458,1
2018-02-15 09:25:00,0.13452,0.13452,0.13452,0.13452,1
2018-02-15 09:30:00,0.13452,0.13452,0.13452,0.13452,2
2018-02-15 09:32:00,0.13422,0.13452,0.13422,0.1345,6
2018-02-15 09:33:00,0.13428,0.13428,0.13428,0.13428,1
2018-02-15 09:34:00,0.13422,0.13422,0.13422,0.13422,1
2018-02-15 09:37:00,0.13412,0.13418,0.13412,0.13418,2
2018-02-15 09:40:00,0.13408,0.13408,0.13392,0.13402,7
2018-02-15 09:41:00,0.13402,0.13402,0.13402,0.13402,1
2018-02-15 09:42:00,0.13402,0.13408,0.13402,0.13408,2
2018-02-15 09:43:00,0.13396,0.13408,0.13396,0.13408,3
2018-02-15 09:44:00,0.13402,0.13402,0.13402,0.13402,1
2018-02-15 09:45:00,0.13398,0.13398,0.13398,0.13398,1
2018-02-15 09:46:00,0.13398,0.13402,0.13398,0.13402,2
2018-02-15 09:47:00,0.13402,0.13402,0.13402,0.13402,1
2018-02-15 09:56:00,0.13412,0.13412,0.13412,0.13412,1
2018-02-15 09:59:00,0.13418,0.13422,0.13418,0.13418,3
2018-02-15 10:00:00,0.13432,0.13432,0.13422,0.13422,4
2018-02-15 10:02:00,0.13432,0.13442,0.13432,0.13438,5
2018-02-15 10:04:00,0.13428,0.13428,0.13422,0.13428,3
2018-02-15 10:05:00,0.13422,0.13422,0.13422,0.13422,1
2018-02-15 10:16:00,0.13422,0.13428,0.13422,0.13428,2
2018-02-15 10:20:00,0.13422,0.13428,0.13422,0.13428,2
2018-02-15 10:22:00,0.13412,0.13418,0.13412,0.13418,2
2018-02-15 10:24:00,0.13412,0.13412,0.13408,0.13408,2
2018-02-15 10:25:00,0.13408,0.13408,0.13408,0.13408,1
2018-02-15 10:28:00,0.13402,0.13408,0.13402,0.13402,5
2018-02-15 10:33:00,0.13402,0.13408,0.13402,0.13408,2
2018-02-15 10:34:00,0.13402,0.13402,0.13398,0.13398,2
2018-02-15 10:40:00,0.13402,0.13402,0.134,0.134,2
2018-02-15 10:44:00,0.13398,0.13398,0.13398,0.13398,1
2018-02-15 10:47:00,0.13392,0.13392,0.13392,0.13392,1
2018-02-15 10:50:00,0.134,0.134,0.134,0.134,1
2018-02-15 10:51:00,0.13408,0.13408,0.13404,0.13404,2
2018-02-15 10:52:00,0.13412,0.13412,0.13408,0.13412,7
2018-02-15 10:54:00,0.13422,0.13422,0.1342,0.1342,2
2018-02-15 10:55:00,0.13438,0.13442,0.13432,0.13432,4
2018-02-15 10:56:00,0.13432,0.13432,0.13432,0.13432,1
2018-02-15 10:58:00,0.13432,0.13432,0.13428,0.13428,6
2018-02-15 11:02:00,0.13432,0.13432,0.13428,0.13428,2
2018-02-15 11:03:00,0.13432,0.13432,0.1343,0.1343,2
2018-02-15 11:06:00,0.13438,0.13438,0.13432,0.13438,3
2018-02-15 11:18:00,0.13432,0.13432,0.13428,0.13432,3
2018-02-15 11:19:00,0.13432,0.13432,0.13428,0.13428,2
2018-02-15 11:23:00,0.13422,0.13432,0.13422,0.13428,3
2018-02-15 11:24:00,0.13428,0.13428,0.13428,0.13428,1
2018-02-15 11:28:00,0.13422,0.13422,0.13422,0.13422,1
2018-02-15 11:32:00,0.13422,0.13428,0.13422,0.13428,4
2018-02-15 11:38:00,0.13422,0.13428,0.13422,0.13428,4
2018-02-15 11:44:00,0.13418,0.13418,0.13418,0.13418,1
2018-02-15 11:45:00,0.13422,0.13422,0.13422,0.13422,1
2018-02-15 11:47:00,0.13418,0.13418,0.13412,0.13418,3
2018-02-15 11:48:00,0.13412,0.13412,0.13412,0.13412,1
2018-02-15 11:51:00,0.13428,0.13428,0.13412,0.13418,4
2018-02-15 11:52:00,0.13448,0.13448,0.13432,0.13432,4
2018-02-15 11:53:00,0.13452,0.13452,0.13452,0.13452,1
2018-02-15 11:55:00,0.13448,0.13448,0.13448,0.13448,1
2018-02-15 11:56:00,0.13452,0.13452,0.13442,0.13442,4
2018-02-15 11:57:00,0.13452,0.13454,0.13452,0.13454,4
2018-02-15 12:00:00,0.13452,0.13458,0.13452,0.13458,4
2018-02-15 12:03:00,0.13452,0.13454,0.13452,0.13454,2
2018-02-15 12:05:00,0.13458,0.13462,0.13458,0.13458,3
2018-02-15 12:06:00,0.13458,0.13462,0.13458,0.13462,2
2018-02-15 12:07:00,0.13452,0.13462,0.13452,0.13462,3
2018-02-15 12:08:00,0.13458,0.13458,0.13458,0.13458,1
2018-02-15 12:09:00,0.13462,0.13462,0.13462,0.13462,1
2018-02-15 12:13:00,0.13472,0.13472,0.13468,0.13468,2
2018-02-15 12:17:00,0.13468,0.13468,0.13468,0.13468,1
2018-02-15 12:18:00,0.13462,0.13462,0.13462,0.13462,1
2018-02-15 12:19:00,0.13462,0.13468,0.13462,0.13468,2
2018-02-15 12:20:00,0.13458,0.13458,0.13452,0.13458,3
2018-02-15 12:21:00,0.13452,0.13452,0.13452,0.13452,1
2018-02-15 12:22:00,0.13458,0.13458,0.13458,0.13458,1
2018-02-15 12:24:00,0.13468,0.13468,0.13462,0.13462,4
2018-02-15 12:25:00,0.13462,0.13462,0.13458,0.13462,3
2018-02-15 12:27:00,0.13462,0.13468,0.13462,0.13464,4
2018-02-15 12:28:00,0.13468,0.13468,0.13462,0.13464,5
2018-02-15 12:29:00,0.13468,0.13468,0.13462,0.13462,6
2018-02-15 12:30:00,0.13462,0.13462,0.13462,0.13462,1
2018-02-15 12:31:00,0.13458,0.13458,0.13458,0.13458,1
2018-02-15 12:32:00,0.13458,0.13462,0.13452,0.13452,6
2018-02-15 12:33:00,0.13462,0.13462,0.13462,0.13462,1
2018-02-15 12:34:00,0.13452,0.13452,0.13452,0.13452,1
2018-02-15 12:35:00,0.13468,0.13468,0.13458,0.13458,5
2018-02-15 12:37:00,0.13462,0.13468,0.13462,0.13462,3
2018-02-15 12:38:00,0.13458,0.13458,0.13458,0.13458,1
2018-02-15 12:39:00,0.13462,0.13462,0.13458,0.13462,3
2018-02-15 12:42:00,0.13468,0.13472,0.13462,0.13468,4
2018-02-15 12:43:00,0.13472,0.13472,0.13472,0.13472,1
2018-02-15 12:44:00,0.13468,0.13468,0.13468,0.13468,1
2018-02-15 12:45:00,0.13462,0.13472,0.13462,0.13462,4
2018-02-15 12:46:00,0.13462,0.13464,0.13462,0.13464,4
2018-02-15 12:47:00,0.13452,0.13458,0.13452,0.13458,2
2018-02-15 12:50:00,0.13452,0.13462,0.13452,0.13462,3
2018-02-15 12:52:00,0.13448,0.13462,0.13448,0.1346,12
2018-02-15 12:53:00,0.13458,0.13458,0.1345,0.13452,4
2018-02-15 12:54:00,0.13462,0.13462,0.13458,0.13462,3
2018-02-15 12:58:00,0.13472,0.13472,0.13472,0.13472,1
2018-02-15 12:59:00,0.13468,0.13472,0.13468,0.1347,3
2018-02-15 13:00:00,0.13462,0.13472,0.13462,0.13462,7
2018-02-15 13:07:00,0.13472,0.13472,0.13472,0.13472,1
2018-02-15 13:10:00,0.13482,0.13482,0.13472,0.13482,3
2018-02-15 13:11:00,0.13492,0.13492,0.13492,0.13492,1
2018-02-15 13:12:00,0.13502,0.13512,0.135,0.135,12
2018-02-15 13:13:00,0.13502,0.13512,0.13502,0.13504,7
2018-02-15 13:14:00,0.13498,0.13502,0.13492,0.13492,7
2018-02-15 13:15:00,0.13492,0.13502,0.13492,0.13502,8
2018-02-15 13:16:00,0.13502,0.13502,0.13492,0.13498,4
2018-02-15 13:17:00,0.13512,0.13512,0.13512,0.13512,1
2018-02-15 13:18:00,0.13512,0.13512,0.13508,0.13508,2
2018-02-15 13:19:00,0.13508,0.13508,0.13508,0.13508,1
2018-02-15 13:20:00,0.13512,0.13512,0.13502,0.13502,3
2018-02-15 13:21:00,0.13512,0.13512,0.13502,0.13508,5
2018-02-15 13:25:00,0.13498,0.13506,0.13498,0.13506,5
2018-02-15 13:26:00,0.13492,0.135,0.13492,0.135,3
2018-02-15 13:27:00,0.13488,0.13492,0.13482,0.1349,8
2018-02-15 13:28:00,0.13482,0.13492,0.13482,0.13492,5
2018-02-15 13:29:00,0.13482,0.13482,0.13478,0.13478,4
2018-02-15 13:30:00,0.13472,0.13478,0.13472,0.13478,4
2018-02-15 13:31:00,0.13462,0.13478,0.13462,0.13478,3
2018-02-15 13:32:00,0.13472,0.13472,0.1347,0.1347,2
2018-02-15 13:33:00,0.13488,0.13492,0.13482,0.13482,3
2018-02-15 13:34:00,0.13502,0.13502,0.13492,0.13492,6
2018-02-15 13:35:00,0.13488,0.13492,0.13488,0.13492,4
2018-02-15 13:36:00,0.13482,0.13482,0.13482,0.13482,1
2018-02-15 13:37:00,0.13472,0.13476,0.13472,0.13476,2
2018-02-15 13:39:00,0.13482,0.13482,0.13478,0.13482,5
2018-02-15 13:41:00,0.13478,0.13482,0.13478,0.13478,3
2018-02-15 13:42:00,0.13478,0.13482,0.13478,0.13482,2
2018-02-15 13:43:00,0.13482,0.13482,0.13482,0.13482,1
2018-02-15 13:46:00,0.13502,0.13502,0.13492,0.13492,8
2018-02-15 13:47:00,0.13502,0.13512,0.13502,0.13508,9
2018-02-15 13:48:00,0.13492,0.13498,0.13482,0.13492,7
2018-02-15 13:50:00,0.13508,0.13512,0.13502,0.13502,3
2018-02-15 13:51:00,0.13502,0.13502,0.13502,0.13502,1
2018-02-15 13:52:00,0.13502,0.13502,0.135,0.135,2
2018-02-15 13:54:00,0.13502,0.13504,0.13498,0.13504,6
2018-02-15 13:57:00,0.13512,0.13512,0.13508,0.13508,2
2018-02-15 13:58:00,0.13512,0.13518,0.13512,0.13518,5
2018-02-15 13:59:00,0.13532,0.13542,0.13518,0.13518,13
2018-02-15 14:00:00,0.13532,0.13542,0.13526,0.13542,8
2018-02-15 14:01:00,0.13522,0.13522,0.13512,0.13522,6
2018-02-15 14:04:00,0.13522,0.13522,0.13512,0.13512,3
2018-02-15 14:06:00,0.13538,0.13542,0.13532,0.13532,4
2018-02-15 14:07:00,0.13532,0.13542,0.13532,0.13542,3
2018-02-15 14:08:00,0.13532,0.13532,0.13522,0.13522,2
2018-02-15 14:09:00,0.13542,0.13542,0.13532,0.13542,11
2018-02-15 14:13:00,0.13522,0.13532,0.13522,0.13532,3
2018-02-15 14:14:00,0.13528,0.13532,0.13522,0.13528,10
2018-02-15 14:15:00,0.13518,0.13532,0.13518,0.13532,7
2018-02-15 14:16:00,0.13502,0.13522,0.13502,0.13522,4
2018-02-15 14:19:00,0.13512,0.13512,0.13512,0.13512,1
2018-02-15 14:20:00,0.13522,0.13522,0.1352,0.1352,2
2018-02-15 14:22:00,0.13522,0.1353,0.13522,0.1353,6
2018-02-15 14:23:00,0.13512,0.13528,0.13512,0.13528,6
2018-02-15 14:26:00,0.13492,0.13508,0.13492,0.13508,3
2018-02-15 14:27:00,0.13502,0.13502,0.13502,0.13502,1
2018-02-15 14:30:00,0.13512,0.13512,0.13512,0.13512,1
2018-02-15 14:31:00,0.1351,0.1351,0.13502,0.13508,5
2018-02-15 14:32:00,0.13522,0.13522,0.13514,0.13514,2
2018-02-15 14:33:00,0.1353,0.1353,0.1353,0.1353,1
2018-02-15 14:39:00,0.1354,0.1354,0.1354,0.1354,1
2018-02-15 14:40:00,0.13562,0.13562,0.13542,0.13544,12
2018-02-15 14:41:00,0.13542,0.13552,0.13542,0.13552,3
2018-02-15 14:42:00,0.13532,0.13536,0.13532,0.13536,3
2018-02-15 14:44:00,0.13522,0.13542,0.13522,0.13542,7
2018-02-15 14:45:00,0.13532,0.13532,0.13522,0.13528,6
2018-02-15 14:46:00,0.13522,0.13526,0.13522,0.13526,2
2018-02-15 14:47:00,0.13542,0.13542,0.13532,0.13532,7
2018-02-15 14:49:00,0.13502,0.13534,0.13492,0.13532,10
2018-02-15 14:50:00,0.13502,0.13512,0.13502,0.13512,5
2018-02-15 14:51:00,0.13502,0.13512,0.13502,0.13508,6
2018-02-15 14:52:00,0.13502,0.13512,0.13502,0.13512,5
2018-02-15 14:54:00,0.13512,0.13512,0.13508,0.13508,4
2018-02-15 14:55:00,0.13532,0.13532,0.13502,0.13506,10
2018-02-15 14:58:00,0.13522,0.13522,0.13522,0.13522,1
2018-02-15 15:01:00,0.13532,0.13532,0.13528,0.13528,2
2018-02-15 15:02:00,0.13532,0.13532,0.13528,0.13528,2
2018-02-15 15:03:00,0.13522,0.13522,0.13522,0.13522,1
2018-02-15 15:06:00,0.13516,0.13516,0.13516,0.13516,2
2018-02-15 15:07:00,0.13492,0.13512,0.13482,0.13512,11
2018-02-15 15:08:00,0.13508,0.13508,0.135,0.135,9
2018-02-15 15:09:00,0.13502,0.13502,0.13502,0.13502,1
2018-02-15 15:10:00,0.13482,0.13498,0.13482,0.13498,6
2018-02-15 15:11:00,0.13482,0.13482,0.13472,0.13476,3
2018-02-15 15:12:00,0.13492,0.13492,0.13486,0.13488,4
2018-02-15 15:13:00,0.13464,0.13488,0.13464,0.13488,14
2018-02-15 15:14:00,0.13482,0.13482,0.13472,0.13472,2
2018-02-15 15:15:00,0.13472,0.13472,0.13472,0.13472,1
2018-02-15 15:16:00,0.13464,0.13464,0.13464,0.13464,1
2018-02-15 15:17:00,0.13464,0.13464,0.13454,0.13454,9
2018-02-15 15:18:00,0.13472,0.13472,0.13472,0.13472,1
2018-02-15 15:19:00,0.13492,0.13492,0.13482,0.13482,2
2018-02-15 15:20:00,0.13482,0.13482,0.13482,0.13482,1
2018-02-15 15:22:00,0.13492,0.13492,0.13492,0.13492,1
2018-02-15 15:24:00,0.13502,0.13502,0.13502,0.13502,1
2018-02-15 15:25:00,0.13502,0.13508,0.13502,0.13508,2
2018-02-15 15:26:00,0.13522,0.13522,0.13512,0.13512,2
2018-02-15 15:27:00,0.13542,0.13542,0.1353,0.1353,3
2018-02-15 15:28:00,0.13542,0.13552,0.13542,0.13552,3
2018-02-15 15:29:00,0.13542,0.13552,0.13542,0.1355,4
2018-02-15 15:30:00,0.13542,0.13542,0.13538,0.1354,4
2018-02-15 15:31:00,0.13532,0.13532,0.13532,0.13532,1
2018-02-15 15:32:00,0.13522,0.13532,0.13522,0.13526,4
2018-02-15 15:33:00,0.13522,0.13522,0.13512,0.13518,3
2018-02-15 15:34:00,0.13532,0.13532,0.13518,0.13518,6
2018-02-15 15:35:00,0.13522,0.13526,0.13522,0.13526,2
2018-02-15 15:36:00,0.13532,0.13532,0.13532,0.13532,1
2018-02-15 15:37:00,0.13542,0.13548,0.13542,0.13542,5
2018-02-15 15:39:00,0.13538,0.13542,0.13532,0.13536,9
2018-02-15 15:40:00,0.13532,0.13542,0.13528,0.13542,5
2018-02-15 15:41:00,0.13528,0.13532,0.13522,0.13522,3
2018-02-15 15:42:00,0.13522,0.13522,0.13522,0.13522,1
2018-02-15 15:46:00,0.13522,0.13522,0.13502,0.13512,6
2018-02-15 15:47:00,0.13542,0.13542,0.13532,0.13532,2
2018-02-15 15:48:00,0.13562,0.13572,0.1355,0.1355,8
2018-02-15 15:49:00,0.13556,0.13556,0.13556,0.13556,1
2018-02-15 15:52:00,0.13542,0.13542,0.13542,0.13542,1
2018-02-15 15:53:00,0.13532,0.13542,0.13532,0.13542,4
2018-02-15 15:54:00,0.13562,0.13562,0.13542,0.13542,5
2018-02-15 15:55:00,0.13582,0.13592,0.1357,0.1357,12
2018-02-15 15:56:00,0.13632,0.13634,0.13582,0.13592,41
2018-02-15 15:57:00,0.13662,0.13662,0.13622,0.13626,27
2018-02-15 15:58:00,0.13658,0.13672,0.13658,0.1366,11
2018-02-15 15:59:00,0.13652,0.13658,0.13652,0.13652,6
2018-02-15 16:00:00,0.13652,0.13654,0.13652,0.13654,2
2018-02-15 16:01:00,0.13698,0.13702,0.13662,0.13662,18
2018-02-15 16:02:00,0.13648,0.13692,0.13638,0.13692,16
2018-02-15 16:03:00,0.13662,0.13672,0.13652,0.13652,7
2018-02-15 16:05:00,0.13652,0.13652,0.13652,0.13652,1
2018-02-15 16:07:00,0.13632,0.13646,0.13632,0.13646,7
2018-02-15 16:08:00,0.13632,0.13642,0.13632,0.13638,8
2018-02-15 16:09:00,0.13642,0.13642,0.13642,0.13642,1
2018-02-15 16:10:00,0.13632,0.13652,0.13632,0.13652,3
2018-02-15 16:11:00,0.13642,0.13642,0.13638,0.13638,2
2018-02-15 16:12:00,0.13652,0.13652,0.13632,0.13632,5
2018-02-15 16:13:00,0.13642,0.13646,0.13642,0.13646,2
2018-02-15 16:14:00,0.13632,0.13642,0.13632,0.13638,4
2018-02-15 16:15:00,0.13632,0.13638,0.13622,0.13622,8
2018-02-15 16:17:00,0.13632,0.13638,0.13632,0.13638,4
2018-02-15 16:18:00,0.13602,0.13622,0.13602,0.13622,7
2018-02-15 16:19:00,0.13598,0.13612,0.13592,0.13608,14
2018-02-15 16:20:00,0.13608,0.13612,0.13602,0.13602,10
2018-02-15 16:21:00,0.13612,0.13612,0.13602,0.13612,15
2018-02-15 16:22:00,0.13612,0.13612,0.13602,0.13602,2
2018-02-15 16:24:00,0.13608,0.13612,0.13602,0.13608,5
2018-02-15 16:25:00,0.13612,0.13612,0.13612,0.13612,1
2018-02-15 16:26:00,0.13622,0.13622,0.1362,0.1362,2
2018-02-15 16:27:00,0.13632,0.13632,0.13632,0.13632,1
2018-02-15 16:28:00,0.13642,0.13642,0.13642,0.13642,1
2018-02-15 16:29:00,0.13652,0.13652,0.13652,0.13652,1
2018-02-15 16:30:00,0.13652,0.13662,0.13652,0.13662,6
2018-02-15 16:31:00,0.13642,0.13646,0.13642,0.13646,2
2018-02-15 16:33:00,0.13632,0.13642,0.13632,0.13638,5
2018-02-15 16:34:00,0.13622,0.13628,0.13622,0.13622,3
2018-02-15 16:35:00,0.13622,0.13632,0.13622,0.13628,6
2018-02-15 16:36:00,0.13618,0.13622,0.13612,0.13616,7
2018-02-15 16:37:00,0.13612,0.13618,0.13612,0.13612,5
2018-02-15 16:38:00,0.13622,0.13622,0.13622,0.13622,1
2018-02-15 16:40:00,0.13632,0.13632,0.13612,0.13612,4
2018-02-15 16:42:00,0.13622,0.13628,0.13622,0.13622,3
2018-02-15 16:43:00,0.13618,0.13628,0.13618,0.13628,3
2018-02-15 16:44:00,0.13622,0.13622,0.13618,0.13622,5
2018-02-15 16:45:00,0.13618,0.13618,0.13616,0.13618,3
2018-02-15 16:46:00,0.13622,0.13622,0.13618,0.13622,7
2018-02-15 16:47:00,0.13622,0.13622,0.13618,0.13618,2
2018-02-15 16:50:00,0.13612,0.13618,0.13612,0.13618,6
2018-02-15 16:51:00,0.13622,0.13622,0.13622,0.13622,1
2018-02-15 16:53:00,0.13632,0.13632,0.1363,0.1363,2
2018-02-15 16:55:00,0.13612,0.13626,0.13612,0.13626,4
2018-02-15 16:57:00,0.13602,0.13612,0.13602,0.13602,6
2018-02-15 16:58:00,0.13592,0.13598,0.13592,0.13592,3
2018-02-15 16:59:00,0.13572,0.13582,0.13572,0.13582,9
2018-02-15 17:00:00,0.13592,0.13592,0.13582,0.13582,2
2018-02-15 17:01:00,0.13598,0.13598,0.13598,0.13598,1
2018-02-15 17:02:00,0.13592,0.13592,0.13592,0.13592,1
2018-02-15 17:03:00,0.13602,0.13602,0.136,0.136,2
2018-02-15 17:04:00,0.13602,0.13602,0.13596,0.13596,3
2018-02-15 17:05:00,0.13602,0.13602,0.13598,0.13598,2
2018-02-15 17:07:00,0.13592,0.13602,0.13592,0.13598,4
2018-02-15 17:08:00,0.13582,0.13592,0.13582,0.13588,6
2018-02-15 17:10:00,0.13562,0.13578,0.13544,0.13578,15
2018-02-15 17:11:00,0.13572,0.13572,0.13562,0.1357,5
2018-02-15 17:13:00,0.13582,0.13582,0.13566,0.13566,7
2018-02-15 17:14:00,0.13562,0.13582,0.13562,0.13578,14
2018-02-15 17:15:00,0.13572,0.13572,0.13572,0.13572,1
2018-02-15 17:16:00,0.13572,0.13582,0.13572,0.1358,5
2018-02-15 17:17:00,0.13562,0.13562,0.13562,0.13562,1
2018-02-15 17:19:00,0.13572,0.13572,0.1357,0.1357,2
2018-02-15 17:20:00,0.13582,0.13582,0.13578,0.13578,2
2018-02-15 17:22:00,0.13572,0.13582,0.13572,0.13578,6
2018-02-15 17:23:00,0.13562,0.13566,0.13562,0.13566,2
2018-02-15 17:25:00,0.13558,0.13558,0.13558,0.13558,1
2018-02-15 17:26:00,0.13562,0.13562,0.13554,0.13562,3
2018-02-15 17:27:00,0.13554,0.13556,0.13554,0.13556,2
2018-02-15 17:28:00,0.13544,0.13546,0.13544,0.13546,2
2018-02-15 17:29:00,0.13534,0.13536,0.13514,0.13536,7
2018-02-15 17:30:00,0.13544,0.13544,0.13544,0.13544,1
2018-02-15 17:32:00,0.13564,0.13564,0.13554,0.13554,2
2018-02-15 17:33:00,0.13572,0.13572,0.13554,0.13556,9
2018-02-15 17:34:00,0.13558,0.13572,0.13554,0.13568,19
2018-02-15 17:35:00,0.13582,0.13582,0.13554,0.13564,9
2018-02-15 17:36:00,0.13582,0.13584,0.13582,0.13584,4
2018-02-15 17:37:00,0.13584,0.13584,0.13578,0.13578,6
2018-02-15 17:38:00,0.13582,0.13584,0.13572,0.13578,5
2018-02-15 17:39:00,0.13586,0.13586,0.13584,0.13584,2
2018-02-15 17:40:00,0.13582,0.13586,0.13582,0.13586,4
2018-02-15 17:41:00,0.13582,0.13582,0.13572,0.13572,4
2018-02-15 17:42:00,0.13578,0.13582,0.13572,0.13578,6
2018-02-15 17:43:00,0.13578,0.13582,0.13572,0.13582,5
2018-02-15 17:44:00,0.13564,0.13582,0.13564,0.13582,6
2018-02-15 17:45:00,0.13592,0.13592,0.13568,0.13568,8
2018-02-15 17:46:00,0.13574,0.13582,0.13574,0.13582,5
2018-02-15 17:48:00,0.13564,0.13564,0.13564,0.13564,1
2018-02-15 17:49:00,0.13554,0.13556,0.13554,0.13556,2
2018-02-15 17:50:00,0.13554,0.13558,0.13544,0.13544,6
2018-02-15 17:51:00,0.13554,0.13558,0.13554,0.13558,2
2018-02-15 17:53:00,0.13574,0.13592,0.13554,0.13564,14
2018-02-15 17:54:00,0.13582,0.1359,0.13574,0.13582,19
2018-02-15 17:55:00,0.13582,0.13582,0.13576,0.13576,2
2018-02-15 17:56:00,0.13582,0.13592,0.13582,0.13592,2
2018-02-15 17:57:00,0.13574,0.13574,0.13574,0.13574,1
2018-02-15 17:58:00,0.13584,0.13584,0.13574,0.1358,7
2018-02-15 17:59:00,0.13574,0.13584,0.13574,0.13584,3
2018-02-16 08:30:00,0.13626,0.13626,0.13586,0.13606,22
2018-02-16 08:31:00,0.1361,0.13626,0.1361,0.1362,9
2018-02-16 08:32:00,0.13616,0.13626,0.13616,0.1362,4
2018-02-16 08:33:00,0.13626,0.13636,0.13616,0.13622,8
2018-02-16 08:34:00,0.1361,0.1363,0.13606,0.1363,7
2018-02-16 08:35:00,0.13616,0.13626,0.13616,0.13616,5
2018-02-16 08:36:00,0.13636,0.13646,0.13622,0.13622,7
2018-02-16 08:37:00,0.13636,0.13636,0.13626,0.13626,2
2018-02-16 08:38:00,0.13636,0.1364,0.13636,0.1364,2
2018-02-16 08:40:00,0.1363,0.13636,0.1363,0.1363,3
2018-02-16 08:41:00,0.13636,0.13636,0.1363,0.13636,3
2018-02-16 08:42:00,0.13626,0.1363,0.13626,0.1363,2
2018-02-16 08:43:00,0.1362,0.1362,0.1362,0.1362,1
2018-02-16 08:44:00,0.13616,0.13616,0.13616,0.13616,1
2018-02-16 08:45:00,0.13606,0.13606,0.13606,0.13606,1
2018-02-16 08:53:00,0.136,0.136,0.1359,0.136,9
2018-02-16 08:54:00,0.13576,0.136,0.13576,0.13596,16
2018-02-16 08:55:00,0.13566,0.13566,0.13566,0.13566,1
2018-02-16 08:57:00,0.13576,0.13576,0.13576,0.13576,1
2018-02-16 09:01:00,0.1358,0.13586,0.1358,0.13582,3
2018-02-16 09:02:00,0.13586,0.13586,0.13586,0.13586,1
2018-02-16 09:03:00,0.1358,0.13586,0.13576,0.1358,9
2018-02-16 09:04:00,0.13586,0.13586,0.13586,0.13586,1
2018-02-16 09:05:00,0.1358,0.1358,0.1358,0.1358,1
2018-02-16 09:06:00,0.1358,0.13586,0.1358,0.13586,6
2018-02-16 09:07:00,0.1357,0.1358,0.1357,0.13576,12
2018-02-16 09:12:00,0.1357,0.1357,0.13568,0.13568,4
2018-02-16 09:15:00,0.13566,0.1357,0.1356,0.13568,14
2018-02-16 09:16:00,0.13556,0.13568,0.13556,0.13568,6
2018-02-16 09:18:00,0.1356,0.13566,0.13556,0.1356,5
2018-02-16 09:19:00,0.13556,0.1356,0.13556,0.13556,3
2018-02-16 09:24:00,0.13536,0.13546,0.13536,0.1354,6
2018-02-16 09:25:00,0.1355,0.13556,0.1354,0.13546,6
2018-02-16 09:26:00,0.13566,0.13566,0.1355,0.13556,4
2018-02-16 09:27:00,0.13566,0.1357,0.13566,0.1357,4
2018-02-16 09:28:00,0.1357,0.1357,0.1357,0.1357,1
2018-02-16 09:29:00,0.1357,0.1357,0.13566,0.13566,2
2018-02-16 09:30:00,0.13566,0.13566,0.1356,0.1356,4
2018-02-16 09:31:00,0.13576,0.13576,0.1357,0.1357,2
2018-02-16 09:33:00,0.13566,0.1357,0.13566,0.1357,4
2018-02-16 09:34:00,0.13556,0.13556,0.13556,0.13556,1
2018-02-16 09:35:00,0.1355,0.1355,0.13548,0.13548,2
2018-02-16 09:36:00,0.13536,0.13544,0.13536,0.13544,3
2018-02-16 09:45:00,0.1354,0.1354,0.1354,0.1354,1
2018-02-16 09:51:00,0.1355,0.1355,0.1355,0.1355,1
2018-02-16 09:52:00,0.1354,0.1354,0.1354,0.1354,1
2018-02-16 09:54:00,0.13546,0.13546,0.13546,0.13546,1
2018-02-16 09:56:00,0.1354,0.1354,0.1354,0.1354,4
2018-02-16 09:57:00,0.13536,0.13536,0.13536,0.13536,1
2018-02-16 10:01:00,0.1354,0.13546,0.1354,0.1354,3
2018-02-16 10:02:00,0.13546,0.13546,0.13546,0.13546,1
2018-02-16 10:03:00,0.1354,0.1354,0.13536,0.1354,3
2018-02-16 10:04:00,0.1354,0.13546,0.1354,0.13546,4
2018-02-16 10:05:00,0.1354,0.13546,0.1354,0.13546,2
2018-02-16 10:07:00,0.1354,0.13546,0.1354,0.13546,4
2018-02-16 10:08:00,0.13536,0.13536,0.13536,0.13536,1
2018-02-16 10:10:00,0.13536,0.1354,0.13536,0.1354,2
2018-02-16 10:12:00,0.13536,0.1354,0.13536,0.1354,2
2018-02-16 10:13:00,0.1354,0.1354,0.1354,0.1354,1
2018-02-16 10:14:00,0.13536,0.1354,0.13536,0.13536,3
2018-02-16 10:16:00,0.1352,0.1353,0.1352,0.1353,2
2018-02-16 10:18:00,0.1352,0.13526,0.1352,0.13526,2
2018-02-16 10:19:00,0.1352,0.13526,0.1352,0.13526,2
2018-02-16 10:21:00,0.1352,0.13526,0.1352,0.13526,4
2018-02-16 10:22:00,0.1352,0.13526,0.1352,0.13526,6
2018-02-16 10:23:00,0.13516,0.13526,0.13516,0.13526,3
2018-02-16 10:31:00,0.13526,0.13526,0.13526,0.13526,1
2018-02-16 10:34:00,0.13516,0.13516,0.13516,0.13516,1
2018-02-16 10:36:00,0.13526,0.13526,0.13526,0.13526,1
2018-02-16 10:37:00,0.1353,0.1353,0.1353,0.1353,1
2018-02-16 10:39:00,0.13536,0.13536,0.13536,0.13536,1
2018-02-16 10:43:00,0.13536,0.13546,0.13536,0.13546,4
2018-02-16 10:46:00,0.13526,0.13526,0.13522,0.13526,13
2018-02-16 10:47:00,0.13516,0.13518,0.13516,0.13516,3
2018-02-16 10:53:00,0.13516,0.13516,0.13506,0.13506,6
2018-02-16 10:55:00,0.13516,0.13516,0.13506,0.13512,8
2018-02-16 10:56:00,0.13512,0.13516,0.13506,0.1351,9
2018-02-16 10:57:00,0.13516,0.13516,0.13512,0.13516,5
2018-02-16 11:04:00,0.13506,0.13512,0.13506,0.13512,2
2018-02-16 11:05:00,0.13516,0.13516,0.13516,0.13516,1
2018-02-16 11:13:00,0.13526,0.13526,0.13526,0.13526,1
2018-02-16 11:14:00,0.13516,0.1352,0.13516,0.1352,2
2018-02-16 11:21:00,0.13506,0.1351,0.13506,0.1351,4
2018-02-16 11:32:00,0.13506,0.13512,0.13506,0.13512,8
2018-02-16 11:58:00,0.13506,0.13512,0.13506,0.13512,2
2018-02-16 11:59:00,0.13506,0.13506,0.13504,0.13504,10
2018-02-16 12:00:00,0.13486,0.135,0.13486,0.135,8
2018-02-16 12:03:00,0.13482,0.13482,0.13476,0.13482,3
2018-02-16 12:04:00,0.13476,0.13476,0.13476,0.13476,1
2018-02-16 12:05:00,0.13476,0.13486,0.13476,0.13482,9
2018-02-16 12:12:00,0.13486,0.13486,0.13476,0.13482,9
2018-02-16 12:15:00,0.13476,0.13476,0.13476,0.13476,1
2018-02-16 12:17:00,0.13476,0.13476,0.13474,0.13474,2
2018-02-16 12:25:00,0.13486,0.13492,0.13486,0.13486,5
2018-02-16 12:26:00,0.13486,0.13486,0.13476,0.13482,3
2018-02-16 12:27:00,0.13476,0.13482,0.13476,0.13482,2
2018-02-16 12:31:00,0.13486,0.13486,0.13482,0.13486,3
2018-02-16 12:32:00,0.13492,0.13496,0.13486,0.13492,5
2018-02-16 12:33:00,0.13486,0.13496,0.13486,0.13496,3
2018-02-16 12:34:00,0.13496,0.13496,0.13486,0.13496,9
2018-02-16 12:35:00,0.13492,0.13496,0.13486,0.13492,7
2018-02-16 12:36:00,0.13496,0.13496,0.13492,0.13496,5
2018-02-16 12:37:00,0.13496,0.13496,0.13492,0.13492,2
2018-02-16 12:39:00,0.13492,0.13492,0.13492,0.13492,1
2018-02-16 12:40:00,0.13496,0.13496,0.13496,0.13496,1
2018-02-16 12:52:00,0.13486,0.13486,0.13486,0.13486,1
2018-02-16 12:57:00,0.13476,0.13476,0.13476,0.13476,1
2018-02-16 12:59:00,0.13496,0.13502,0.13482,0.13486,12
2018-02-16 13:00:00,0.13522,0.13536,0.13492,0.13502,42
2018-02-16 13:01:00,0.13526,0.13526,0.13516,0.13516,5
2018-02-16 13:02:00,0.13536,0.13536,0.13532,0.13532,2
2018-02-16 13:03:00,0.13544,0.13544,0.13544,0.13544,1
2018-02-16 13:04:00,0.13562,0.13572,0.13556,0.13556,8
2018-02-16 13:05:00,0.13572,0.13576,0.13552,0.13556,8
2018-02-16 13:06:00,0.13566,0.13566,0.13566,0.13566,1
2018-02-16 13:07:00,0.13572,0.13572,0.13572,0.13572,1
2018-02-16 13:08:00,0.13566,0.13572,0.13562,0.13566,5
2018-02-16 13:11:00,0.13556,0.13562,0.13556,0.13562,2
2018-02-16 13:12:00,0.13552,0.13556,0.13552,0.13552,3
2018-02-16 13:13:00,0.13566,0.13566,0.13556,0.13556,2
2018-02-16 13:14:00,0.13566,0.13566,0.13562,0.13562,2
2018-02-16 13:15:00,0.13576,0.13576,0.13576,0.13576,1
2018-02-16 13:16:00,0.13572,0.13576,0.13572,0.13572,3
2018-02-16 13:17:00,0.13576,0.13576,0.13576,0.13576,1
2018-02-16 13:21:00,0.13566,0.13572,0.13566,0.13572,2
2018-02-16 13:22:00,0.13572,0.13576,0.13572,0.13574,8
2018-02-16 13:23:00,0.13566,0.13572,0.13566,0.13566,3
2018-02-16 13:25:00,0.13536,0.13566,0.13536,0.13564,7
2018-02-16 13:26:00,0.13556,0.13556,0.13536,0.13542,17
2018-02-16 13:27:00,0.13556,0.13562,0.13552,0.13552,5
2018-02-16 13:28:00,0.13552,0.13552,0.13552,0.13552,1
2018-02-16 13:30:00,0.13536,0.13542,0.13536,0.13542,2
2018-02-16 13:31:00,0.13536,0.13536,0.13534,0.13534,6
2018-02-16 13:32:00,0.13526,0.13532,0.13526,0.13532,2
2018-02-16 13:33:00,0.13526,0.13536,0.13526,0.13534,8
2018-02-16 13:34:00,0.13522,0.13522,0.13522,0.13522,1
2018-02-16 13:35:00,0.13516,0.13516,0.13514,0.13516,5
2018-02-16 13:36:00,0.13496,0.13516,0.13496,0.13514,7
2018-02-16 13:37:00,0.13482,0.1349,0.13482,0.1349,5
2018-02-16 13:38:00,0.13482,0.13486,0.13476,0.13476,6
2018-02-16 13:40:00,0.13482,0.13482,0.1348,0.1348,2
2018-02-16 13:42:00,0.13476,0.13482,0.13476,0.13476,3
2018-02-16 13:43:00,0.13466,0.13476,0.13466,0.1347,6
2018-02-16 13:44:00,0.13466,0.13466,0.13464,0.13464,4
2018-02-16 13:45:00,0.13462,0.13466,0.13456,0.1346,7
2018-02-16 13:46:00,0.13456,0.13456,0.13456,0.13456,1
2018-02-16 13:49:00,0.13482,0.13482,0.13462,0.13462,4
2018-02-16 13:50:00,0.13492,0.13492,0.13476,0.13476,8
2018-02-16 13:51:00,0.13486,0.13492,0.13486,0.1349,3
2018-02-16 13:52:00,0.13486,0.13486,0.13482,0.13482,2
2018-02-16 13:53:00,0.13486,0.13492,0.13486,0.13492,2
2018-02-16 13:54:00,0.13492,0.13496,0.13492,0.13496,2
2018-02-16 13:55:00,0.13492,0.13492,0.13486,0.13486,2
2018-02-16 13:56:00,0.13486,0.13496,0.13486,0.13496,5
2018-02-16 13:57:00,0.13492,0.13492,0.13482,0.13482,7
2018-02-16 13:58:00,0.13506,0.13506,0.13498,0.13498,8
2018-02-16 13:59:00,0.13506,0.13506,0.13502,0.13502,2
2018-02-16 14:00:00,0.13496,0.13506,0.13496,0.13502,4
2018-02-16 14:01:00,0.13486,0.13496,0.13486,0.13492,4
2018-02-16 14:02:00,0.13476,0.13482,0.13476,0.13476,3
2018-02-16 14:03:00,0.13476,0.13492,0.13476,0.13482,6
2018-02-16 14:05:00,0.13466,0.1347,0.13466,0.1347,2
2018-02-16 14:07:00,0.13476,0.13476,0.13476,0.13476,1
2018-02-16 14:08:00,0.13472,0.13476,0.13472,0.13472,5
2018-02-16 14:09:00,0.13476,0.13476,0.13476,0.13476,1
2018-02-16 14:10:00,0.13482,0.13482,0.13482,0.13482,1
2018-02-16 14:11:00,0.13476,0.13482,0.13476,0.13476,3
2018-02-16 14:13:00,0.13466,0.1347,0.13466,0.1347,4
2018-02-16 14:22:00,0.13466,0.13466,0.13466,0.13466,2
2018-02-16 14:23:00,0.13456,0.13458,0.13456,0.13456,3
2018-02-16 14:25:00,0.13436,0.13456,0.13436,0.13456,7
2018-02-16 14:26:00,0.13418,0.13432,0.13412,0.1343,19
2018-02-16 14:29:00,0.13368,0.13418,0.13368,0.13412,16
2018-02-16 14:30:00,0.13382,0.13388,0.13378,0.13378,12
2018-02-16 14:31:00,0.13388,0.13398,0.13388,0.13388,5
2018-02-16 14:32:00,0.13394,0.13394,0.13394,0.13394,1
2018-02-16 14:33:00,0.13408,0.13412,0.13398,0.13398,10
2018-02-16 14:34:00,0.13418,0.13422,0.13402,0.13402,7
2018-02-16 14:35:00,0.13418,0.13422,0.13418,0.13422,6
2018-02-16 14:36:00,0.13402,0.1341,0.13402,0.1341,3
2018-02-16 14:37:00,0.13402,0.13412,0.13402,0.13408,4
2018-02-16 14:38:00,0.13408,0.13412,0.13408,0.13412,2
2018-02-16 14:39:00,0.13398,0.13398,0.13398,0.13398,1
2018-02-16 14:40:00,0.13402,0.13402,0.13398,0.13398,5
2018-02-16 14:41:00,0.13398,0.13402,0.13398,0.13398,3
2018-02-16 14:42:00,0.13398,0.13404,0.13398,0.13404,3
2018-02-16 14:43:00,0.13392,0.13398,0.13388,0.13392,5
2018-02-16 14:44:00,0.13408,0.13408,0.13388,0.13388,19
2018-02-16 14:45:00,0.13408,0.13418,0.13398,0.134,13
2018-02-16 14:46:00,0.13408,0.13408,0.13402,0.13402,2
2018-02-16 14:47:00,0.13422,0.13422,0.13412,0.13412,2
2018-02-16 14:48:00,0.13408,0.13428,0.13408,0.13428,6
2018-02-16 14:50:00,0.13412,0.13412,0.13412,0.13412,1
2018-02-16 14:51:00,0.13408,0.13418,0.13408,0.13414,6
2018-02-16 14:53:00,0.13398,0.134,0.13398,0.134,2
2018-02-16 14:54:00,0.13418,0.13418,0.13408,0.13408,3
2018-02-16 14:55:00,0.13408,0.13418,0.13408,0.13408,3
2018-02-16 14:56:00,0.13398,0.13402,0.13398,0.13398,3
2018-02-16 15:03:00,0.13398,0.13408,0.13398,0.13408,3
2018-02-16 15:05:00,0.13358,0.13388,0.13358,0.13388,10
2018-02-16 15:07:00,0.13318,0.1335,0.13318,0.1335,8
2018-02-16 15:08:00,0.13328,0.13328,0.13328,0.13328,1
2018-02-16 15:09:00,0.13348,0.13348,0.13328,0.13338,12
2018-02-16 15:10:00,0.13338,0.13342,0.13338,0.13342,4
2018-02-16 15:11:00,0.13334,0.13338,0.13328,0.13328,8
2018-02-16 15:12:00,0.13328,0.13338,0.13328,0.13334,4
2018-02-16 15:13:00,0.13318,0.13328,0.13318,0.1332,7
2018-02-16 15:14:00,0.13312,0.13312,0.13298,0.13308,7
2018-02-16 15:15:00,0.13318,0.13318,0.13308,0.13308,5
2018-02-16 15:16:00,0.13292,0.1331,0.13292,0.1331,5
2018-02-16 15:17:00,0.13298,0.13298,0.13292,0.13298,3
2018-02-16 15:18:00,0.13318,0.13318,0.13302,0.13302,4
2018-02-16 15:19:00,0.13308,0.13318,0.13308,0.13312,9
2018-02-16 15:20:00,0.13308,0.13308,0.13298,0.13298,3
2018-02-16 15:25:00,0.13302,0.13302,0.13302,0.13302,1
2018-02-16 15:26:00,0.13298,0.13308,0.13298,0.13308,5
2018-02-16 15:27:00,0.13308,0.13308,0.13302,0.13308,13
2018-02-16 15:28:00,0.13318,0.13328,0.13312,0.13314,7
2018-02-16 15:29:00,0.13322,0.13322,0.13322,0.13322,1
2018-02-16 15:30:00,0.13318,0.13328,0.13318,0.13324,5
2018-02-16 15:31:00,0.13312,0.13318,0.13308,0.13312,7
2018-02-16 15:32:00,0.13318,0.13322,0.13318,0.13318,5
2018-02-16 15:33:00,0.13322,0.13328,0.13318,0.13328,4
2018-02-16 15:34:00,0.13328,0.13328,0.13318,0.13328,14
2018-02-16 15:35:00,0.13322,0.13328,0.13318,0.13318,6
2018-02-16 15:36:00,0.13332,0.13338,0.13318,0.13318,7
2018-02-16 15:37:00,0.13338,0.1334,0.13328,0.13338,6
2018-02-16 15:38:00,0.13318,0.13332,0.13318,0.13332,4
2018-02-16 15:39:00,0.13318,0.1332,0.13318,0.1332,2
2018-02-16 15:41:00,0.13322,0.13322,0.13318,0.1332,5
2018-02-16 15:42:00,0.13328,0.13328,0.13318,0.13318,7
2018-02-16 15:43:00,0.13318,0.13322,0.13318,0.13322,4
2018-02-16 15:47:00,0.13318,0.13328,0.13318,0.13322,5
2018-02-16 15:49:00,0.13318,0.13318,0.13312,0.13312,2
2018-02-16 15:52:00,0.13312,0.13322,0.13312,0.13322,3
2018-02-16 15:53:00,0.13318,0.13318,0.13308,0.13308,4
2018-02-16 15:54:00,0.13318,0.13328,0.13318,0.13328,9
2018-02-16 15:56:00,0.13288,0.13312,0.13288,0.13312,12
2018-02-16 15:58:00,0.13288,0.13288,0.13286,0.13286,2
2018-02-16 15:59:00,0.13278,0.13288,0.13278,0.13286,4
2018-02-16 16:00:00,0.13278,0.13278,0.13266,0.13268,6
2018-02-16 16:01:00,0.13268,0.13272,0.13268,0.13272,4
2018-02-16 16:02:00,0.13268,0.13274,0.13268,0.1327,5
2018-02-16 16:03:00,0.13268,0.1327,0.13268,0.1327,2
2018-02-16 16:16:00,0.13278,0.13282,0.13274,0.13274,4
2018-02-16 16:24:00,0.13268,0.13268,0.13268,0.13268,1
2018-02-16 16:26:00,0.13272,0.13278,0.13268,0.13272,9
2018-02-16 16:27:00,0.13268,0.13268,0.13268,0.13268,1
2018-02-16 16:34:00,0.13268,0.13278,0.13268,0.13272,6
2018-02-16 16:46:00,0.13272,0.13278,0.13272,0.13272,3
2018-02-16 16:47:00,0.13268,0.13268,0.13268,0.13268,1
2018-02-16 17:03:00,0.13258,0.13258,0.13258,0.13258,1
2018-02-16 17:06:00,0.13272,0.13278,0.13268,0.13268,12
2018-02-16 17:07:00,0.13262,0.13268,0.13262,0.13268,6
2018-02-16 17:08:00,0.13258,0.13268,0.13258,0.13268,5
2018-02-16 17:13:00,0.13278,0.13278,0.13264,0.13264,4
2018-02-16 17:14:00,0.13268,0.13278,0.13268,0.13272,12
2018-02-16 17:16:00,0.13278,0.13278,0.13278,0.13278,1
2018-02-16 17:21:00,0.13268,0.13268,0.13268,0.13268,1
2018-02-16 17:24:00,0.13268,0.13268,0.13258,0.13264,3
2018-02-16 17:25:00,0.13258,0.13262,0.13258,0.13262,2
2018-02-16 17:39:00,0.13258,0.1326,0.13258,0.1326,2
2018-02-16 17:40:00,0.13268,0.13268,0.13258,0.13264,11
2018-02-16 17:43:00,0.13258,0.13264,0.13258,0.13262,3
2018-02-16 17:44:00,0.13268,0.13268,0.13268,0.13268,1
2018-02-16 17:48:00,0.13298,0.13298,0.13278,0.13278,10
2018-02-16 17:49:00,0.13318,0.13318,0.13288,0.13292,17
2018-02-16 17:50:00,0.13338,0.13338,0.13318,0.1332,17
2018-02-16 17:51:00,0.13318,0.13338,0.13318,0.13336,17
2018-02-16 17:53:00,0.13348,0.13348,0.13316,0.13316,10
2018-02-16 17:54:00,0.13328,0.13348,0.13318,0.13342,15
2018-02-16 17:55:00,0.13318,0.13328,0.13318,0.13322,9
2018-02-16 17:57:00,0.13332,0.13338,0.13328,0.13328,8
2018-02-16 17:58:00,0.13332,0.13338,0.13328,0.13328,6
2018-02-16 17:59:00,0.13332,0.13332,0.13332,0.13332,1
2018-02-20 08:30:00,0.13492,0.13492,0.13462,0.13476,17
2018-02-20 08:31:00,0.13472,0.13492,0.13472,0.13486,14
2018-02-20 08:34:00,0.13472,0.13472,0.1347,0.1347,2
2018-02-20 08:35:00,0.13452,0.13456,0.13442,0.13456,10
2018-02-20 08:36:00,0.13462,0.13462,0.13452,0.13462,10
2018-02-20 08:37:00,0.13466,0.13472,0.13462,0.13472,5
2018-02-20 08:38:00,0.13432,0.13462,0.13422,0.13462,18
2018-02-20 08:39:00,0.13432,0.13436,0.13432,0.13436,2
2018-02-20 08:40:00,0.13442,0.13442,0.13422,0.13426,4
2018-02-20 08:41:00,0.13442,0.13442,0.13436,0.13436,2
2018-02-20 08:43:00,0.13442,0.13442,0.13432,0.13436,4
2018-02-20 08:44:00,0.13432,0.13432,0.13432,0.13432,1
2018-02-20 08:45:00,0.13446,0.13446,0.13432,0.13436,32
2018-02-20 08:46:00,0.13436,0.13452,0.13436,0.13452,3
2018-02-20 08:47:00,0.13432,0.13432,0.13432,0.13432,1
2018-02-20 08:48:00,0.13452,0.13452,0.13438,0.13438,5
2018-02-20 08:49:00,0.13472,0.13472,0.13472,0.13472,1
2018-02-20 08:53:00,0.13482,0.13482,0.13472,0.13476,4
2018-02-20 08:54:00,0.13476,0.13476,0.13472,0.13476,3
2018-02-20 08:55:00,0.13482,0.13482,0.13482,0.13482,1
2018-02-20 08:56:00,0.13486,0.13486,0.13486,0.13486,1
2018-02-20 08:59:00,0.13486,0.13486,0.13482,0.13482,2
2018-02-20 09:00:00,0.13492,0.13496,0.13486,0.13492,5
2018-02-20 09:01:00,0.13492,0.13496,0.13492,0.13496,2
2018-02-20 09:02:00,0.13486,0.13486,0.13486,0.13486,1
2018-02-20 09:03:00,0.13486,0.13486,0.13482,0.13482,2
2018-02-20 09:04:00,0.13492,0.13492,0.13492,0.13492,1
2018-02-20 09:05:00,0.13492,0.13496,0.13492,0.13496,2
2018-02-20 09:08:00,0.13486,0.13486,0.13486,0.13486,1
2018-02-20 09:10:00,0.13492,0.13492,0.13492,0.13492,1
2018-02-20 09:13:00,0.13482,0.13482,0.13482,0.13482,1
2018-02-20 09:19:00,0.13476,0.13476,0.13476,0.13476,1
2018-02-20 09:20:00,0.13482,0.13482,0.13472,0.13472,2
2018-02-20 09:21:00,0.13472,0.13476,0.13472,0.13476,4
2018-02-20 09:24:00,0.13472,0.13476,0.13472,0.13476,2
2018-02-20 09:26:00,0.13476,0.13476,0.13476,0.13476,1
2018-02-20 09:27:00,0.13472,0.13472,0.13472,0.13472,1
2018-02-20 09:28:00,0.13482,0.13482,0.13476,0.13476,2
2018-02-20 09:30:00,0.13486,0.13492,0.13482,0.13482,6
2018-02-20 09:31:00,0.13482,0.13486,0.13482,0.13486,5
2018-02-20 09:33:00,0.13486,0.13486,0.13486,0.13486,1
2018-02-20 09:34:00,0.13482,0.13492,0.13482,0.13492,2
2018-02-20 09:40:00,0.13486,0.13492,0.13486,0.13492,2
2018-02-20 09:41:00,0.13492,0.13492,0.13492,0.13492,1
2018-02-20 09:42:00,0.13482,0.13482,0.13476,0.13482,3
2018-02-20 09:44:00,0.13482,0.13486,0.13482,0.13486,2
2018-02-20 09:49:00,0.13492,0.13492,0.13486,0.13486,2
2018-02-20 09:53:00,0.13482,0.13482,0.13482,0.13482,1
2018-02-20 09:56:00,0.13472,0.13476,0.13472,0.13476,2
2018-02-20 09:57:00,0.13462,0.13466,0.13462,0.13466,8
2018-02-20 10:03:00,0.13462,0.13472,0.13462,0.13468,4
2018-02-20 10:04:00,0.13472,0.13472,0.13462,0.13472,26
2018-02-20 10:05:00,0.13462,0.13466,0.13462,0.13466,2
2018-02-20 10:15:00,0.13462,0.13462,0.13456,0.13456,6
2018-02-20 10:16:00,0.13462,0.13462,0.13456,0.13456,2
2018-02-20 10:18:00,0.13462,0.13462,0.13456,0.13456,2
2018-02-20 10:19:00,0.13462,0.13462,0.13456,0.13456,2
2018-02-20 10:20:00,0.13462,0.13462,0.13458,0.13458,2
2018-02-20 10:21:00,0.13462,0.13462,0.13458,0.13458,2
2018-02-20 10:25:00,0.13428,0.13452,0.13428,0.13452,5
2018-02-20 10:26:00,0.13428,0.13432,0.13428,0.13432,4
2018-02-20 10:27:00,0.13428,0.13432,0.13428,0.13432,2
2018-02-20 10:29:00,0.13432,0.13432,0.13432,0.13432,1
2018-02-20 10:30:00,0.13442,0.13448,0.13442,0.13448,2
2018-02-20 10:31:00,0.13428,0.13432,0.13428,0.13432,2
2018-02-20 10:32:00,0.13432,0.13432,0.13432,0.13432,1
2018-02-20 10:33:00,0.13428,0.13428,0.13428,0.13428,1
2018-02-20 10:34:00,0.13442,0.13442,0.13432,0.13432,3
2018-02-20 10:35:00,0.13432,0.13438,0.13432,0.13432,3
2018-02-20 10:42:00,0.13422,0.13426,0.13422,0.13426,2
2018-02-20 10:49:00,0.13402,0.13412,0.13402,0.13412,3
2018-02-20 10:50:00,0.13382,0.13392,0.13382,0.13392,5
2018-02-20 10:51:00,0.13382,0.13384,0.13382,0.13384,2
2018-02-20 10:55:00,0.13382,0.13388,0.13378,0.13378,6
2018-02-20 10:56:00,0.13372,0.13378,0.13372,0.13378,2
2018-02-20 10:57:00,0.13372,0.13382,0.13372,0.13378,4
2018-02-20 10:58:00,0.13372,0.13378,0.1337,0.13378,4
2018-02-20 10:59:00,0.13372,0.13374,0.13372,0.13374,2
2018-02-20 11:00:00,0.13382,0.13382,0.13378,0.1338,7
2018-02-20 11:01:00,0.13372,0.13378,0.13372,0.13378,2
2018-02-20 11:07:00,0.13382,0.13382,0.13382,0.13382,1
2018-02-20 11:10:00,0.13392,0.13392,0.13392,0.13392,1
2018-02-20 11:11:00,0.13388,0.13388,0.13388,0.13388,1
2018-02-20 11:12:00,0.13392,0.13392,0.13392,0.13392,1
2018-02-20 11:14:00,0.13398,0.13398,0.13398,0.13398,1
2018-02-20 11:15:00,0.13382,0.13388,0.13382,0.13388,2
2018-02-20 11:18:00,0.13392,0.13392,0.13388,0.13388,2
2018-02-20 11:19:00,0.13388,0.13388,0.13388,0.13388,1
2018-02-20 11:20:00,0.13392,0.13392,0.13392,0.13392,1
2018-02-20 11:28:00,0.13388,0.13388,0.13388,0.13388,1
2018-02-20 11:29:00,0.13388,0.13388,0.13382,0.13382,2
2018-02-20 11:32:00,0.13392,0.13392,0.13392,0.13392,1
2018-02-20 11:39:00,0.13388,0.13388,0.13388,0.13388,1
2018-02-20 11:40:00,0.13398,0.13398,0.13392,0.13392,2
2018-02-20 11:41:00,0.13388,0.13392,0.13388,0.13388,3
2018-02-20 11:42:00,0.13388,0.13392,0.13382,0.13382,3
2018-02-20 11:45:00,0.13392,0.13392,0.13392,0.13392,1
2018-02-20 11:49:00,0.13392,0.13392,0.1339,0.1339,2
2018-02-20 12:01:00,0.13382,0.13388,0.13382,0.13388,2
2018-02-20 12:05:00,0.13392,0.13392,0.1339,0.1339,2
2018-02-20 12:11:00,0.13382,0.13388,0.13382,0.13386,3
2018-02-20 12:14:00,0.13378,0.13378,0.13378,0.13378,1
2018-02-20 12:15:00,0.13378,0.13378,0.13372,0.13372,2
2018-02-20 12:16:00,0.13382,0.13382,0.13382,0.13382,1
2018-02-20 12:17:00,0.13378,0.13378,0.13378,0.13378,1
2018-02-20 12:18:00,0.13382,0.13382,0.13382,0.13382,1
2018-02-20 12:34:00,0.13378,0.13382,0.13378,0.13378,3
2018-02-20 12:35:00,0.13382,0.13382,0.13382,0.13382,1
2018-02-20 12:38:00,0.13382,0.13384,0.13382,0.13384,2
2018-02-20 12:47:00,0.13388,0.13392,0.13388,0.13392,2
2018-02-20 12:48:00,0.13392,0.13392,0.13388,0.13392,3
2018-02-20 12:50:00,0.13388,0.13388,0.13388,0.13388,1
2018-02-20 12:51:00,0.13388,0.13392,0.13388,0.13392,2
2018-02-20 12:55:00,0.13388,0.13392,0.13388,0.13392,2
2018-02-20 12:56:00,0.13392,0.13392,0.13392,0.13392,1
2018-02-20 12:58:00,0.13382,0.13388,0.13382,0.13388,2
2018-02-20 12:59:00,0.13372,0.13378,0.13372,0.13378,2
2018-02-20 13:00:00,0.13378,0.13382,0.13378,0.13382,2
2018-02-20 13:01:00,0.13372,0.13372,0.13372,0.13372,1
2018-02-20 13:04:00,0.13362,0.13372,0.13362,0.13366,4
2018-02-20 13:08:00,0.13352,0.13352,0.13352,0.13352,1
2018-02-20 13:10:00,0.13342,0.13346,0.13342,0.13346,2
2018-02-20 13:13:00,0.13342,0.13342,0.13342,0.13342,6
2018-02-20 13:14:00,0.13342,0.13342,0.13332,0.13338,4
2018-02-20 13:19:00,0.13362,0.13362,0.1335,0.1335,10
2018-02-20 13:20:00,0.13352,0.13356,0.13352,0.13356,2
2018-02-20 13:21:00,0.13352,0.13352,0.13348,0.13348,2
2018-02-20 13:24:00,0.13352,0.13352,0.13348,0.13348,2
2018-02-20 13:25:00,0.13348,0.13352,0.13348,0.13352,3
2018-02-20 13:26:00,0.13332,0.13342,0.13332,0.13342,11
2018-02-20 13:28:00,0.13342,0.13342,0.1334,0.1334,2
2018-02-20 13:29:00,0.13352,0.13358,0.13352,0.13352,3
2018-02-20 13:30:00,0.13342,0.13342,0.13342,0.13342,1
2018-02-20 13:31:00,0.13352,0.13352,0.13348,0.13348,6
2018-02-20 13:32:00,0.13352,0.13352,0.13348,0.13348,4
2018-02-20 13:33:00,0.13362,0.13362,0.13348,0.13348,11
2018-02-20 13:34:00,0.13378,0.13382,0.13358,0.13358,6
2018-02-20 13:36:00,0.13392,0.13392,0.13382,0.13382,5
2018-02-20 13:37:00,0.13388,0.13388,0.13388,0.13388,1
2018-02-20 13:38:00,0.13382,0.13388,0.13382,0.13382,3
2018-02-20 13:39:00,0.13372,0.13378,0.13372,0.13378,2
2018-02-20 13:44:00,0.13382,0.13388,0.13372,0.13378,7
2018-02-20 13:45:00,0.13372,0.13372,0.13372,0.13372,1
2018-02-20 13:46:00,0.13378,0.13378,0.13378,0.13378,1
2018-02-20 13:47:00,0.13392,0.13392,0.13382,0.13382,2
2018-02-20 13:48:00,0.13408,0.13418,0.13402,0.13402,9
2018-02-20 13:49:00,0.13412,0.13412,0.13412,0.13412,1
2018-02-20 13:50:00,0.13418,0.13418,0.13418,0.13418,1
2018-02-20 13:51:00,0.13402,0.13412,0.13402,0.13412,3
2018-02-20 13:52:00,0.13398,0.13398,0.13392,0.13398,7
2018-02-20 13:53:00,0.13398,0.13398,0.13392,0.13392,2
2018-02-20 13:54:00,0.13402,0.13402,0.13402,0.13402,1
2018-02-20 13:55:00,0.13408,0.13408,0.13398,0.13398,3
2018-02-20 13:58:00,0.13412,0.13412,0.13412,0.13412,1
2018-02-20 14:03:00,0.13412,0.13412,0.13408,0.13408,2
2018-02-20 14:04:00,0.13408,0.13408,0.13408,0.13408,1
2018-02-20 14:05:00,0.13402,0.13412,0.13402,0.13412,3
2018-02-20 14:06:00,0.13412,0.13412,0.1341,0.13412,3
2018-02-20 14:07:00,0.13402,0.13408,0.13402,0.13408,2
2018-02-20 14:15:00,0.13402,0.13404,0.13402,0.13402,6
2018-02-20 14:16:00,0.13408,0.13408,0.13402,0.13408,11
2018-02-20 14:17:00,0.13402,0.13408,0.13402,0.13402,9
2018-02-20 14:18:00,0.13422,0.13422,0.13402,0.13408,6
2018-02-20 14:23:00,0.13412,0.13418,0.13412,0.13418,4
2018-02-20 14:24:00,0.13408,0.13408,0.13408,0.13408,1
2018-02-20 14:25:00,0.13418,0.13418,0.13412,0.13412,2
2018-02-20 14:26:00,0.13432,0.13432,0.13422,0.13422,2
2018-02-20 14:27:00,0.13422,0.13428,0.13422,0.13428,4
2018-02-20 14:28:00,0.13402,0.13418,0.13402,0.13418,3
2018-02-20 14:29:00,0.13408,0.13408,0.13402,0.13408,3
2018-02-20 14:30:00,0.13422,0.13422,0.13402,0.13402,4
2018-02-20 14:31:00,0.13412,0.13418,0.13412,0.13418,4
2018-02-20 14:32:00,0.13408,0.13408,0.13408,0.13408,1
2018-02-20 14:33:00,0.13402,0.13408,0.13402,0.13402,9
2018-02-20 14:35:00,0.13412,0.13412,0.13402,0.13408,5
2018-02-20 14:36:00,0.13412,0.13412,0.13402,0.13408,12
2018-02-20 14:37:00,0.13402,0.13402,0.13402,0.13402,1
2018-02-20 14:39:00,0.13412,0.13412,0.13408,0.1341,3
2018-02-20 14:40:00,0.13412,0.13412,0.13402,0.13408,4
2018-02-20 14:41:00,0.13408,0.13412,0.13402,0.13402,4
2018-02-20 14:42:00,0.13402,0.13402,0.13402,0.13402,1
2018-02-20 14:45:00,0.13412,0.13412,0.13402,0.13408,8
2018-02-20 14:46:00,0.13392,0.13408,0.13392,0.13408,3
2018-02-20 14:47:00,0.13374,0.13388,0.13372,0.13388,6
2018-02-20 14:48:00,0.13372,0.13382,0.13372,0.1338,4
2018-02-20 14:50:00,0.13378,0.13378,0.13378,0.13378,1
2018-02-20 14:51:00,0.13372,0.13382,0.13372,0.13382,3
2018-02-20 14:52:00,0.13372,0.13374,0.13372,0.13374,4
2018-02-20 14:54:00,0.13382,0.13382,0.13378,0.13382,5
2018-02-20 14:57:00,0.13372,0.13372,0.13372,0.13372,1
2018-02-20 14:59:00,0.13378,0.13382,0.13372,0.13378,7
2018-02-20 15:01:00,0.13372,0.13372,0.13372,0.13372,1
2018-02-20 15:03:00,0.13372,0.13382,0.13372,0.1338,13
2018-02-20 15:10:00,0.13372,0.13372,0.13372,0.13372,6
2018-02-20 15:11:00,0.13372,0.13372,0.13372,0.13372,2
2018-02-20 15:29:00,0.13364,0.13364,0.13364,0.13364,1
2018-02-20 15:33:00,0.13344,0.13358,0.13344,0.13358,8
2018-02-20 15:35:00,0.13334,0.13338,0.13334,0.13338,2
2018-02-20 15:36:00,0.13324,0.1333,0.13314,0.13328,6
2018-02-20 15:37:00,0.13314,0.13314,0.13314,0.13314,3
2018-02-20 15:40:00,0.13324,0.13334,0.13324,0.13324,4
2018-02-20 15:43:00,0.13334,0.13334,0.13324,0.13328,5
2018-02-20 15:44:00,0.13324,0.13328,0.13324,0.13328,2
2018-02-20 15:48:00,0.13354,0.13354,0.13334,0.13334,3
2018-02-20 15:49:00,0.13374,0.13374,0.13358,0.13358,3
2018-02-20 15:50:00,0.13364,0.13364,0.13364,0.13364,1
2018-02-20 15:51:00,0.13354,0.13356,0.13354,0.13356,2
2018-02-20 15:52:00,0.13368,0.13374,0.13358,0.13364,5
2018-02-20 15:53:00,0.13374,0.13374,0.13368,0.13374,3
2018-02-20 15:54:00,0.13374,0.13374,0.13368,0.13368,2
2018-02-20 15:57:00,0.13364,0.13374,0.13364,0.13368,3
2018-02-20 15:58:00,0.13374,0.13374,0.13374,0.13374,1
2018-02-20 15:59:00,0.13394,0.13394,0.13384,0.13384,5
2018-02-20 16:00:00,0.13384,0.13398,0.13378,0.13398,10
2018-02-20 16:02:00,0.13384,0.13384,0.13376,0.13376,4
2018-02-20 16:04:00,0.13394,0.13394,0.13394,0.13394,1
2018-02-20 16:05:00,0.13398,0.13404,0.13384,0.13388,5
2018-02-20 16:06:00,0.13414,0.13424,0.13398,0.13404,15
2018-02-20 16:07:00,0.13394,0.13408,0.13394,0.13408,3
2018-02-20 16:08:00,0.13384,0.13394,0.13384,0.13388,6
2018-02-20 16:09:00,0.13394,0.13394,0.13394,0.13394,1
2018-02-20 16:13:00,0.13394,0.13394,0.13384,0.13384,2
2018-02-20 16:14:00,0.13398,0.13398,0.13388,0.13388,9
2018-02-20 16:15:00,0.13398,0.13404,0.13394,0.13394,5
2018-02-20 16:16:00,0.13398,0.13404,0.13398,0.13404,2
2018-02-20 16:17:00,0.13408,0.13408,0.13398,0.13404,4
2018-02-20 16:18:00,0.13404,0.13404,0.13404,0.13404,1
2018-02-20 16:19:00,0.13398,0.13404,0.13394,0.13398,11
2018-02-20 16:20:00,0.13404,0.13404,0.13398,0.13404,5
2018-02-20 16:21:00,0.13398,0.13404,0.13396,0.13398,5
2018-02-20 16:22:00,0.13404,0.13404,0.13394,0.13394,7
2018-02-20 16:23:00,0.13414,0.13424,0.13414,0.13414,5
2018-02-20 16:25:00,0.13438,0.13454,0.13424,0.13424,11
2018-02-20 16:26:00,0.13444,0.13444,0.13428,0.13444,6
2018-02-20 16:30:00,0.13454,0.13454,0.13448,0.13454,3
2018-02-20 16:32:00,0.13444,0.13454,0.13444,0.13444,6
2018-02-20 16:34:00,0.13472,0.13472,0.13454,0.13454,4
2018-02-20 16:35:00,0.13472,0.13472,0.13464,0.13464,18
2018-02-20 16:36:00,0.13464,0.13468,0.13464,0.13466,4
2018-02-20 16:39:00,0.13454,0.13464,0.13454,0.13454,4
2018-02-20 16:40:00,0.13444,0.13444,0.13444,0.13444,1
2018-02-20 16:41:00,0.13434,0.13434,0.13434,0.13434,1
2018-02-20 16:42:00,0.13434,0.1344,0.13434,0.1344,5
2018-02-20 16:43:00,0.13434,0.13444,0.13434,0.13444,2
2018-02-20 16:45:00,0.13448,0.1345,0.13438,0.13438,12
2018-02-20 16:46:00,0.13444,0.13444,0.13444,0.13444,1
2018-02-20 16:47:00,0.13438,0.13438,0.13438,0.13438,1
2018-02-20 16:48:00,0.13438,0.13458,0.13438,0.13444,8
2018-02-20 16:49:00,0.13434,0.13434,0.13434,0.13434,1
2018-02-20 16:50:00,0.13438,0.13444,0.13438,0.13444,2
2018-02-20 16:51:00,0.13438,0.13444,0.13438,0.13444,2
2018-02-20 16:52:00,0.13434,0.13434,0.13434,0.13434,1
2018-02-20 16:53:00,0.13428,0.13428,0.13428,0.13428,1
2018-02-20 16:54:00,0.13414,0.13424,0.13414,0.13424,4
2018-02-20 16:55:00,0.13414,0.13414,0.13404,0.13408,4
2018-02-20 16:57:00,0.13434,0.13434,0.13418,0.13418,5
2018-02-20 16:58:00,0.13428,0.13434,0.13428,0.13428,3
2018-02-20 16:59:00,0.13404,0.13424,0.13404,0.13424,4
2018-02-20 17:00:00,0.13408,0.13408,0.13404,0.13408,3
2018-02-20 17:01:00,0.13424,0.13434,0.13418,0.13418,8
2018-02-20 17:03:00,0.13414,0.13414,0.13408,0.13414,5
2018-02-20 17:04:00,0.13408,0.13414,0.13408,0.13408,3
2018-02-20 17:05:00,0.13404,0.13414,0.13404,0.13414,9
2018-02-20 17:06:00,0.13414,0.13418,0.13408,0.13408,4
2018-02-20 17:07:00,0.13424,0.13428,0.13418,0.13418,6
2018-02-20 17:08:00,0.13404,0.13418,0.13398,0.13418,3
2018-02-20 17:11:00,0.13404,0.13404,0.13394,0.13394,3
2018-02-20 17:12:00,0.13424,0.13424,0.13394,0.13394,6
2018-02-20 17:13:00,0.13434,0.13434,0.13418,0.13434,5
2018-02-20 17:14:00,0.13434,0.13434,0.13424,0.13424,2
2018-02-20 17:15:00,0.13424,0.13424,0.13424,0.13424,1
2018-02-20 17:17:00,0.13434,0.13434,0.13424,0.13424,4
2018-02-20 17:18:00,0.13434,0.13434,0.13428,0.13428,4
2018-02-20 17:22:00,0.13434,0.13434,0.13428,0.13428,5
2018-02-20 17:23:00,0.13444,0.13444,0.13444,0.13444,1
2018-02-20 17:24:00,0.13438,0.13438,0.13438,0.13438,1
2018-02-20 17:25:00,0.13434,0.13434,0.13428,0.13434,5
2018-02-20 17:27:00,0.13434,0.13434,0.13428,0.13428,4
2018-02-20 17:30:00,0.13424,0.13448,0.13424,0.13438,11
2018-02-20 17:32:00,0.13424,0.13426,0.13424,0.13426,2
2018-02-20 17:33:00,0.13418,0.13418,0.13418,0.13418,1
2018-02-20 17:35:00,0.13408,0.13414,0.13408,0.13414,4
2018-02-20 17:36:00,0.13404,0.13404,0.13394,0.13404,9
2018-02-20 17:37:00,0.13394,0.13398,0.13394,0.13398,2
2018-02-20 17:38:00,0.13394,0.13396,0.13394,0.13396,4
2018-02-20 17:42:00,0.13384,0.13388,0.13378,0.13388,8
2018-02-20 17:43:00,0.13378,0.13384,0.13378,0.13378,5
2018-02-20 17:44:00,0.13384,0.13394,0.13374,0.1338,11
2018-02-20 17:45:00,0.13384,0.13394,0.13384,0.13394,4
2018-02-20 17:46:00,0.13374,0.13374,0.13374,0.13374,1
2018-02-20 17:47:00,0.13374,0.13384,0.13374,0.13376,15
2018-02-20 17:48:00,0.13368,0.13378,0.13368,0.13378,3
2018-02-20 17:49:00,0.13364,0.13374,0.13364,0.13374,6
2018-02-20 17:50:00,0.13374,0.13384,0.13368,0.13374,13
2018-02-20 17:51:00,0.13374,0.13378,0.13374,0.13378,6
2018-02-20 17:52:00,0.13344,0.13368,0.13344,0.13368,18
2018-02-20 17:53:00,0.13324,0.13344,0.13324,0.13338,6
2018-02-20 17:54:00,0.13304,0.13314,0.13304,0.13314,2
2018-02-20 17:55:00,0.13324,0.13324,0.13308,0.13308,10
2018-02-20 17:56:00,0.13304,0.13324,0.13304,0.13318,5
2018-02-20 17:57:00,0.13298,0.13304,0.13296,0.13296,3
2018-02-20 17:58:00,0.13304,0.13304,0.13304,0.13304,1
2018-02-20 17:59:00,0.13304,0.13304,0.13304,0.13304,1
2018-02-21 08:30:00,0.13296,0.13296,0.13296,0.13296,1
2018-02-21 08:31:00,0.13286,0.13292,0.13286,0.13292,4
2018-02-21 08:32:00,0.13296,0.13296,0.13296,0.13296,1
2018-02-21 08:33:00,0.13296,0.13296,0.13292,0.13292,4
2018-02-21 08:34:00,0.13286,0.13292,0.13286,0.13292,2
2018-02-21 08:35:00,0.13276,0.13296,0.13276,0.13292,7
2018-02-21 08:45:00,0.13286,0.13286,0.13276,0.13286,4
2018-02-21 08:46:00,0.13306,0.13306,0.13292,0.13292,14
2018-02-21 08:47:00,0.1332,0.13346,0.13312,0.13312,23
2018-02-21 08:48:00,0.13306,0.1332,0.13306,0.1332,4
2018-02-21 08:52:00,0.13306,0.13306,0.13302,0.13304,16
2018-02-21 08:53:00,0.13302,0.13302,0.13302,0.13302,1
2018-02-21 08:54:00,0.13306,0.13306,0.13306,0.13306,1
2018-02-21 08:55:00,0.13302,0.13306,0.13302,0.13302,3
2018-02-21 08:56:00,0.13302,0.13306,0.13302,0.13306,2
2018-02-21 08:58:00,0.13296,0.13296,0.13296,0.13296,1
2018-02-21 09:02:00,0.13292,0.13292,0.13286,0.13292,5
2018-02-21 09:03:00,0.13286,0.13296,0.13286,0.13286,13
2018-02-21 09:05:00,0.13286,0.13286,0.13282,0.13282,10
2018-02-21 09:08:00,0.13282,0.13282,0.13282,0.13282,1
2018-02-21 09:09:00,0.13286,0.13286,0.13282,0.13286,5
2018-02-21 09:10:00,0.13286,0.13286,0.13282,0.13282,2
2018-02-21 09:11:00,0.13286,0.13286,0.13276,0.13282,7
2018-02-21 09:12:00,0.13286,0.13286,0.13276,0.13282,3
2018-02-21 09:24:00,0.13296,0.13296,0.13286,0.13296,9
2018-02-21 09:25:00,0.13296,0.13296,0.13286,0.13292,7
2018-02-21 09:26:00,0.13296,0.13296,0.13286,0.13292,4
2018-02-21 09:27:00,0.13292,0.13296,0.13292,0.13292,9
2018-02-21 09:28:00,0.13296,0.13296,0.13292,0.13296,9
2018-02-21 09:29:00,0.13296,0.13296,0.13292,0.13292,2
2018-02-21 09:30:00,0.13296,0.13296,0.13292,0.13296,3
2018-02-21 09:31:00,0.13292,0.13296,0.13292,0.13292,3
2018-02-21 09:32:00,0.13286,0.13296,0.13286,0.13296,16
2018-02-21 09:35:00,0.13292,0.13296,0.13292,0.13296,4
2018-02-21 09:36:00,0.13286,0.13296,0.13286,0.13296,3
2018-02-21 09:45:00,0.13296,0.13296,0.13296,0.13296,1
2018-02-21 09:53:00,0.13306,0.13306,0.13302,0.13306,3
2018-02-21 09:55:00,0.13296,0.13296,0.13296,0.13296,1
2018-02-21 09:56:00,0.13296,0.13306,0.13296,0.13306,3
2018-02-21 10:06:00,0.13306,0.13306,0.13306,0.13306,1
2018-02-21 10:07:00,0.13316,0.13316,0.13316,0.13316,1
2018-02-21 10:11:00,0.13306,0.13306,0.13306,0.13306,1
2018-02-21 10:22:00,0.13312,0.13316,0.13312,0.13316,8
2018-02-21 10:23:00,0.13306,0.13306,0.13306,0.13306,1
2018-02-21 10:24:00,0.13326,0.13326,0.13312,0.13312,3
2018-02-21 10:28:00,0.13326,0.13326,0.13324,0.13324,2
2018-02-21 10:31:00,0.13316,0.13316,0.13316,0.13316,1
2018-02-21 10:32:00,0.13306,0.13306,0.13306,0.13306,1
2018-02-21 10:38:00,0.13302,0.13302,0.13302,0.13302,1
2018-02-21 10:42:00,0.13302,0.13306,0.13302,0.13306,4
2018-02-21 10:43:00,0.13306,0.13306,0.13306,0.13306,1
2018-02-21 10:44:00,0.13306,0.13306,0.13302,0.13302,2
2018-02-21 10:48:00,0.13296,0.13302,0.13296,0.13302,2
2018-02-21 10:53:00,0.13302,0.13302,0.13302,0.13302,1
2018-02-21 10:54:00,0.13306,0.13306,0.13296,0.13296,8
2018-02-21 10:57:00,0.13306,0.13306,0.13302,0.13302,2
2018-02-21 11:04:00,0.13312,0.13312,0.13306,0.13312,3
2018-02-21 11:05:00,0.13306,0.13306,0.13306,0.13306,1
2018-02-21 11:06:00,0.13296,0.13302,0.13296,0.13302,4
2018-02-21 11:14:00,0.13316,0.13316,0.13306,0.13306,6
2018-02-21 11:15:00,0.13326,0.13326,0.13316,0.13322,12
2018-02-21 11:16:00,0.13316,0.13316,0.13316,0.13316,1
2018-02-21 11:18:00,0.13312,0.13312,0.13312,0.13312,1
2018-02-21 11:21:00,0.13306,0.13316,0.13306,0.13306,6
2018-02-21 11:22:00,0.13312,0.13312,0.13312,0.13312,1
2018-02-21 11:24:00,0.13306,0.13306,0.13306,0.13306,1
2018-02-21 11:25:00,0.13316,0.13316,0.13316,0.13316,1
2018-02-21 11:30:00,0.1331,0.1331,0.1331,0.1331,2
2018-02-21 11:31:00,0.13306,0.13306,0.13302,0.13306,3
2018-02-21 11:34:00,0.13306,0.13306,0.13302,0.13302,2
2018-02-21 11:35:00,0.13306,0.13306,0.13302,0.13302,2
2018-02-21 11:37:00,0.13296,0.13306,0.13296,0.13302,5
2018-02-21 11:38:00,0.13302,0.13302,0.13302,0.13302,1
2018-02-21 11:41:00,0.13302,0.13302,0.13296,0.13296,2
2018-02-21 11:44:00,0.13296,0.13296,0.13296,0.13296,1
2018-02-21 11:55:00,0.13302,0.13302,0.13302,0.13302,1
2018-02-21 11:57:00,0.13306,0.13306,0.13306,0.13306,1
2018-02-21 12:00:00,0.13302,0.13302,0.13302,0.13302,1
2018-02-21 12:01:00,0.13306,0.13306,0.13302,0.13306,5
2018-02-21 12:08:00,0.13302,0.13302,0.13302,0.13302,1
2018-02-21 12:10:00,0.13306,0.13306,0.13306,0.13306,1
2018-02-21 12:19:00,0.13312,0.13312,0.13312,0.13312,1
2018-02-21 12:26:00,0.13312,0.13312,0.13306,0.13306,2
2018-02-21 12:27:00,0.13306,0.13306,0.13306,0.13306,1
2018-02-21 12:28:00,0.13312,0.13312,0.13312,0.13312,1
2018-02-21 12:29:00,0.13306,0.13312,0.13306,0.13306,3
2018-02-21 12:32:00,0.13312,0.13312,0.13312,0.13312,1
2018-02-21 12:35:00,0.13316,0.13316,0.13316,0.13316,1
2018-02-21 12:36:00,0.13312,0.13312,0.13312,0.13312,1
2018-02-21 12:38:00,0.13316,0.13316,0.13306,0.13306,3
2018-02-21 12:51:00,0.13322,0.13322,0.13322,0.13322,1
2018-02-21 12:52:00,0.13322,0.13326,0.13322,0.13326,2
2018-02-21 12:53:00,0.13322,0.13326,0.13316,0.13326,4
2018-02-21 12:54:00,0.13326,0.13326,0.13326,0.13326,1
2018-02-21 12:55:00,0.13326,0.13326,0.13316,0.13316,13
2018-02-21 12:56:00,0.13326,0.13332,0.13326,0.13332,2
2018-02-21 12:57:00,0.13336,0.13336,0.13334,0.13334,2
2018-02-21 12:59:00,0.13346,0.13346,0.13342,0.13342,2
2018-02-21 13:00:00,0.13366,0.13366,0.13346,0.13348,7
2018-02-21 13:01:00,0.13362,0.13362,0.13356,0.13362,3
2018-02-21 13:02:00,0.13372,0.13372,0.13362,0.13366,4
2018-02-21 13:03:00,0.13346,0.13366,0.13346,0.13366,7
2018-02-21 13:04:00,0.13342,0.13342,0.13342,0.13342,1
2018-02-21 13:06:00,0.13336,0.13336,0.13336,0.13336,1
2018-02-21 13:08:00,0.13332,0.13332,0.13326,0.13332,5
2018-02-21 13:09:00,0.13336,0.13336,0.13336,0.13336,1
2018-02-21 13:10:00,0.13326,0.13332,0.13326,0.13332,2
2018-02-21 13:11:00,0.13326,0.13332,0.13326,0.13332,8
2018-02-21 13:12:00,0.13322,0.13322,0.13316,0.13316,2
2018-02-21 13:13:00,0.13336,0.13336,0.13326,0.13326,4
2018-02-21 13:14:00,0.13336,0.13336,0.13332,0.13332,6
2018-02-21 13:15:00,0.13332,0.13336,0.13332,0.13332,3
2018-02-21 13:16:00,0.13332,0.13336,0.13326,0.13326,4
2018-02-21 13:19:00,0.13342,0.13342,0.13336,0.13336,2
2018-02-21 13:20:00,0.13342,0.13342,0.13336,0.13336,8
2018-02-21 13:21:00,0.13336,0.13336,0.13336,0.13336,1
2018-02-21 13:22:00,0.13346,0.13346,0.13336,0.13336,3
2018-02-21 13:23:00,0.13346,0.13346,0.13344,0.13344,2
2018-02-21 13:28:00,0.13332,0.1334,0.13326,0.1334,10
2018-02-21 13:29:00,0.13332,0.13336,0.13332,0.13336,2
2018-02-21 13:30:00,0.13326,0.13336,0.13326,0.13336,5
2018-02-21 13:31:00,0.13316,0.1332,0.13316,0.1332,5
2018-02-21 13:32:00,0.13312,0.13314,0.13306,0.13312,9
2018-02-21 13:34:00,0.13312,0.13316,0.13306,0.13306,14
2018-02-21 13:36:00,0.13316,0.13316,0.13306,0.13306,2
2018-02-21 13:37:00,0.13322,0.13322,0.1332,0.13322,3
2018-02-21 13:38:00,0.13316,0.13322,0.13316,0.13316,7
2018-02-21 13:39:00,0.13316,0.13322,0.13316,0.13322,2
2018-02-21 13:43:00,0.13312,0.13316,0.13306,0.13306,10
2018-02-21 13:44:00,0.13312,0.13316,0.13312,0.13316,2
2018-02-21 13:45:00,0.13312,0.13316,0.13306,0.13306,4
2018-02-21 13:47:00,0.13326,0.13326,0.13312,0.13316,5
2018-02-21 13:48:00,0.13326,0.13326,0.13322,0.13322,2
2018-02-21 13:49:00,0.13322,0.13322,0.13322,0.13322,1
2018-02-21 13:50:00,0.13326,0.13326,0.13316,0.13316,5
2018-02-21 13:51:00,0.13326,0.13326,0.13322,0.13322,2
2018-02-21 13:52:00,0.13326,0.13326,0.13322,0.13322,2
2018-02-21 13:53:00,0.13316,0.13326,0.13316,0.13322,7
2018-02-21 13:55:00,0.13326,0.13326,0.13326,0.13326,1
2018-02-21 13:56:00,0.13326,0.13336,0.13326,0.13332,4
2018-02-21 13:57:00,0.13326,0.13326,0.13322,0.13322,2
2018-02-21 13:58:00,0.13342,0.13342,0.13336,0.13336,2
2018-02-21 13:59:00,0.13336,0.13342,0.13336,0.13336,5
2018-02-21 14:02:00,0.13332,0.13332,0.13332,0.13332,1
2018-02-21 14:03:00,0.13326,0.13326,0.13326,0.13326,1
2018-02-21 14:06:00,0.13316,0.13316,0.13316,0.13316,1
2018-02-21 14:07:00,0.13322,0.13326,0.13322,0.13322,3
2018-02-21 14:08:00,0.13326,0.13326,0.13326,0.13326,1
2018-02-21 14:10:00,0.13332,0.13336,0.13332,0.13336,2
2018-02-21 14:11:00,0.13342,0.13342,0.13336,0.13336,2
2018-02-21 14:12:00,0.13342,0.13346,0.13342,0.13346,4
2018-02-21 14:13:00,0.13336,0.13336,0.13336,0.13336,1
2018-02-21 14:14:00,0.13342,0.13342,0.13342,0.13342,1
2018-02-21 14:15:00,0.13342,0.13342,0.13336,0.13336,2
2018-02-21 14:19:00,0.13332,0.13332,0.13332,0.13332,1
2018-02-21 14:20:00,0.13326,0.13326,0.13326,0.13326,1
2018-02-21 14:21:00,0.13332,0.13332,0.13332,0.13332,1
2018-02-21 14:22:00,0.13332,0.13336,0.13326,0.13336,8
2018-02-21 14:24:00,0.13332,0.13332,0.13326,0.13326,2
2018-02-21 14:25:00,0.13336,0.13336,0.13326,0.13336,5
2018-02-21 14:26:00,0.13332,0.13336,0.13332,0.13332,3
2018-02-21 14:27:00,0.13332,0.13336,0.13332,0.13336,4
2018-02-21 14:28:00,0.13336,0.13336,0.13332,0.13336,5
2018-02-21 14:29:00,0.13342,0.13346,0.13342,0.13346,2
2018-02-21 14:30:00,0.13346,0.13346,0.13336,0.13346,9
2018-02-21 14:31:00,0.13346,0.13346,0.13342,0.13342,2
2018-02-21 14:32:00,0.13336,0.13346,0.13336,0.13342,10
2018-02-21 14:35:00,0.13342,0.13342,0.13342,0.13342,1
2018-02-21 14:36:00,0.13332,0.13336,0.13332,0.13336,6
2018-02-21 14:37:00,0.13326,0.13336,0.13326,0.13326,5
2018-02-21 14:38:00,0.13316,0.13322,0.13316,0.1332,6
2018-02-21 14:39:00,0.13322,0.13326,0.13322,0.13322,3
2018-02-21 14:40:00,0.13322,0.13326,0.1332,0.13326,3
2018-02-21 14:41:00,0.13316,0.13322,0.13316,0.13316,3
2018-02-21 14:53:00,0.13326,0.13326,0.13322,0.13326,3
2018-02-21 14:54:00,0.13326,0.13326,0.13322,0.13322,6
2018-02-21 14:55:00,0.13326,0.13326,0.13322,0.13322,10
2018-02-21 14:56:00,0.13326,0.13326,0.13322,0.13322,4
2018-02-21 14:57:00,0.13352,0.13352,0.13336,0.13336,4
2018-02-21 14:58:00,0.13346,0.13352,0.13346,0.13346,3
2018-02-21 14:59:00,0.13356,0.13356,0.13352,0.13354,4
2018-02-21 15:01:00,0.13366,0.13366,0.13364,0.13364,4
2018-02-21 15:02:00,0.13362,0.13366,0.13356,0.13362,5
2018-02-21 15:03:00,0.13366,0.13366,0.13356,0.13356,8
2018-02-21 15:04:00,0.13366,0.13366,0.13362,0.13362,11
2018-02-21 15:05:00,0.13376,0.13376,0.13376,0.13376,1
2018-02-21 15:06:00,0.13376,0.13376,0.13366,0.13366,2
2018-02-21 15:07:00,0.13386,0.13396,0.13376,0.13386,16
2018-02-21 15:08:00,0.13386,0.13392,0.13376,0.13392,7
2018-02-21 15:09:00,0.13382,0.13382,0.13382,0.13382,1
2018-02-21 15:10:00,0.13386,0.13386,0.13382,0.13386,3
2018-02-21 15:12:00,0.13376,0.13386,0.13376,0.13382,6
2018-02-21 15:15:00,0.13386,0.13386,0.13382,0.13382,6
2018-02-21 15:16:00,0.13382,0.13396,0.13376,0.13396,12
2018-02-21 15:17:00,0.13376,0.13382,0.13376,0.13376,7
2018-02-21 15:18:00,0.13356,0.13366,0.13356,0.13366,4
2018-02-21 15:19:00,0.13356,0.13366,0.13356,0.13358,8
2018-02-21 15:20:00,0.13356,0.13372,0.13356,0.13372,5
2018-02-21 15:21:00,0.13362,0.13366,0.13362,0.13366,2
2018-02-21 15:22:00,0.13356,0.13366,0.13356,0.13366,3
2018-02-21 15:24:00,0.13356,0.13358,0.13356,0.13358,2
2018-02-21 15:27:00,0.13352,0.13352,0.13352,0.13352,1
2018-02-21 15:28:00,0.13348,0.13358,0.13348,0.13348,8
2018-02-21 15:30:00,0.13352,0.13352,0.13352,0.13352,1
2018-02-21 15:31:00,0.13358,0.13358,0.13358,0.13358,1
2018-02-21 15:32:00,0.13358,0.13366,0.13358,0.13364,8
2018-02-21 15:33:00,0.13362,0.13366,0.13362,0.13362,3
2018-02-21 15:34:00,0.13368,0.13368,0.13368,0.13368,1
2018-02-21 15:36:00,0.13372,0.13376,0.13368,0.13376,10
2018-02-21 15:37:00,0.13376,0.13376,0.13372,0.13376,3
2018-02-21 15:39:00,0.13396,0.13396,0.13386,0.13386,3
2018-02-21 15:41:00,0.13406,0.13406,0.13404,0.13404,2
2018-02-21 15:42:00,0.13396,0.13406,0.13396,0.13406,6
2018-02-21 15:45:00,0.13406,0.13406,0.13404,0.13404,2
2018-02-21 15:46:00,0.13396,0.13402,0.13396,0.13402,16
2018-02-21 15:48:00,0.13386,0.13386,0.13378,0.13386,6
2018-02-21 15:51:00,0.13396,0.13396,0.13392,0.13392,2
2018-02-21 15:53:00,0.13406,0.13406,0.13406,0.13406,1
2018-02-21 15:55:00,0.13396,0.13396,0.13396,0.13396,1
2018-02-21 16:00:00,0.13406,0.13406,0.13402,0.13406,7
2018-02-21 16:01:00,0.13406,0.13416,0.13406,0.13414,3
2018-02-21 16:07:00,0.13408,0.13416,0.13408,0.13414,18
2018-02-21 16:08:00,0.13442,0.13442,0.13416,0.13416,12
2018-02-21 16:09:00,0.13426,0.13436,0.13426,0.13436,5
2018-02-21 16:10:00,0.13426,0.13432,0.13426,0.13432,18
2018-02-21 16:11:00,0.13416,0.13422,0.13416,0.13422,4
2018-02-21 16:12:00,0.13402,0.13408,0.13398,0.13408,4
2018-02-21 16:13:00,0.13412,0.13412,0.13402,0.13408,3
2018-02-21 16:14:00,0.13412,0.13412,0.13408,0.13408,2
2018-02-21 16:15:00,0.13418,0.13418,0.13408,0.13408,7
2018-02-21 16:16:00,0.13412,0.13412,0.13408,0.13408,4
2018-02-21 16:18:00,0.13408,0.13408,0.13402,0.13402,4
2018-02-21 16:23:00,0.13412,0.13418,0.13412,0.13418,2
2018-02-21 16:24:00,0.13412,0.13418,0.13412,0.13418,6
2018-02-21 16:25:00,0.13412,0.13418,0.13412,0.13418,4
2018-02-21 16:26:00,0.13412,0.13418,0.13412,0.13418,2
2018-02-21 16:27:00,0.13412,0.13418,0.13412,0.13418,4
2018-02-21 16:29:00,0.13408,0.13412,0.13408,0.13408,3
2018-02-21 16:30:00,0.13402,0.13402,0.13398,0.13402,5
2018-02-21 16:31:00,0.13398,0.13402,0.13398,0.13398,3
2018-02-21 16:32:00,0.13402,0.13402,0.13398,0.13402,3
2018-02-21 16:34:00,0.13392,0.13408,0.13392,0.13398,7
2018-02-21 16:35:00,0.13388,0.13388,0.13388,0.13388,1
2018-02-21 16:37:00,0.13378,0.13392,0.13378,0.13392,6
2018-02-21 16:38:00,0.13378,0.13378,0.13368,0.13372,4
2018-02-21 16:39:00,0.13372,0.13374,0.13368,0.13368,4
2018-02-21 16:40:00,0.13372,0.13378,0.13372,0.13378,2
2018-02-21 16:41:00,0.13358,0.13362,0.13358,0.13362,4
2018-02-21 16:45:00,0.13352,0.13358,0.13352,0.13352,7
2018-02-21 16:47:00,0.13352,0.13358,0.13352,0.13358,2
2018-02-21 16:49:00,0.13358,0.13358,0.13348,0.13348,3
2018-02-21 16:54:00,0.13352,0.13352,0.13352,0.13352,1
2018-02-21 16:56:00,0.13348,0.13352,0.13348,0.13348,3
2018-02-21 16:58:00,0.13338,0.13338,0.13338,0.13338,1
2018-02-21 17:01:00,0.13342,0.13342,0.13342,0.13342,1
2018-02-21 17:02:00,0.13342,0.13342,0.13338,0.13338,2
2018-02-21 17:03:00,0.13348,0.13348,0.13342,0.13348,21
2018-02-21 17:04:00,0.13348,0.13348,0.13342,0.13342,20
2018-02-21 17:06:00,0.13358,0.13358,0.13352,0.13358,8
2018-02-21 17:07:00,0.13358,0.13358,0.13352,0.13352,14
2018-02-21 17:08:00,0.13348,0.13352,0.13348,0.13352,2
2018-02-21 17:11:00,0.13348,0.1335,0.13348,0.1335,2
2018-02-21 17:15:00,0.13368,0.13368,0.13356,0.13358,7
2018-02-21 17:18:00,0.13362,0.13362,0.13362,0.13362,1
2018-02-21 17:19:00,0.13362,0.13364,0.13362,0.13364,2
2018-02-21 17:22:00,0.13352,0.13362,0.13352,0.13358,4
2018-02-21 17:24:00,0.13348,0.13348,0.13348,0.13348,1
2018-02-21 17:25:00,0.13348,0.1335,0.13342,0.13342,4
2018-02-21 17:27:00,0.13348,0.13352,0.13348,0.13352,2
2018-02-21 17:28:00,0.13338,0.13338,0.13338,0.13338,1
2018-02-21 17:29:00,0.13348,0.13348,0.13342,0.13342,4
2018-02-21 17:30:00,0.13342,0.13348,0.13338,0.13342,6
2018-02-21 17:31:00,0.13348,0.13348,0.13348,0.13348,1
2018-02-21 17:33:00,0.13342,0.13342,0.13342,0.13342,1
2018-02-21 17:34:00,0.13348,0.13348,0.13338,0.13338,25
2018-02-21 17:36:00,0.13348,0.13358,0.13348,0.13352,3
2018-02-21 17:37:00,0.13352,0.13352,0.13352,0.13352,1
2018-02-21 17:38:00,0.13352,0.13358,0.13352,0.13358,2
2018-02-21 17:39:00,0.13352,0.13358,0.13352,0.13358,2
2018-02-21 17:40:00,0.13352,0.13358,0.13352,0.13358,6
2018-02-21 17:41:00,0.13352,0.13358,0.13352,0.13358,2
2018-02-21 17:42:00,0.13348,0.13358,0.13348,0.13358,3
2018-02-21 17:47:00,0.13348,0.13348,0.13342,0.13342,2
2018-02-21 17:49:00,0.13348,0.13348,0.13342,0.13342,2
2018-02-21 17:52:00,0.13338,0.13342,0.13338,0.13338,5
2018-02-21 17:53:00,0.13358,0.13358,0.13338,0.13348,7
2018-02-21 17:54:00,0.13378,0.13378,0.13368,0.13368,6
2018-02-21 17:56:00,0.13388,0.13388,0.13384,0.13384,2
2018-02-21 17:58:00,0.13388,0.13392,0.13388,0.13392,2
2018-02-21 17:59:00,0.13388,0.13388,0.13388,0.13388,1
2018-02-22 08:30:00,0.134,0.134,0.1338,0.1338,8
2018-02-22 08:32:00,0.13404,0.1341,0.13404,0.13406,3
2018-02-22 08:33:00,0.134,0.134,0.134,0.134,1
2018-02-22 08:34:00,0.1339,0.1339,0.13384,0.1339,7
2018-02-22 08:35:00,0.13384,0.1339,0.13384,0.13384,3
2018-02-22 08:36:00,0.1338,0.1338,0.1338,0.1338,1
2018-02-22 08:37:00,0.1339,0.1339,0.1339,0.1339,1
2018-02-22 08:40:00,0.13384,0.13384,0.13384,0.13384,1
2018-02-22 08:42:00,0.1339,0.1339,0.1339,0.1339,1
2018-02-22 08:43:00,0.13384,0.13384,0.13384,0.13384,1
2018-02-22 08:45:00,0.13384,0.13384,0.1338,0.1338,2
2018-02-22 08:46:00,0.1339,0.1339,0.1339,0.1339,1
2018-02-22 08:49:00,0.134,0.134,0.13394,0.134,3
2018-02-22 08:51:00,0.1341,0.1341,0.134,0.134,2
2018-02-22 09:11:00,0.1342,0.1342,0.1342,0.1342,1
2018-02-22 09:12:00,0.1343,0.1343,0.1343,0.1343,1
2018-02-22 09:13:00,0.13424,0.1343,0.13424,0.13424,5
2018-02-22 09:16:00,0.13424,0.13424,0.13424,0.13424,2
2018-02-22 09:18:00,0.1343,0.1343,0.1343,0.1343,1
2018-02-22 09:19:00,0.13424,0.13424,0.13424,0.13424,1
2018-02-22 09:20:00,0.1342,0.1342,0.1342,0.1342,1
2018-02-22 09:23:00,0.13424,0.1343,0.13424,0.13424,3
2018-02-22 09:25:00,0.1343,0.1343,0.13424,0.13424,3
2018-02-22 09:30:00,0.1343,0.1344,0.1343,0.1343,8
2018-02-22 09:31:00,0.13434,0.13434,0.13434,0.13434,1
2018-02-22 09:32:00,0.13444,0.13444,0.1343,0.1343,5
2018-02-22 09:33:00,0.13444,0.1345,0.1344,0.1344,5
2018-02-22 09:34:00,0.13444,0.1345,0.13444,0.1345,8
2018-02-22 09:35:00,0.1345,0.1345,0.1345,0.1345,1
2018-02-22 09:37:00,0.1344,0.13444,0.1344,0.13444,2
2018-02-22 09:45:00,0.1343,0.13434,0.1343,0.1343,3
2018-02-22 09:49:00,0.1344,0.1344,0.1344,0.1344,1
2018-02-22 09:50:00,0.13434,0.13434,0.13434,0.13434,1
2018-02-22 09:52:00,0.1344,0.1344,0.1344,0.1344,1
2018-02-22 09:54:00,0.1346,0.1346,0.1345,0.1345,3
2018-02-22 09:59:00,0.13464,0.13464,0.13464,0.13464,1
2018-02-22 10:00:00,0.1347,0.1347,0.1347,0.1347,1
2018-02-22 10:03:00,0.1347,0.1347,0.1346,0.1346,2
2018-02-22 10:21:00,0.1346,0.13464,0.1346,0.1346,3
2018-02-22 10:30:00,0.1345,0.13454,0.1345,0.13454,8
2018-02-22 10:31:00,0.1346,0.1346,0.13454,0.13454,2
2018-02-22 10:33:00,0.1347,0.1347,0.1347,0.1347,1
2018-02-22 10:36:00,0.1348,0.13482,0.13476,0.13476,4
2018-02-22 10:38:00,0.1348,0.13484,0.1348,0.13484,2
2018-02-22 10:39:00,0.1347,0.13474,0.1347,0.13474,14
2018-02-22 10:41:00,0.13474,0.13474,0.13474,0.13474,1
2018-02-22 10:42:00,0.1347,0.1347,0.1347,0.1347,1
2018-02-22 10:43:00,0.1348,0.1348,0.1348,0.1348,1
2018-02-22 10:44:00,0.1349,0.1349,0.13484,0.13484,9
2018-02-22 10:46:00,0.13484,0.13484,0.1348,0.1348,6
2018-02-22 10:47:00,0.13484,0.13484,0.1348,0.1348,2
2018-02-22 10:48:00,0.13484,0.13484,0.1348,0.1348,2
2018-02-22 10:50:00,0.1349,0.1349,0.1349,0.1349,1
2018-02-22 10:55:00,0.1348,0.1348,0.1348,0.1348,1
2018-02-22 10:57:00,0.13464,0.13474,0.13464,0.13474,3
2018-02-22 10:58:00,0.13464,0.13464,0.1346,0.1346,12
2018-02-22 10:59:00,0.1346,0.13464,0.1346,0.1346,3
2018-02-22 11:01:00,0.13456,0.13464,0.13456,0.13464,3
2018-02-22 11:02:00,0.13456,0.13466,0.1345,0.1345,5
2018-02-22 11:03:00,0.1345,0.13466,0.1345,0.13466,2
2018-02-22 11:10:00,0.1345,0.1345,0.13446,0.13446,2
2018-02-22 11:11:00,0.1345,0.1345,0.13446,0.13446,2
2018-02-22 11:13:00,0.13446,0.13446,0.13446,0.13446,1
2018-02-22 11:14:00,0.1345,0.1345,0.1345,0.1345,1
2018-02-22 11:16:00,0.13446,0.13446,0.1344,0.13446,3
2018-02-22 11:20:00,0.13446,0.13446,0.1344,0.1344,2
2018-02-22 11:22:00,0.13446,0.13446,0.1344,0.1344,2
2018-02-22 11:24:00,0.1344,0.1344,0.1344,0.1344,1
2018-02-22 11:25:00,0.1344,0.1345,0.1344,0.1345,3
2018-02-22 11:26:00,0.13446,0.1345,0.13446,0.1345,4
2018-02-22 11:30:00,0.1345,0.1345,0.1344,0.1344,4
2018-02-22 11:32:00,0.13446,0.13446,0.13446,0.13446,1
2018-02-22 11:34:00,0.13446,0.1345,0.13446,0.1345,4
2018-02-22 11:35:00,0.1345,0.1345,0.13446,0.1345,3
2018-02-22 11:47:00,0.1344,0.1344,0.1344,0.1344,1
2018-02-22 11:49:00,0.1345,0.1345,0.1345,0.1345,1
2018-02-22 11:54:00,0.1346,0.1346,0.1346,0.1346,1
2018-02-22 11:59:00,0.1347,0.1347,0.1347,0.1347,1
2018-02-22 12:00:00,0.1347,0.1347,0.13466,0.13466,4
2018-02-22 12:04:00,0.13476,0.13476,0.13476,0.13476,2
2018-02-22 12:08:00,0.1348,0.13482,0.1348,0.13482,3
2018-02-22 12:09:00,0.13486,0.13486,0.13486,0.13486,1
2018-02-22 12:10:00,0.1348,0.1349,0.1348,0.13486,6
2018-02-22 12:12:00,0.1348,0.13486,0.1348,0.13486,2
2018-02-22 12:13:00,0.13476,0.13476,0.13476,0.13476,1
2018-02-22 12:14:00,0.1348,0.1348,0.1348,0.1348,1
2018-02-22 12:15:00,0.1347,0.13476,0.1347,0.13476,2
2018-02-22 12:16:00,0.13466,0.13466,0.13466,0.13466,1
2018-02-22 12:17:00,0.1346,0.1347,0.1346,0.1347,3
2018-02-22 12:18:00,0.13456,0.13456,0.13446,0.1345,6
2018-02-22 12:19:00,0.1345,0.13456,0.1345,0.1345,5
2018-02-22 12:20:00,0.13456,0.13456,0.13456,0.13456,1
2018-02-22 12:25:00,0.13456,0.1346,0.1344,0.1346,7
2018-02-22 12:26:00,0.1346,0.1346,0.1346,0.1346,1
2018-02-22 12:29:00,0.13446,0.13456,0.13446,0.13456,3
2018-02-22 12:30:00,0.1345,0.13456,0.1344,0.1344,7
2018-02-22 12:31:00,0.13456,0.13456,0.1345,0.13456,3
2018-02-22 12:32:00,0.1345,0.1345,0.1345,0.1345,1
2018-02-22 12:33:00,0.13456,0.13456,0.13456,0.13456,1
2018-02-22 12:34:00,0.13456,0.13456,0.1345,0.1345,2
2018-02-22 12:35:00,0.1345,0.13456,0.1345,0.1345,3
2018-02-22 12:36:00,0.13456,0.13456,0.13456,0.13456,1
2018-02-22 12:37:00,0.1344,0.1344,0.1343,0.1344,5
2018-02-22 12:38:00,0.13446,0.13446,0.13446,0.13446,1
2018-02-22 12:39:00,0.1344,0.1344,0.1344,0.1344,1
2018-02-22 12:40:00,0.1344,0.1344,0.13436,0.13436,4
2018-02-22 12:49:00,0.1345,0.13456,0.13446,0.1345,9
2018-02-22 12:50:00,0.1344,0.13446,0.1344,0.13446,2
2018-02-22 12:56:00,0.1345,0.1346,0.13446,0.1345,7
2018-02-22 12:57:00,0.1346,0.1346,0.1346,0.1346,1
2018-02-22 12:58:00,0.13456,0.13456,0.13456,0.13456,1
2018-02-22 13:00:00,0.1345,0.1345,0.13446,0.1345,3
2018-02-22 13:01:00,0.1345,0.1345,0.13446,0.13446,2
2018-02-22 13:02:00,0.13446,0.13446,0.13446,0.13446,1
2018-02-22 13:03:00,0.1345,0.1345,0.1345,0.1345,1
2018-02-22 13:05:00,0.1346,0.1346,0.13446,0.13446,6
2018-02-22 13:06:00,0.1346,0.1346,0.1345,0.13456,4
2018-02-22 13:10:00,0.1345,0.13456,0.1345,0.13456,6
2018-02-22 13:11:00,0.1344,0.13446,0.1344,0.13446,4
2018-02-22 13:15:00,0.1343,0.13434,0.1343,0.13434,2
2018-02-22 13:18:00,0.13436,0.13436,0.13436,0.13436,1
2018-02-22 13:20:00,0.1343,0.1344,0.1343,0.1344,3
2018-02-22 13:22:00,0.13436,0.13436,0.13436,0.13436,1
2018-02-22 13:24:00,0.1343,0.1343,0.1343,0.1343,1
2018-02-22 13:30:00,0.13426,0.13426,0.13424,0.13424,2
2018-02-22 13:31:00,0.1343,0.1343,0.1343,0.1343,1
2018-02-22 13:33:00,0.13426,0.1343,0.13426,0.13426,3
2018-02-22 13:35:00,0.1342,0.1343,0.1342,0.1342,3
2018-02-22 13:36:00,0.13426,0.1343,0.1342,0.13426,7
2018-02-22 13:39:00,0.13426,0.1343,0.13426,0.1343,2
2018-02-22 13:40:00,0.1343,0.1343,0.1343,0.1343,1
2018-02-22 13:41:00,0.13426,0.1343,0.13426,0.13426,3
2018-02-22 13:43:00,0.1343,0.1343,0.1343,0.1343,1
2018-02-22 13:44:00,0.1345,0.1345,0.13426,0.13426,5
2018-02-22 13:48:00,0.13446,0.13446,0.13444,0.13444,2
2018-02-22 13:50:00,0.1344,0.1344,0.1344,0.1344,1
2018-02-22 13:54:00,0.1345,0.1345,0.13448,0.13448,4
2018-02-22 13:55:00,0.1346,0.1346,0.13458,0.13458,2
2018-02-22 13:56:00,0.1347,0.1347,0.1347,0.1347,1
2018-02-22 13:57:00,0.1347,0.1347,0.13466,0.13468,8
2018-02-22 13:59:00,0.135,0.135,0.1348,0.1348,7
2018-02-22 14:00:00,0.1351,0.13516,0.13498,0.13498,13
2018-02-22 14:01:00,0.1351,0.1351,0.135,0.135,3
2018-02-22 14:02:00,0.13506,0.13506,0.13506,0.13506,1
2018-02-22 14:03:00,0.1351,0.13512,0.1351,0.1351,3
2018-02-22 14:04:00,0.1353,0.1353,0.13506,0.13516,8
2018-02-22 14:05:00,0.1353,0.1354,0.1353,0.13538,15
2018-02-22 14:06:00,0.13516,0.13536,0.13516,0.13536,17
2018-02-22 14:07:00,0.1353,0.1353,0.1352,0.1352,2
2018-02-22 14:08:00,0.13526,0.13526,0.13526,0.13526,1
2018-02-22 14:09:00,0.1352,0.1353,0.1352,0.1353,3
2018-02-22 14:10:00,0.1354,0.1354,0.1352,0.13526,9
2018-02-22 14:11:00,0.13556,0.13556,0.1354,0.1354,7
2018-02-22 14:12:00,0.1355,0.1355,0.13548,0.1355,3
2018-02-22 14:21:00,0.1354,0.1354,0.1354,0.1354,1
2018-02-22 14:22:00,0.1353,0.1354,0.1353,0.1353,7
2018-02-22 14:23:00,0.1352,0.1353,0.13518,0.1352,21
2018-02-22 14:24:00,0.13516,0.1353,0.1351,0.1353,8
2018-02-22 14:25:00,0.13516,0.1352,0.13516,0.1352,12
2018-02-22 14:26:00,0.1351,0.1352,0.13506,0.1352,5
2018-02-22 14:27:00,0.1352,0.1352,0.13518,0.13518,2
2018-02-22 14:29:00,0.1352,0.13536,0.13516,0.13528,5
2018-02-22 14:30:00,0.13506,0.13526,0.135,0.13516,15
2018-02-22 14:31:00,0.1352,0.1352,0.135,0.1351,16
2018-02-22 14:32:00,0.1353,0.13532,0.13526,0.13528,8
2018-02-22 14:33:00,0.13526,0.1354,0.1352,0.13532,11
2018-02-22 14:34:00,0.13516,0.1353,0.13516,0.1353,5
2018-02-22 14:35:00,0.13516,0.1352,0.13506,0.1352,7
2018-02-22 14:36:00,0.13506,0.13506,0.135,0.13506,3
2018-02-22 14:37:00,0.135,0.1351,0.135,0.1351,2
2018-02-22 14:38:00,0.1348,0.13494,0.1348,0.13494,6
2018-02-22 14:39:00,0.1348,0.13486,0.1348,0.13486,4
2018-02-22 14:40:00,0.1349,0.1349,0.1348,0.13486,8
2018-02-22 14:41:00,0.13484,0.13484,0.13484,0.13484,1
2018-02-22 14:43:00,0.13486,0.13486,0.13486,0.13486,1
2018-02-22 14:44:00,0.1348,0.1348,0.1348,0.1348,1
2018-02-22 14:45:00,0.1348,0.1348,0.13478,0.13478,4
2018-02-22 14:46:00,0.13486,0.13486,0.13486,0.13486,1
2018-02-22 14:47:00,0.135,0.135,0.1348,0.1348,3
2018-02-22 14:48:00,0.1348,0.1348,0.1348,0.1348,1
2018-02-22 14:50:00,0.1348,0.13486,0.1348,0.13486,2
2018-02-22 14:51:00,0.1349,0.1349,0.13486,0.13486,2
2018-02-22 14:52:00,0.1348,0.13486,0.1348,0.13486,4
2018-02-22 14:59:00,0.1348,0.13486,0.1348,0.13486,4
2018-02-22 15:00:00,0.1349,0.1349,0.1347,0.13474,7
2018-02-22 15:02:00,0.135,0.135,0.135,0.135,1
2018-02-22 15:03:00,0.135,0.135,0.13496,0.13496,4
2018-02-22 15:04:00,0.135,0.135,0.13496,0.13496,6
2018-02-22 15:05:00,0.1348,0.13496,0.1348,0.13496,4
2018-02-22 15:06:00,0.13486,0.13486,0.13486,0.13486,1
2018-02-22 15:07:00,0.1348,0.13486,0.1348,0.1348,3
2018-02-22 15:08:00,0.13476,0.13486,0.13476,0.13486,2
2018-02-22 15:09:00,0.13486,0.13486,0.1348,0.1348,2
2018-02-22 15:10:00,0.13486,0.1349,0.13486,0.1349,2
2018-02-22 15:11:00,0.13486,0.1349,0.13486,0.1349,2
2018-02-22 15:12:00,0.13486,0.1349,0.13486,0.1349,2
2018-02-22 15:13:00,0.13486,0.13496,0.13486,0.1349,8
2018-02-22 15:14:00,0.1349,0.13496,0.1349,0.1349,11
2018-02-22 15:15:00,0.13486,0.13496,0.1348,0.13496,4
2018-02-22 15:16:00,0.13476,0.13486,0.13476,0.1348,4
2018-02-22 15:17:00,0.13466,0.1347,0.13466,0.1347,2
2018-02-22 15:18:00,0.13476,0.1348,0.13472,0.13472,4
2018-02-22 15:19:00,0.1347,0.1348,0.1347,0.1348,13
2018-02-22 15:20:00,0.1348,0.1348,0.13466,0.13466,3
2018-02-22 15:23:00,0.1349,0.1349,0.1349,0.1349,1
2018-02-22 15:24:00,0.13496,0.135,0.1349,0.13498,27
2018-02-22 15:25:00,0.13496,0.135,0.13496,0.135,2
2018-02-22 15:26:00,0.1349,0.1349,0.1348,0.1349,5
2018-02-22 15:27:00,0.13496,0.135,0.13486,0.13486,11
2018-02-22 15:28:00,0.1352,0.1352,0.135,0.135,6
2018-02-22 15:29:00,0.1352,0.1352,0.1351,0.13514,4
2018-02-22 15:30:00,0.135,0.13516,0.135,0.13516,13
2018-02-22 15:31:00,0.1348,0.135,0.1348,0.13496,4
2018-02-22 15:32:00,0.13486,0.13486,0.13486,0.13486,1
2018-02-22 15:34:00,0.13486,0.1349,0.13486,0.1349,2
2018-02-22 15:35:00,0.13496,0.13496,0.1349,0.1349,4
2018-02-22 15:36:00,0.13496,0.13496,0.1349,0.1349,6
2018-02-22 15:37:00,0.13496,0.13496,0.1349,0.1349,2
2018-02-22 15:38:00,0.1348,0.1349,0.1348,0.1349,2
2018-02-22 15:39:00,0.13486,0.13486,0.1347,0.13476,4
2018-02-22 15:40:00,0.1349,0.1349,0.1348,0.1348,5
2018-02-22 15:41:00,0.1346,0.13486,0.1346,0.13486,5
2018-02-22 15:42:00,0.1347,0.1347,0.13466,0.13466,6
2018-02-22 15:43:00,0.1347,0.13478,0.1347,0.13478,3
2018-02-22 15:45:00,0.1348,0.1348,0.1348,0.1348,1
2018-02-22 15:46:00,0.1349,0.1349,0.1348,0.1348,4
2018-02-22 15:47:00,0.1347,0.1348,0.1347,0.1348,3
2018-02-22 15:48:00,0.13476,0.13476,0.1347,0.13476,5
2018-02-22 15:49:00,0.1347,0.1347,0.13466,0.1347,3
2018-02-22 15:50:00,0.1346,0.1347,0.1346,0.13466,6
2018-02-22 15:51:00,0.1344,0.13456,0.1344,0.13456,6
2018-02-22 15:52:00,0.13446,0.13446,0.1344,0.13446,7
2018-02-22 15:53:00,0.1345,0.1345,0.1345,0.1345,3
2018-02-22 15:54:00,0.1346,0.1346,0.13446,0.13446,11
2018-02-22 15:56:00,0.1346,0.13466,0.1346,0.13466,6
2018-02-22 15:58:00,0.13456,0.1346,0.13456,0.13456,3
2018-02-22 15:59:00,0.13456,0.1346,0.1345,0.1345,6
2018-02-22 16:00:00,0.13446,0.1345,0.1344,0.1345,6
2018-02-22 16:01:00,0.1345,0.13456,0.13446,0.1345,5
2018-02-22 16:02:00,0.13446,0.13456,0.13446,0.13456,5
2018-02-22 16:03:00,0.13446,0.1345,0.13446,0.1345,2
2018-02-22 16:04:00,0.13446,0.1345,0.13446,0.1345,4
2018-02-22 16:05:00,0.1345,0.13456,0.13446,0.13456,6
2018-02-22 16:06:00,0.13446,0.13456,0.13446,0.13456,3
2018-02-22 16:07:00,0.13456,0.13456,0.13446,0.13452,7
2018-02-22 16:09:00,0.1345,0.13456,0.1345,0.1345,3
2018-02-22 16:10:00,0.13456,0.13456,0.13456,0.13456,1
2018-02-22 16:11:00,0.1346,0.13466,0.13456,0.1346,11
2018-02-22 16:12:00,0.13456,0.13456,0.1345,0.1345,4
2018-02-22 16:13:00,0.1346,0.1346,0.13456,0.1346,3
2018-02-22 16:14:00,0.13466,0.13466,0.1346,0.13466,3
2018-02-22 16:15:00,0.1346,0.1346,0.1346,0.1346,1
2018-02-22 16:16:00,0.13466,0.1347,0.13466,0.13466,3
2018-02-22 16:17:00,0.13466,0.1347,0.1346,0.1346,4
2018-02-22 16:18:00,0.1346,0.1347,0.1346,0.1347,9
2018-02-22 16:19:00,0.13466,0.13466,0.1346,0.13466,3
2018-02-22 16:20:00,0.1347,0.1347,0.1346,0.1346,7
2018-02-22 16:21:00,0.1347,0.1347,0.1346,0.13466,8
2018-02-22 16:22:00,0.1347,0.13486,0.13466,0.13476,19
2018-02-22 16:23:00,0.13476,0.13476,0.13476,0.13476,1
2018-02-22 16:24:00,0.1348,0.1348,0.1348,0.1348,1
2018-02-22 16:25:00,0.13476,0.13476,0.13474,0.13476,3
2018-02-22 16:26:00,0.13486,0.13486,0.13476,0.13486,4
2018-02-22 16:27:00,0.13496,0.13496,0.1348,0.1348,6
2018-02-22 16:28:00,0.1349,0.13496,0.1349,0.1349,11
2018-02-22 16:29:00,0.13486,0.13496,0.13486,0.13496,3
2018-02-22 16:30:00,0.13476,0.1348,0.13476,0.1348,6
2018-02-22 16:31:00,0.1347,0.1348,0.1347,0.13478,5
2018-02-22 16:33:00,0.1347,0.1347,0.1346,0.13466,3
2018-02-22 16:37:00,0.13486,0.13486,0.1348,0.1348,2
2018-02-22 16:38:00,0.13486,0.13486,0.1348,0.1348,4
2018-02-22 16:39:00,0.13496,0.13496,0.1349,0.1349,6
2018-02-22 16:40:00,0.1349,0.1349,0.13486,0.1349,3
2018-02-22 16:41:00,0.1349,0.13496,0.1349,0.13496,2
2018-02-22 16:42:00,0.1348,0.1348,0.1348,0.1348,1
2018-02-22 16:44:00,0.1347,0.13474,0.1347,0.13474,2
2018-02-22 16:46:00,0.1346,0.1346,0.1346,0.1346,1
2018-02-22 16:48:00,0.1347,0.1347,0.13466,0.13466,2
2018-02-22 16:49:00,0.1347,0.13476,0.1347,0.13476,16
2018-02-22 16:50:00,0.13476,0.1348,0.13474,0.13476,7
2018-02-22 16:51:00,0.1348,0.1348,0.1348,0.1348,1
2018-02-22 16:52:00,0.13486,0.1349,0.13486,0.1349,2
2018-02-22 16:55:00,0.1348,0.13486,0.1348,0.1348,3
2018-02-22 16:56:00,0.1351,0.1351,0.1349,0.1349,7
2018-02-22 16:57:00,0.13516,0.1353,0.13516,0.13518,9
2018-02-22 16:58:00,0.1352,0.1353,0.1352,0.1352,4
2018-02-22 16:59:00,0.1352,0.13526,0.1352,0.13526,2
2018-02-22 17:00:00,0.1353,0.1353,0.13526,0.13526,2
2018-02-22 17:01:00,0.1354,0.1354,0.1354,0.1354,1
2018-02-22 17:03:00,0.13534,0.13534,0.13534,0.13534,2
2018-02-22 17:04:00,0.1353,0.13536,0.1353,0.13536,2
2018-02-22 17:05:00,0.1353,0.13536,0.1353,0.13536,4
2018-02-22 17:06:00,0.1353,0.13536,0.1353,0.13536,4
2018-02-22 17:07:00,0.13526,0.13526,0.1352,0.1352,2
2018-02-22 17:08:00,0.1353,0.1353,0.1353,0.1353,1
2018-02-22 17:09:00,0.13536,0.13536,0.1353,0.13536,3
2018-02-22 17:10:00,0.1353,0.1353,0.1353,0.1353,1
2018-02-22 17:14:00,0.1356,0.1356,0.1354,0.1354,15
2018-02-22 17:15:00,0.1357,0.1357,0.1357,0.1357,1
2018-02-22 17:16:00,0.13566,0.13566,0.13566,0.13566,1
2018-02-22 17:17:00,0.1355,0.1356,0.1355,0.1356,5
2018-02-22 17:18:00,0.1355,0.13556,0.1355,0.13556,2
2018-02-22 17:19:00,0.1355,0.13556,0.1355,0.13556,6
2018-02-22 17:20:00,0.13556,0.13556,0.1355,0.13556,13
2018-02-22 17:21:00,0.136,0.136,0.1355,0.1355,11
2018-02-22 17:22:00,0.13608,0.13608,0.13608,0.13608,1
2018-02-22 17:23:00,0.1361,0.1361,0.13596,0.13606,7
2018-02-22 17:26:00,0.13606,0.1361,0.136,0.13606,14
2018-02-22 17:27:00,0.1359,0.136,0.1359,0.136,5
2018-02-22 17:28:00,0.1358,0.13586,0.1358,0.13586,4
2018-02-22 17:29:00,0.1358,0.13586,0.1358,0.13586,2
2018-02-22 17:30:00,0.1361,0.1361,0.13586,0.13588,14
2018-02-22 17:32:00,0.13606,0.1361,0.136,0.13606,13
2018-02-22 17:33:00,0.136,0.1361,0.136,0.1361,12
2018-02-22 17:34:00,0.1361,0.1361,0.13596,0.13606,24
2018-02-22 17:36:00,0.13606,0.13606,0.13606,0.13606,1
2018-02-22 17:37:00,0.136,0.13606,0.136,0.136,5
2018-02-22 17:38:00,0.13606,0.1361,0.136,0.1361,4
2018-02-22 17:39:00,0.1361,0.1361,0.136,0.1361,6
2018-02-22 17:41:00,0.1361,0.1361,0.136,0.136,15
2018-02-22 17:44:00,0.1361,0.1361,0.13606,0.13606,4
2018-02-22 17:47:00,0.1363,0.13642,0.13618,0.13618,19
2018-02-22 17:48:00,0.1365,0.1365,0.13638,0.13638,11
2018-02-22 17:49:00,0.1365,0.1366,0.1365,0.13658,5
2018-02-22 17:50:00,0.1366,0.1366,0.1365,0.1366,5
2018-02-22 17:51:00,0.1365,0.13656,0.1365,0.13654,6
2018-02-22 17:52:00,0.1367,0.1367,0.13656,0.13658,12
2018-02-22 17:53:00,0.1368,0.1368,0.13678,0.13678,2
2018-02-22 17:54:00,0.1369,0.1369,0.1369,0.1369,1
2018-02-22 17:55:00,0.137,0.137,0.1369,0.137,5
2018-02-22 17:56:00,0.1368,0.1372,0.1368,0.13708,10
2018-02-22 17:57:00,0.1367,0.13686,0.1366,0.13686,13
2018-02-22 17:58:00,0.1366,0.13666,0.1366,0.13666,2
2018-02-22 17:59:00,0.1366,0.1366,0.1366,0.1366,1
2018-02-23 08:30:00,0.13694,0.13704,0.13674,0.13674,7
2018-02-23 08:31:00,0.13694,0.13698,0.13694,0.13698,2
2018-02-23 08:32:00,0.13688,0.13688,0.13688,0.13688,1
2018-02-23 08:33:00,0.13684,0.13688,0.13684,0.13684,3
2018-02-23 08:34:00,0.13674,0.13678,0.13674,0.13678,2
2018-02-23 08:35:00,0.13674,0.13688,0.13674,0.1368,5
2018-02-23 08:36:00,0.13678,0.13678,0.13678,0.13678,1
2018-02-23 08:37:00,0.13684,0.13684,0.13674,0.13674,3
2018-02-23 08:38:00,0.13678,0.13678,0.13678,0.13678,1
2018-02-23 08:40:00,0.13674,0.13674,0.13674,0.13674,1
2018-02-23 08:42:00,0.13664,0.13664,0.13664,0.13664,1
2018-02-23 08:43:00,0.13668,0.13674,0.13668,0.13668,7
2018-02-23 08:45:00,0.13664,0.13664,0.13664,0.13664,1
2018-02-23 08:46:00,0.13658,0.13658,0.13656,0.13656,2
2018-02-23 08:48:00,0.13648,0.13654,0.13644,0.13654,4
2018-02-23 08:49:00,0.13628,0.13638,0.13624,0.13628,8
2018-02-23 08:50:00,0.13638,0.13648,0.13638,0.13638,4
2018-02-23 08:52:00,0.13648,0.13648,0.13638,0.13644,4
2018-02-23 08:53:00,0.13638,0.13644,0.13634,0.13634,6
2018-02-23 08:54:00,0.13634,0.13638,0.13634,0.13634,3
2018-02-23 08:55:00,0.13634,0.13648,0.13634,0.13646,5
2018-02-23 08:58:00,0.13644,0.13644,0.13644,0.13644,1
2018-02-23 08:59:00,0.13648,0.13648,0.13644,0.13648,3
2018-02-23 09:00:00,0.13654,0.13658,0.13648,0.13654,17
2018-02-23 09:01:00,0.13654,0.13654,0.13648,0.13648,2
2018-02-23 09:02:00,0.13648,0.13648,0.13644,0.13648,3
2018-02-23 09:05:00,0.13648,0.13664,0.13648,0.13654,8
2018-02-23 09:07:00,0.13654,0.13654,0.13654,0.13654,1
2018-02-23 09:08:00,0.13644,0.13644,0.13644,0.13644,1
2018-02-23 09:09:00,0.13644,0.13648,0.13638,0.13638,7
2018-02-23 09:10:00,0.13648,0.13648,0.13648,0.13648,1
2018-02-23 09:11:00,0.13638,0.13648,0.13638,0.13642,7
2018-02-23 09:12:00,0.13648,0.13648,0.13634,0.13644,7
2018-02-23 09:13:00,0.13644,0.13644,0.13644,0.13644,1
2018-02-23 09:14:00,0.13654,0.13654,0.13648,0.13648,2
2018-02-23 09:15:00,0.13648,0.13654,0.13648,0.13648,5
2018-02-23 09:16:00,0.13648,0.13654,0.13648,0.13654,4
2018-02-23 09:17:00,0.13648,0.13648,0.13644,0.13644,2
2018-02-23 09:19:00,0.13644,0.13644,0.13644,0.13644,1
2018-02-23 09:20:00,0.13634,0.13638,0.13634,0.13638,2
2018-02-23 09:22:00,0.13638,0.13644,0.13634,0.13644,6
2018-02-23 09:23:00,0.13634,0.13634,0.13624,0.13624,5
2018-02-23 09:24:00,0.13628,0.13634,0.13628,0.13628,3
2018-02-23 09:25:00,0.13644,0.13644,0.13638,0.13644,3
2018-02-23 09:26:00,0.13638,0.1364,0.13638,0.13638,3
2018-02-23 09:28:00,0.13618,0.13624,0.13618,0.13624,6
2018-02-23 09:29:00,0.13604,0.13624,0.13604,0.13624,3
2018-02-23 09:30:00,0.13604,0.13604,0.13604,0.13604,2
2018-02-23 09:31:00,0.13618,0.13618,0.13618,0.13618,1
2018-02-23 09:33:00,0.13624,0.13624,0.13624,0.13624,1
2018-02-23 09:35:00,0.13618,0.13618,0.13618,0.13618,1
2018-02-23 09:36:00,0.13614,0.13614,0.13614,0.13614,1
2018-02-23 09:37:00,0.13618,0.13618,0.13618,0.13618,1
2018-02-23 09:44:00,0.13624,0.13624,0.13618,0.13624,3
2018-02-23 09:45:00,0.13614,0.13624,0.13614,0.13618,4
2018-02-23 09:46:00,0.13618,0.13618,0.13618,0.13618,1
2018-02-23 09:48:00,0.13624,0.13624,0.13624,0.13624,1
2018-02-23 09:49:00,0.13624,0.13624,0.13618,0.13618,2
2018-02-23 09:53:00,0.13618,0.13624,0.13618,0.13618,3
2018-02-23 09:54:00,0.13624,0.13624,0.13624,0.13624,1
2018-02-23 09:59:00,0.13618,0.13618,0.13614,0.13618,5
2018-02-23 10:00:00,0.13614,0.13614,0.13614,0.13614,1
2018-02-23 10:01:00,0.13618,0.13618,0.13614,0.13614,2
2018-02-23 10:03:00,0.13614,0.13614,0.13614,0.13614,1
2018-02-23 10:04:00,0.13614,0.13618,0.13614,0.13618,2
2018-02-23 10:06:00,0.13604,0.13618,0.13604,0.13618,4
2018-02-23 10:07:00,0.13604,0.13604,0.13598,0.13598,2
2018-02-23 10:08:00,0.13578,0.13608,0.13578,0.13598,6
2018-02-23 10:09:00,0.13578,0.13584,0.13574,0.13574,5
2018-02-23 10:10:00,0.13578,0.13584,0.13578,0.13584,2
2018-02-23 10:11:00,0.13588,0.13588,0.13584,0.13584,2
2018-02-23 10:12:00,0.13594,0.13594,0.13588,0.13594,3
2018-02-23 10:13:00,0.13598,0.13598,0.13594,0.13598,3
2018-02-23 10:14:00,0.13588,0.13594,0.13588,0.13594,2
2018-02-23 10:15:00,0.13588,0.13594,0.13588,0.13594,2
2018-02-23 10:16:00,0.13598,0.13598,0.13598,0.13598,1
2018-02-23 10:17:00,0.13588,0.13588,0.13588,0.13588,1
2018-02-23 10:22:00,0.13584,0.13584,0.13584,0.13584,1
2018-02-23 10:23:00,0.13588,0.13588,0.13578,0.13588,8
2018-02-23 10:24:00,0.13588,0.13588,0.13584,0.13584,2
2018-02-23 10:25:00,0.13588,0.13588,0.13578,0.13578,3
2018-02-23 10:26:00,0.13584,0.13584,0.13584,0.13584,1
2018-02-23 10:27:00,0.13594,0.13594,0.13574,0.13574,6
2018-02-23 10:31:00,0.13588,0.13588,0.13588,0.13588,1
2018-02-23 10:32:00,0.13594,0.13594,0.13588,0.13594,3
2018-02-23 10:33:00,0.13588,0.13598,0.13584,0.13598,3
2018-02-23 10:34:00,0.13594,0.13594,0.13584,0.13584,8
2018-02-23 10:36:00,0.13598,0.13598,0.13598,0.13598,1
2018-02-23 10:38:00,0.13594,0.13594,0.13594,0.13594,1
2018-02-23 10:40:00,0.13598,0.13604,0.13598,0.13604,4
2018-02-23 10:41:00,0.13604,0.13604,0.13604,0.13604,1
2018-02-23 10:43:00,0.13624,0.13624,0.13608,0.13608,4
2018-02-23 10:46:00,0.13638,0.13638,0.13628,0.1363,3
2018-02-23 10:47:00,0.13644,0.13644,0.13644,0.13644,1
2018-02-23 10:48:00,0.13664,0.13664,0.13648,0.13648,4
2018-02-23 10:49:00,0.13674,0.13674,0.13674,0.13674,1
2018-02-23 10:54:00,0.13668,0.13668,0.13666,0.13666,3
2018-02-23 10:55:00,0.13674,0.13674,0.13674,0.13674,1
2018-02-23 10:56:00,0.13664,0.13664,0.13664,0.13664,1
2018-02-23 10:57:00,0.13654,0.13658,0.13654,0.13654,3
2018-02-23 10:59:00,0.13654,0.13658,0.13654,0.13658,2
2018-02-23 11:01:00,0.13658,0.13658,0.13658,0.13658,1
2018-02-23 11:03:00,0.13654,0.13654,0.13654,0.13654,1
2018-02-23 11:04:00,0.13654,0.13658,0.13654,0.13658,2
2018-02-23 11:05:00,0.13644,0.13648,0.13644,0.13648,2
2018-02-23 11:06:00,0.13648,0.13648,0.13648,0.13648,1
2018-02-23 11:07:00,0.13654,0.13654,0.13648,0.13654,5
2018-02-23 11:09:00,0.13658,0.13658,0.13658,0.13658,1
2018-02-23 11:10:00,0.13664,0.13664,0.13664,0.13664,1
2018-02-23 11:13:00,0.13668,0.13674,0.13668,0.1367,3
2018-02-23 11:14:00,0.13664,0.13668,0.13664,0.13664,3
2018-02-23 11:20:00,0.13658,0.13658,0.13654,0.13658,3
2018-02-23 11:21:00,0.13658,0.13658,0.13654,0.13654,2
2018-02-23 11:22:00,0.13648,0.13658,0.13644,0.13652,8
2018-02-23 11:23:00,0.13644,0.13648,0.13644,0.13644,5
2018-02-23 11:24:00,0.13644,0.13648,0.13644,0.13648,2
2018-02-23 11:25:00,0.13648,0.13648,0.13644,0.13648,3
2018-02-23 11:26:00,0.13654,0.13654,0.13654,0.13654,1
2018-02-23 11:28:00,0.13644,0.13644,0.13644,0.13644,1
2018-02-23 11:30:00,0.13654,0.13654,0.13644,0.13648,6
2018-02-23 11:36:00,0.13654,0.13654,0.13648,0.13648,2
2018-02-23 11:38:00,0.13674,0.13674,0.13664,0.13664,2
2018-02-23 11:43:00,0.13668,0.13668,0.13658,0.13664,8
2018-02-23 11:45:00,0.13634,0.13654,0.13634,0.13654,6
2018-02-23 11:46:00,0.13648,0.13648,0.13624,0.13624,10
2018-02-23 11:47:00,0.13644,0.13648,0.13638,0.13638,7
2018-02-23 11:48:00,0.13648,0.13648,0.13644,0.13648,3
2018-02-23 11:49:00,0.13648,0.13654,0.13644,0.13654,4
2018-02-23 11:51:00,0.13628,0.13634,0.13628,0.13634,4
2018-02-23 11:53:00,0.13634,0.13634,0.13634,0.13634,1
2018-02-23 11:54:00,0.13628,0.13634,0.13628,0.13628,5
2018-02-23 11:56:00,0.13634,0.13634,0.13628,0.13634,5
2018-02-23 11:57:00,0.13634,0.13638,0.13628,0.13628,4
2018-02-23 11:58:00,0.13638,0.13638,0.13628,0.13628,2
2018-02-23 11:59:00,0.13638,0.13644,0.13638,0.13644,2
2018-02-23 12:00:00,0.13654,0.13654,0.13644,0.13644,3
2018-02-23 12:05:00,0.13654,0.13664,0.13654,0.13664,8
2018-02-23 12:06:00,0.13658,0.13658,0.13658,0.13658,1
2018-02-23 12:07:00,0.13658,0.13664,0.13658,0.13664,2
2018-02-23 12:08:00,0.13664,0.13664,0.13658,0.13664,5
2018-02-23 12:12:00,0.13674,0.13674,0.13668,0.13674,3
2018-02-23 12:14:00,0.13678,0.13684,0.13678,0.13684,2
2018-02-23 12:15:00,0.13694,0.13694,0.13684,0.13684,2
2018-02-23 12:17:00,0.13694,0.13694,0.13692,0.13692,2
2018-02-23 12:18:00,0.13684,0.13688,0.13684,0.13688,2
2018-02-23 12:27:00,0.13688,0.13688,0.13688,0.13688,1
2018-02-23 12:28:00,0.13684,0.13684,0.13684,0.13684,1
2018-02-23 12:37:00,0.13684,0.13688,0.13684,0.13688,2
2018-02-23 12:39:00,0.13688,0.13688,0.13688,0.13688,1
2018-02-23 12:40:00,0.13668,0.13674,0.13668,0.13672,4
2018-02-23 12:42:00,0.13678,0.13678,0.13676,0.13676,2
2018-02-23 12:45:00,0.13668,0.13668,0.13668,0.13668,1
2018-02-23 12:46:00,0.13668,0.13674,0.13668,0.13674,6
2018-02-23 12:47:00,0.13668,0.13674,0.13668,0.13674,2
2018-02-23 12:50:00,0.13668,0.13668,0.13664,0.13664,2
2018-02-23 12:51:00,0.13668,0.13674,0.13668,0.13674,10
2018-02-23 12:52:00,0.13674,0.13674,0.13668,0.13674,3
2018-02-23 12:54:00,0.13674,0.13674,0.13668,0.13668,10
2018-02-23 12:55:00,0.13674,0.13674,0.13668,0.13668,4
2018-02-23 12:56:00,0.13674,0.13684,0.13664,0.13664,6
2018-02-23 12:57:00,0.13684,0.13684,0.13684,0.13684,1
2018-02-23 13:00:00,0.13694,0.13694,0.13678,0.13678,3
2018-02-23 13:03:00,0.13704,0.13704,0.13704,0.13704,1
2018-02-23 13:04:00,0.13704,0.13714,0.13704,0.13714,2
2018-02-23 13:05:00,0.13704,0.13704,0.13698,0.13698,2
2018-02-23 13:06:00,0.13698,0.13704,0.13698,0.13698,3
2018-02-23 13:07:00,0.13704,0.13714,0.13704,0.13704,6
2018-02-23 13:08:00,0.13708,0.13714,0.13708,0.1371,4
2018-02-23 13:09:00,0.13708,0.13714,0.13704,0.13714,6
2018-02-23 13:10:00,0.13698,0.13704,0.13694,0.13704,10
2018-02-23 13:11:00,0.13674,0.13698,0.13674,0.13694,11
2018-02-23 13:12:00,0.13684,0.13688,0.13684,0.13684,7
2018-02-23 13:13:00,0.13688,0.13688,0.13688,0.13688,1
2018-02-23 13:14:00,0.13684,0.13688,0.13684,0.13684,9
2018-02-23 13:15:00,0.13688,0.13694,0.13684,0.13688,5
2018-02-23 13:16:00,0.13694,0.13694,0.13694,0.13694,1
2018-02-23 13:17:00,0.13688,0.13694,0.13688,0.13688,3
2018-02-23 13:18:00,0.13684,0.13684,0.13684,0.13684,1
2018-02-23 13:19:00,0.13684,0.13688,0.13684,0.13688,4
2018-02-23 13:20:00,0.13694,0.13694,0.13684,0.13688,4
2018-02-23 13:21:00,0.13688,0.13688,0.13688,0.13688,1
2018-02-23 13:22:00,0.13684,0.13684,0.13684,0.13684,1
2018-02-23 13:24:00,0.13694,0.13694,0.13688,0.13688,2
2018-02-23 13:26:00,0.13694,0.13694,0.13684,0.13684,3
2018-02-23 13:27:00,0.13674,0.1369,0.13674,0.1369,7
2018-02-23 13:28:00,0.13674,0.13684,0.13674,0.1368,5
2018-02-23 13:29:00,0.1365,0.1368,0.13644,0.1367,12
2018-02-23 13:30:00,0.1366,0.13666,0.13638,0.13644,11
2018-02-23 13:31:00,0.13664,0.13664,0.13664,0.13664,1
2018-02-23 13:32:00,0.13664,0.13664,0.13654,0.1366,3
2018-02-23 13:33:00,0.13634,0.13658,0.13624,0.13658,12
2018-02-23 13:34:00,0.1367,0.1367,0.13624,0.13624,9
2018-02-23 13:35:00,0.1368,0.13684,0.13674,0.13674,3
2018-02-23 13:36:00,0.1366,0.13684,0.1366,0.13684,5
2018-02-23 13:37:00,0.13638,0.13654,0.13638,0.13654,3
2018-02-23 13:38:00,0.13634,0.13634,0.13628,0.13634,4
2018-02-23 13:39:00,0.1362,0.13644,0.13604,0.1364,18
2018-02-23 13:40:00,0.13614,0.1363,0.13614,0.1363,6
2018-02-23 13:41:00,0.1361,0.13614,0.13604,0.13604,4
2018-02-23 13:42:00,0.13574,0.13594,0.13572,0.13594,5
2018-02-23 13:43:00,0.13584,0.13594,0.13572,0.13572,7
2018-02-23 13:44:00,0.1361,0.13614,0.1359,0.1359,7
2018-02-23 13:45:00,0.1359,0.13604,0.13584,0.13604,6
2018-02-23 13:46:00,0.136,0.136,0.1359,0.13594,8
2018-02-23 13:47:00,0.13604,0.1361,0.13594,0.13606,8
2018-02-23 13:48:00,0.1363,0.13644,0.13602,0.13602,12
2018-02-23 13:49:00,0.13624,0.13634,0.1362,0.13634,9
2018-02-23 13:50:00,0.13624,0.1363,0.13614,0.13614,11
2018-02-23 13:51:00,0.1363,0.13634,0.13628,0.1363,7
2018-02-23 13:52:00,0.1363,0.1364,0.13624,0.13634,7
2018-02-23 13:53:00,0.1364,0.1364,0.13624,0.13624,5
2018-02-23 13:54:00,0.1364,0.13644,0.1364,0.13644,2
2018-02-23 13:56:00,0.13634,0.1364,0.13634,0.13634,3
2018-02-23 13:59:00,0.13644,0.13644,0.1364,0.1364,2
2018-02-23 14:00:00,0.13624,0.1364,0.1362,0.13638,7
2018-02-23 14:01:00,0.13614,0.1362,0.13614,0.1362,2
2018-02-23 14:04:00,0.1363,0.1363,0.1362,0.1362,2
2018-02-23 14:08:00,0.1363,0.1363,0.13624,0.13624,2
2018-02-23 14:09:00,0.1362,0.1362,0.1362,0.1362,1
2018-02-23 14:10:00,0.13604,0.1361,0.13604,0.1361,8
2018-02-23 14:11:00,0.1359,0.13594,0.13584,0.13594,3
2018-02-23 14:12:00,0.136,0.136,0.136,0.136,1
2018-02-23 14:15:00,0.1361,0.1361,0.13604,0.13604,2
2018-02-23 14:16:00,0.13604,0.13614,0.13604,0.13614,8
2018-02-23 14:17:00,0.13614,0.13614,0.1361,0.1361,2
2018-02-23 14:18:00,0.13614,0.13614,0.1361,0.1361,2
2018-02-23 14:19:00,0.1363,0.1363,0.1362,0.13624,4
2018-02-23 14:20:00,0.13634,0.1364,0.13634,0.1364,6
2018-02-23 14:21:00,0.1364,0.1364,0.13634,0.1364,7
2018-02-23 14:22:00,0.1364,0.1364,0.13634,0.13634,2
2018-02-23 14:23:00,0.1364,0.1364,0.13634,0.13634,4
2018-02-23 14:24:00,0.13634,0.1364,0.13634,0.13634,7
2018-02-23 14:25:00,0.13634,0.1364,0.13634,0.1364,8
2018-02-23 14:26:00,0.13624,0.1364,0.13624,0.1364,7
2018-02-23 14:28:00,0.13634,0.1364,0.1363,0.1363,4
2018-02-23 14:29:00,0.1364,0.1364,0.13634,0.1364,7
2018-02-23 14:30:00,0.13634,0.1365,0.13624,0.13634,12
2018-02-23 14:31:00,0.13614,0.1363,0.13614,0.13624,15
2018-02-23 14:32:00,0.13614,0.13624,0.13608,0.13608,7
2018-02-23 14:33:00,0.13614,0.1363,0.13614,0.13624,11
2018-02-23 14:34:00,0.1362,0.1362,0.13614,0.13616,3
2018-02-23 14:35:00,0.13614,0.13624,0.13614,0.13624,3
2018-02-23 14:37:00,0.1361,0.13614,0.1361,0.13614,4
2018-02-23 14:38:00,0.13604,0.13604,0.13604,0.13604,1
2018-02-23 14:40:00,0.1361,0.1361,0.13604,0.1361,3
2018-02-23 14:42:00,0.1363,0.13634,0.13604,0.13604,9
2018-02-23 14:43:00,0.13624,0.13624,0.13624,0.13624,1
2018-02-23 14:44:00,0.1363,0.1363,0.1362,0.1362,3
2018-02-23 14:45:00,0.13634,0.13634,0.13624,0.13624,3
2018-02-23 14:48:00,0.1362,0.1364,0.1362,0.1364,8
2018-02-23 14:49:00,0.13614,0.1362,0.1361,0.13614,7
2018-02-23 14:50:00,0.1364,0.13644,0.13624,0.13624,6
2018-02-23 14:51:00,0.1366,0.13662,0.1363,0.13634,9
2018-02-23 14:52:00,0.13664,0.13664,0.13654,0.13654,4
2018-02-23 14:53:00,0.13654,0.13662,0.1365,0.13654,8
2018-02-23 14:54:00,0.1367,0.1367,0.13654,0.1366,15
2018-02-23 14:55:00,0.1366,0.1367,0.1366,0.13664,5
2018-02-23 14:56:00,0.13684,0.13684,0.1366,0.1367,12
2018-02-23 14:57:00,0.13704,0.13704,0.13692,0.13692,6
2018-02-23 14:58:00,0.13694,0.13698,0.13694,0.13698,2
2018-02-23 14:59:00,0.13684,0.1369,0.13684,0.1369,2
2018-02-23 15:00:00,0.137,0.13704,0.13674,0.1368,8
2018-02-23 15:01:00,0.13694,0.13694,0.13694,0.13694,1
2018-02-23 15:02:00,0.13684,0.1369,0.13684,0.1369,6
2018-02-23 15:03:00,0.13684,0.13684,0.1368,0.1368,2
2018-02-23 15:05:00,0.1368,0.1368,0.1368,0.1368,1
2018-02-23 15:06:00,0.1369,0.1369,0.13686,0.13686,2
2018-02-23 15:07:00,0.1369,0.13694,0.13684,0.13684,6
2018-02-23 15:08:00,0.13694,0.13694,0.1369,0.13694,3
2018-02-23 15:09:00,0.13694,0.13704,0.13684,0.13684,10
2018-02-23 15:10:00,0.13684,0.1369,0.13684,0.1369,2
2018-02-23 15:11:00,0.1368,0.1369,0.1368,0.1368,5
2018-02-23 15:12:00,0.1368,0.13684,0.13674,0.13674,4
2018-02-23 15:13:00,0.13664,0.1368,0.13654,0.13674,7
2018-02-23 15:14:00,0.1366,0.1366,0.1366,0.1366,1
2018-02-23 15:15:00,0.13654,0.13654,0.13654,0.13654,1
2018-02-23 15:17:00,0.13664,0.13664,0.1366,0.13662,4
2018-02-23 15:18:00,0.13654,0.13654,0.13654,0.13654,1
2018-02-23 15:25:00,0.13664,0.13664,0.13664,0.13664,1
2018-02-23 15:27:00,0.1367,0.1367,0.1366,0.1366,3
2018-02-23 15:28:00,0.1367,0.1367,0.13664,0.13664,2
2018-02-23 15:29:00,0.1366,0.13664,0.13654,0.13664,9
2018-02-23 15:30:00,0.13654,0.13656,0.13654,0.13654,3
2018-02-23 15:31:00,0.13664,0.13664,0.1366,0.1366,2
2018-02-23 15:32:00,0.1366,0.13664,0.1366,0.1366,7
2018-02-23 15:34:00,0.1366,0.1366,0.13654,0.13654,2
2018-02-23 15:36:00,0.13654,0.13654,0.13654,0.13654,1
2018-02-23 15:38:00,0.1365,0.1365,0.1364,0.1365,5
2018-02-23 15:39:00,0.1366,0.13664,0.13644,0.13644,6
2018-02-23 15:40:00,0.1366,0.13664,0.1366,0.13664,8
2018-02-23 15:41:00,0.1366,0.13664,0.13654,0.13664,4
2018-02-23 15:42:00,0.13664,0.13674,0.13662,0.13664,9
2018-02-23 15:43:00,0.13674,0.13674,0.1367,0.1367,4
2018-02-23 15:45:00,0.13664,0.13674,0.13664,0.1367,6
2018-02-23 15:46:00,0.13664,0.13664,0.13662,0.13662,4
2018-02-23 15:50:00,0.13674,0.13674,0.13664,0.13674,7
2018-02-23 15:51:00,0.1367,0.13674,0.1367,0.1367,9
2018-02-23 15:53:00,0.13664,0.13664,0.13664,0.13664,1
2018-02-23 15:54:00,0.1367,0.1367,0.1367,0.1367,1
2018-02-23 15:55:00,0.13664,0.1367,0.13664,0.13664,3
2018-02-23 16:03:00,0.13664,0.13674,0.13664,0.13674,2
2018-02-23 16:08:00,0.13644,0.13664,0.13644,0.13662,8
2018-02-23 16:10:00,0.1366,0.13664,0.1364,0.1364,13
2018-02-23 16:11:00,0.13664,0.13664,0.1365,0.13652,7
2018-02-23 16:12:00,0.13664,0.13664,0.1366,0.1366,2
2018-02-23 16:14:00,0.13674,0.13674,0.13672,0.13672,2
2018-02-23 16:15:00,0.13674,0.13674,0.1367,0.13672,8
2018-02-23 16:16:00,0.13674,0.13674,0.13664,0.13664,5
2018-02-23 16:17:00,0.1366,0.1367,0.1366,0.1367,3
2018-02-23 16:18:00,0.13664,0.13664,0.13664,0.13664,1
2018-02-23 16:19:00,0.1367,0.1367,0.13664,0.1367,3
2018-02-23 16:20:00,0.13674,0.13674,0.1367,0.13674,3
2018-02-23 16:24:00,0.13684,0.13684,0.13682,0.13682,2
2018-02-23 16:27:00,0.13694,0.13694,0.13692,0.13692,2
2018-02-23 16:28:00,0.137,0.13704,0.137,0.13704,2
2018-02-23 16:29:00,0.13684,0.13704,0.13682,0.13704,7
2018-02-23 16:30:00,0.13694,0.13694,0.13694,0.13694,1
2018-02-23 16:31:00,0.13704,0.13704,0.137,0.137,2
2018-02-23 16:37:00,0.1371,0.1371,0.13704,0.13706,5
2018-02-23 16:38:00,0.13714,0.13714,0.13704,0.13704,3
2018-02-23 16:43:00,0.13724,0.13724,0.13724,0.13724,1
2018-02-23 16:44:00,0.13734,0.13734,0.13724,0.13726,7
2018-02-23 16:45:00,0.13744,0.13744,0.13744,0.13744,1
2018-02-23 16:49:00,0.1374,0.1374,0.1374,0.1374,1
2018-02-23 16:50:00,0.13724,0.13744,0.13724,0.13744,3
2018-02-23 16:51:00,0.13714,0.1372,0.13714,0.13714,13
2018-02-23 16:52:00,0.13724,0.1373,0.1372,0.1372,5
2018-02-23 16:53:00,0.13724,0.13724,0.1372,0.1372,2
2018-02-23 16:54:00,0.1372,0.1372,0.1372,0.1372,1
2018-02-23 16:55:00,0.1372,0.13724,0.1372,0.13722,6
2018-02-23 16:56:00,0.1371,0.13712,0.13704,0.13712,6
2018-02-23 16:57:00,0.13714,0.13714,0.13704,0.13704,5
2018-02-23 16:59:00,0.13688,0.13724,0.13688,0.13722,7
2018-02-23 17:00:00,0.13694,0.137,0.13688,0.13692,7
2018-02-23 17:01:00,0.13684,0.1369,0.13684,0.1369,2
2018-02-23 17:02:00,0.13694,0.137,0.1369,0.1369,4
2018-02-23 17:03:00,0.13684,0.13704,0.1368,0.13704,7
2018-02-23 17:04:00,0.1369,0.1369,0.1369,0.1369,1
2018-02-23 17:05:00,0.13694,0.13694,0.13694,0.13694,1
2018-02-23 17:06:00,0.137,0.13704,0.137,0.137,5
2018-02-23 17:07:00,0.1371,0.13714,0.13704,0.1371,5
2018-02-23 17:08:00,0.1371,0.13714,0.1371,0.13714,2
2018-02-23 17:09:00,0.13724,0.13724,0.13714,0.13714,3
2018-02-23 17:10:00,0.13724,0.13724,0.13704,0.13718,8
2018-02-23 17:11:00,0.13744,0.13744,0.13734,0.13734,6
2018-02-23 17:12:00,0.13754,0.13754,0.13754,0.13754,1
2018-02-23 17:14:00,0.13744,0.1375,0.13744,0.1375,2
2018-02-23 17:15:00,0.13714,0.1374,0.1371,0.1374,9
2018-02-23 17:16:00,0.1372,0.1373,0.1372,0.1372,5
2018-02-23 17:17:00,0.1372,0.13724,0.1372,0.13724,2
2018-02-23 17:18:00,0.13724,0.13724,0.13714,0.13714,3
2018-02-23 17:20:00,0.13724,0.13724,0.1372,0.1372,4
2018-02-23 17:21:00,0.13704,0.1372,0.137,0.1372,8
2018-02-23 17:22:00,0.13714,0.13714,0.13714,0.13714,1
2018-02-23 17:25:00,0.13714,0.13724,0.13714,0.1372,3
2018-02-23 17:27:00,0.13724,0.13736,0.13724,0.13724,3
2018-02-23 17:29:00,0.13724,0.13736,0.13714,0.1373,7
2018-02-23 17:30:00,0.13746,0.13746,0.13724,0.1373,15
2018-02-23 17:32:00,0.13736,0.1374,0.13736,0.1374,2
2018-02-23 17:33:00,0.13724,0.13746,0.1372,0.13746,8
2018-02-23 17:34:00,0.13736,0.13736,0.13724,0.13736,6
2018-02-23 17:35:00,0.13736,0.13736,0.1373,0.1373,2
2018-02-23 17:36:00,0.13714,0.1373,0.13714,0.1373,3
2018-02-23 17:37:00,0.13704,0.13704,0.13704,0.13704,1
2018-02-23 17:38:00,0.13714,0.13714,0.1371,0.1371,2
2018-02-23 17:40:00,0.13724,0.13724,0.1372,0.1372,2
2018-02-23 17:41:00,0.13724,0.13736,0.13724,0.13736,5
2018-02-23 17:45:00,0.13714,0.13714,0.13714,0.13714,1
2018-02-23 17:46:00,0.13664,0.13714,0.13664,0.1371,35
2018-02-23 17:47:00,0.13664,0.13664,0.13654,0.13654,6
2018-02-23 17:48:00,0.13664,0.13674,0.13664,0.1367,3
2018-02-23 17:49:00,0.13674,0.13674,0.13674,0.13674,1
2018-02-23 17:50:00,0.13674,0.13674,0.13664,0.13664,5
2018-02-23 17:51:00,0.13684,0.13684,0.1368,0.1368,2
2018-02-23 17:52:00,0.13674,0.13684,0.13674,0.13674,4
2018-02-23 17:53:00,0.13624,0.13674,0.13624,0.1367,89
2018-02-23 17:54:00,0.13634,0.13648,0.13624,0.13634,17
2018-02-23 17:55:00,0.13644,0.13664,0.13634,0.13638,11
2018-02-23 17:56:00,0.13644,0.13654,0.13634,0.13638,8
2018-02-23 17:57:00,0.13654,0.13654,0.13644,0.13648,3
2018-02-23 17:58:00,0.13654,0.13664,0.13654,0.13658,3
2018-02-23 17:59:00,0.13654,0.13654,0.13654,0.13654,1
2018-02-26 08:30:00,0.13646,0.13646,0.13616,0.13616,7
2018-02-26 08:31:00,0.13636,0.13646,0.13636,0.13636,3
2018-02-26 08:32:00,0.13626,0.13626,0.13622,0.13626,3
2018-02-26 08:34:00,0.13636,0.13646,0.13636,0.13636,5
2018-02-26 08:35:00,0.13646,0.13646,0.13646,0.13646,1
2018-02-26 08:36:00,0.13636,0.13636,0.13636,0.13636,1
2018-02-26 08:37:00,0.13646,0.13646,0.13646,0.13646,1
2018-02-26 08:38:00,0.13646,0.13646,0.13636,0.13642,5
2018-02-26 08:39:00,0.13668,0.13672,0.13656,0.13656,4
2018-02-26 08:40:00,0.13668,0.13678,0.13668,0.13672,4
2018-02-26 08:42:00,0.13678,0.13678,0.13668,0.13678,5
2018-02-26 08:43:00,0.13688,0.13698,0.13682,0.13682,6
2018-02-26 08:44:00,0.13708,0.13708,0.13692,0.13692,6
2018-02-26 08:45:00,0.13698,0.13698,0.13698,0.13698,1
2018-02-26 08:46:00,0.13698,0.13708,0.13698,0.13708,2
2018-02-26 08:47:00,0.13702,0.13708,0.13702,0.13708,2
2018-02-26 08:48:00,0.13718,0.13722,0.13698,0.13698,6
2018-02-26 08:49:00,0.13708,0.13708,0.13708,0.13708,1
2018-02-26 08:50:00,0.13698,0.13698,0.13698,0.13698,1
2018-02-26 08:51:00,0.13678,0.13692,0.13678,0.13692,9
2018-02-26 08:53:00,0.13668,0.13668,0.13668,0.13668,1
2018-02-26 08:55:00,0.13678,0.13678,0.13668,0.13678,3
2018-02-26 08:59:00,0.13678,0.13688,0.13678,0.13688,3
2018-02-26 09:01:00,0.13678,0.13682,0.13678,0.13682,2
2018-02-26 09:02:00,0.13668,0.13672,0.13668,0.13672,2
2018-02-26 09:04:00,0.13668,0.13678,0.13668,0.13678,2
2018-02-26 09:05:00,0.13678,0.13678,0.13668,0.13678,3
2018-02-26 09:09:00,0.13668,0.13678,0.13656,0.13668,6
2018-02-26 09:10:00,0.13666,0.13666,0.13656,0.13662,12
2018-02-26 09:11:00,0.13666,0.13678,0.13662,0.13672,7
2018-02-26 09:12:00,0.13666,0.13678,0.13666,0.13672,10
2018-02-26 09:13:00,0.13666,0.13672,0.13666,0.13672,4
2018-02-26 09:14:00,0.13656,0.13666,0.13656,0.13656,4
2018-02-26 09:15:00,0.13666,0.13666,0.13656,0.13666,3
2018-02-26 09:16:00,0.13656,0.13656,0.13656,0.13656,1
2018-02-26 09:18:00,0.13656,0.13656,0.13652,0.13652,2
2018-02-26 09:22:00,0.13656,0.13656,0.13646,0.13652,3
2018-02-26 09:23:00,0.13626,0.13646,0.13626,0.13646,4
2018-02-26 09:24:00,0.13556,0.13622,0.1354,0.13622,41
2018-02-26 09:25:00,0.13566,0.13576,0.13556,0.13566,11
2018-02-26 09:26:00,0.13596,0.13596,0.13566,0.1357,12
2018-02-26 09:27:00,0.13576,0.13592,0.13576,0.13592,3
2018-02-26 09:28:00,0.13596,0.13596,0.13586,0.13586,2
2018-02-26 09:29:00,0.13606,0.13606,0.13602,0.13606,5
2018-02-26 09:30:00,0.13616,0.13616,0.13606,0.13606,4
2018-02-26 09:31:00,0.13606,0.13606,0.13606,0.13606,1
2018-02-26 09:34:00,0.13606,0.13616,0.13606,0.13616,2
2018-02-26 09:35:00,0.13616,0.13616,0.13606,0.13612,8
2018-02-26 09:36:00,0.13606,0.13612,0.13606,0.13612,2
2018-02-26 09:40:00,0.13602,0.13602,0.13602,0.13602,1
2018-02-26 09:41:00,0.13606,0.13606,0.13596,0.13606,4
2018-02-26 09:48:00,0.13616,0.13616,0.13616,0.13616,1
2018-02-26 09:53:00,0.13626,0.13626,0.13626,0.13626,1
2018-02-26 09:56:00,0.13636,0.13636,0.13636,0.13636,1
2018-02-26 09:57:00,0.13646,0.13646,0.13642,0.13642,2
2018-02-26 09:58:00,0.13636,0.13636,0.13636,0.13636,1
2018-02-26 09:59:00,0.13626,0.13626,0.13626,0.13626,1
2018-02-26 10:00:00,0.13636,0.13636,0.13636,0.13636,1
2018-02-26 10:01:00,0.13646,0.13646,0.13646,0.13646,1
2018-02-26 10:06:00,0.13656,0.13656,0.13656,0.13656,1
2018-02-26 10:07:00,0.13646,0.13646,0.13646,0.13646,1
2018-02-26 10:08:00,0.13656,0.13656,0.13654,0.13654,2
2018-02-26 10:10:00,0.13664,0.13664,0.13664,0.13664,1
2018-02-26 10:11:00,0.13672,0.13678,0.13666,0.13678,3
2018-02-26 10:12:00,0.13666,0.13672,0.13666,0.13666,3
2018-02-26 10:13:00,0.13672,0.13678,0.13666,0.13678,4
2018-02-26 10:14:00,0.13688,0.13688,0.13678,0.13678,3
2018-02-26 10:16:00,0.13688,0.13688,0.13678,0.13678,2
2018-02-26 10:17:00,0.13688,0.13688,0.13678,0.13678,2
2018-02-26 10:19:00,0.13698,0.13698,0.13698,0.13698,1
2018-02-26 10:21:00,0.13698,0.13698,0.13688,0.13688,7
2018-02-26 10:22:00,0.13692,0.13698,0.13688,0.13688,3
2018-02-26 10:23:00,0.13698,0.13698,0.13698,0.13698,1
2018-02-26 10:26:00,0.13718,0.13718,0.13708,0.13708,7
2018-02-26 10:30:00,0.13708,0.13708,0.13708,0.13708,1
2018-02-26 10:32:00,0.13718,0.13718,0.13718,0.13718,1
2018-02-26 10:33:00,0.13708,0.13708,0.13708,0.13708,1
2018-02-26 10:36:00,0.13698,0.13698,0.13698,0.13698,1
2018-02-26 10:38:00,0.13708,0.13708,0.13698,0.13704,4
2018-02-26 10:44:00,0.13706,0.13712,0.13706,0.13712,4
2018-02-26 10:49:00,0.13702,0.13702,0.13702,0.13702,1
2018-02-26 10:50:00,0.13708,0.13708,0.13698,0.13698,2
2018-02-26 10:55:00,0.13708,0.13712,0.13708,0.13712,4
2018-02-26 10:57:00,0.13718,0.13718,0.13714,0.13714,2
2018-02-26 11:00:00,0.13712,0.13718,0.13708,0.13708,4
2018-02-26 11:01:00,0.13708,0.13708,0.13708,0.13708,1
2018-02-26 11:07:00,0.13698,0.13698,0.13698,0.13698,1
2018-02-26 11:09:00,0.13708,0.13708,0.13708,0.13708,1
2018-02-26 11:11:00,0.13708,0.13708,0.13698,0.13698,3
2018-02-26 11:14:00,0.13724,0.13724,0.13718,0.13718,2
2018-02-26 11:15:00,0.13718,0.1372,0.13712,0.13718,5
2018-02-26 11:16:00,0.13718,0.13722,0.13718,0.13722,2
2018-02-26 11:17:00,0.13718,0.13722,0.13718,0.13722,2
2018-02-26 11:19:00,0.13728,0.13728,0.13722,0.13722,2
2018-02-26 11:20:00,0.13718,0.13718,0.13718,0.13718,1
2018-02-26 11:23:00,0.13718,0.13718,0.13708,0.13708,2
2018-02-26 11:30:00,0.13708,0.13708,0.13708,0.13708,1
2018-02-26 11:32:00,0.13698,0.137,0.13698,0.137,2
2018-02-26 11:39:00,0.13686,0.13686,0.13686,0.13686,1
2018-02-26 11:42:00,0.13698,0.13698,0.13694,0.13694,2
2018-02-26 11:49:00,0.13686,0.13686,0.13686,0.13686,1
2018-02-26 11:51:00,0.13676,0.13676,0.13676,0.13676,1
2018-02-26 11:52:00,0.13686,0.13686,0.1368,0.13682,4
2018-02-26 12:00:00,0.13686,0.13686,0.13676,0.1368,8
2018-02-26 12:01:00,0.13676,0.13676,0.13676,0.13676,1
2018-02-26 12:02:00,0.13686,0.13686,0.13682,0.13682,2
2018-02-26 12:05:00,0.13682,0.13682,0.13676,0.13676,2
2018-02-26 12:06:00,0.13686,0.13686,0.13686,0.13686,1
2018-02-26 12:07:00,0.13676,0.1368,0.13676,0.1368,2
2018-02-26 12:08:00,0.13666,0.13666,0.13666,0.13666,1
2018-02-26 12:09:00,0.13674,0.13674,0.13664,0.13664,3
2018-02-26 12:10:00,0.13676,0.13676,0.13672,0.13672,2
2018-02-26 12:13:00,0.13686,0.13686,0.13686,0.13686,1
2018-02-26 12:15:00,0.13676,0.13676,0.13676,0.13676,1
2018-02-26 12:16:00,0.13672,0.13672,0.1367,0.13672,3
2018-02-26 12:17:00,0.13676,0.13676,0.13676,0.13676,1
2018-02-26 12:19:00,0.13666,0.13666,0.13666,0.13666,1
2018-02-26 12:20:00,0.13666,0.13674,0.13666,0.13674,2
2018-02-26 12:21:00,0.13656,0.13656,0.13654,0.13656,3
2018-02-26 12:22:00,0.13652,0.13656,0.13646,0.1365,4
2018-02-26 12:23:00,0.13656,0.13656,0.13656,0.13656,1
2018-02-26 12:30:00,0.13636,0.1365,0.13626,0.1365,6
2018-02-26 12:33:00,0.13656,0.13656,0.13646,0.13646,2
2018-02-26 12:34:00,0.13646,0.13646,0.13646,0.13646,1
2018-02-26 12:35:00,0.13636,0.13646,0.13636,0.13644,3
2018-02-26 12:38:00,0.13646,0.13646,0.13646,0.13646,1
2018-02-26 12:40:00,0.13636,0.13636,0.13636,0.13636,1
2018-02-26 12:41:00,0.13646,0.13646,0.13646,0.13646,1
2018-02-26 12:44:00,0.13664,0.13664,0.13656,0.13656,2
2018-02-26 12:45:00,0.13642,0.13656,0.1364,0.13656,7
2018-02-26 12:46:00,0.13636,0.13636,0.1363,0.13636,3
2018-02-26 12:49:00,0.13626,0.13642,0.13626,0.13642,3
2018-02-26 12:50:00,0.13616,0.13622,0.13616,0.1362,6
2018-02-26 12:52:00,0.13616,0.13626,0.13616,0.13626,5
2018-02-26 12:53:00,0.13616,0.13626,0.13616,0.13626,2
2018-02-26 12:56:00,0.13626,0.13626,0.13616,0.13622,5
2018-02-26 13:00:00,0.13616,0.13616,0.13616,0.13616,1
2018-02-26 13:02:00,0.13626,0.13626,0.13622,0.13622,2
2018-02-26 13:03:00,0.13636,0.13636,0.13636,0.13636,1
2018-02-26 13:04:00,0.13646,0.13646,0.13636,0.13642,4
2018-02-26 13:07:00,0.13636,0.13646,0.13636,0.13642,3
2018-02-26 13:08:00,0.13636,0.13646,0.13636,0.13642,5
2018-02-26 13:09:00,0.13626,0.13626,0.13626,0.13626,1
2018-02-26 13:10:00,0.13646,0.13646,0.13628,0.13632,12
2018-02-26 13:11:00,0.13636,0.13636,0.13636,0.13636,1
2018-02-26 13:12:00,0.13636,0.13642,0.13636,0.13642,2
2018-02-26 13:13:00,0.13646,0.13646,0.13642,0.13646,5
2018-02-26 13:15:00,0.13636,0.13636,0.13636,0.13636,1
2018-02-26 13:17:00,0.13626,0.1363,0.13616,0.1363,4
2018-02-26 13:18:00,0.13642,0.13642,0.13632,0.13632,3
2018-02-26 13:19:00,0.13646,0.13646,0.13636,0.13642,6
2018-02-26 13:20:00,0.13636,0.13646,0.13636,0.13642,3
2018-02-26 13:24:00,0.13646,0.13646,0.13642,0.13642,2
2018-02-26 13:25:00,0.13636,0.13636,0.13636,0.13636,1
2018-02-26 13:28:00,0.13646,0.13646,0.13646,0.13646,1
2018-02-26 13:29:00,0.13656,0.13656,0.1365,0.13654,9
2018-02-26 13:30:00,0.13656,0.13656,0.13646,0.13646,3
2018-02-26 13:31:00,0.13646,0.13646,0.13646,0.13646,1
2018-02-26 13:34:00,0.13664,0.13664,0.13646,0.13654,6
2018-02-26 13:35:00,0.13666,0.13676,0.13666,0.13668,7
2018-02-26 13:36:00,0.13676,0.13676,0.13674,0.13674,2
2018-02-26 13:39:00,0.13684,0.13684,0.13684,0.13684,1
2018-02-26 13:40:00,0.13676,0.13676,0.13656,0.13676,13
2018-02-26 13:41:00,0.13676,0.13676,0.13664,0.13672,9
2018-02-26 13:43:00,0.13656,0.13666,0.13656,0.13666,3
2018-02-26 13:47:00,0.13656,0.13656,0.13646,0.1365,3
2018-02-26 13:49:00,0.13656,0.13656,0.13646,0.13646,7
2018-02-26 13:50:00,0.13646,0.13656,0.13646,0.13646,4
2018-02-26 13:51:00,0.13642,0.13642,0.13636,0.13636,2
2018-02-26 13:52:00,0.13636,0.13636,0.13636,0.13636,1
2018-02-26 13:55:00,0.13616,0.1363,0.13616,0.1363,2
2018-02-26 13:56:00,0.13606,0.13616,0.13606,0.13614,7
2018-02-26 13:57:00,0.13612,0.13612,0.13612,0.13612,1
2018-02-26 13:58:00,0.13626,0.13626,0.13622,0.13622,2
2018-02-26 14:00:00,0.13626,0.13626,0.13616,0.13624,9
2018-02-26 14:01:00,0.13626,0.13626,0.1362,0.1362,4
2018-02-26 14:02:00,0.13626,0.13636,0.13626,0.13636,2
2018-02-26 14:04:00,0.13616,0.1362,0.13616,0.13616,3
2018-02-26 14:05:00,0.13626,0.13626,0.13626,0.13626,1
2018-02-26 14:06:00,0.13616,0.13616,0.13606,0.13616,4
2018-02-26 14:07:00,0.13616,0.13616,0.13606,0.1361,4
2018-02-26 14:08:00,0.13598,0.13616,0.13598,0.13614,9
2018-02-26 14:09:00,0.13596,0.13596,0.13586,0.13594,4
2018-02-26 14:10:00,0.13596,0.13596,0.13586,0.1359,4
2018-02-26 14:11:00,0.13596,0.13596,0.13586,0.13588,3
2018-02-26 14:12:00,0.13596,0.13596,0.13586,0.13594,7
2018-02-26 14:13:00,0.13576,0.13596,0.1357,0.1359,11
2018-02-26 14:15:00,0.13586,0.13586,0.13566,0.13566,9
2018-02-26 14:16:00,0.13596,0.13596,0.1358,0.1358,5
2018-02-26 14:18:00,0.13596,0.13596,0.13586,0.1359,6
2018-02-26 14:19:00,0.13586,0.1359,0.13586,0.13586,3
2018-02-26 14:20:00,0.13576,0.13578,0.13576,0.13578,2
2018-02-26 14:21:00,0.13586,0.13586,0.1358,0.13586,3
2018-02-26 14:22:00,0.13576,0.13576,0.13576,0.13576,1
2018-02-26 14:23:00,0.13586,0.13586,0.13582,0.13582,2
2018-02-26 14:27:00,0.13586,0.13586,0.13576,0.13584,11
2018-02-26 14:28:00,0.13576,0.13586,0.13576,0.1358,4
2018-02-26 14:29:00,0.13576,0.1358,0.13576,0.1358,2
2018-02-26 14:33:00,0.13566,0.13566,0.13554,0.13566,8
2018-02-26 14:34:00,0.13576,0.13576,0.13572,0.13572,2
2018-02-26 14:35:00,0.13576,0.13576,0.13566,0.13574,9
2018-02-26 14:37:00,0.13566,0.13576,0.13566,0.1357,4
2018-02-26 14:39:00,0.13566,0.13566,0.13554,0.13554,12
2018-02-26 14:40:00,0.1356,0.13566,0.13558,0.13558,10
2018-02-26 14:41:00,0.13566,0.13566,0.1356,0.13562,3
2018-02-26 14:42:00,0.13554,0.13566,0.13554,0.13564,11
2018-02-26 14:45:00,0.13554,0.13566,0.13544,0.13544,10
2018-02-26 14:46:00,0.13566,0.13566,0.13554,0.13566,5
2018-02-26 14:47:00,0.13554,0.13566,0.13554,0.1356,6
2018-02-26 14:48:00,0.13544,0.13544,0.13544,0.13544,1
2018-02-26 14:49:00,0.13554,0.13554,0.13544,0.13552,12
2018-02-26 14:50:00,0.13544,0.1355,0.13544,0.1355,4
2018-02-26 14:51:00,0.13554,0.13554,0.13544,0.13554,6
2018-02-26 14:52:00,0.13554,0.13554,0.13544,0.13544,9
2018-02-26 14:53:00,0.13544,0.13548,0.13544,0.13548,2
2018-02-26 14:54:00,0.13544,0.13552,0.13544,0.13552,4
2018-02-26 14:55:00,0.13554,0.13566,0.13544,0.13552,9
2018-02-26 14:56:00,0.1354,0.1355,0.13534,0.13548,15
2018-02-26 14:57:00,0.13544,0.13544,0.13544,0.13544,1
2018-02-26 15:07:00,0.13544,0.13544,0.13534,0.13538,5
2018-02-26 15:09:00,0.13534,0.13554,0.13534,0.13554,3
2018-02-26 15:10:00,0.13494,0.13494,0.13484,0.13484,7
2018-02-26 15:12:00,0.13494,0.13494,0.13488,0.13488,2
2018-02-26 15:13:00,0.13514,0.13514,0.13504,0.13504,2
2018-02-26 15:14:00,0.13504,0.13504,0.13504,0.13504,1
2018-02-26 15:15:00,0.13498,0.13498,0.13498,0.13498,1
2018-02-26 15:16:00,0.13504,0.13504,0.13494,0.13504,6
2018-02-26 15:17:00,0.13494,0.13504,0.13494,0.135,3
2018-02-26 15:18:00,0.13512,0.13514,0.13504,0.13504,4
2018-02-26 15:19:00,0.13514,0.13524,0.13514,0.13516,18
2018-02-26 15:20:00,0.13514,0.13514,0.13504,0.13508,3
2018-02-26 15:21:00,0.13514,0.13524,0.13514,0.13522,6
2018-02-26 15:22:00,0.13524,0.13524,0.13522,0.13522,2
2018-02-26 15:23:00,0.13524,0.13532,0.13524,0.13532,2
2018-02-26 15:25:00,0.13524,0.13534,0.13524,0.13534,10
2018-02-26 15:28:00,0.13514,0.13518,0.13514,0.13518,2
2018-02-26 15:30:00,0.13544,0.13554,0.13526,0.13526,6
2018-02-26 15:31:00,0.13554,0.13554,0.13534,0.13534,7
2018-02-26 15:33:00,0.13544,0.13554,0.13544,0.13548,16
2018-02-26 15:34:00,0.13544,0.13554,0.13544,0.13554,3
2018-02-26 15:35:00,0.13544,0.13554,0.13544,0.13552,7
2018-02-26 15:36:00,0.13544,0.13564,0.13544,0.13554,5
2018-02-26 15:37:00,0.13544,0.13544,0.13524,0.13538,8
2018-02-26 15:38:00,0.13564,0.13564,0.1355,0.1355,5
2018-02-26 15:40:00,0.13558,0.13558,0.13558,0.13558,1
2018-02-26 15:41:00,0.13564,0.13564,0.13564,0.13564,1
2018-02-26 15:42:00,0.13554,0.13554,0.13554,0.13554,1
2018-02-26 15:43:00,0.13564,0.13564,0.13544,0.13548,4
2018-02-26 15:44:00,0.13554,0.13576,0.13554,0.13572,5
2018-02-26 15:45:00,0.13564,0.13564,0.13564,0.13564,1
2018-02-26 15:46:00,0.13564,0.13576,0.13564,0.13576,5
2018-02-26 15:47:00,0.13564,0.13564,0.13554,0.13554,5
2018-02-26 15:48:00,0.13576,0.13576,0.13576,0.13576,1
2018-02-26 15:49:00,0.13586,0.13586,0.13568,0.13568,3
2018-02-26 15:51:00,0.13596,0.13596,0.13592,0.13592,2
2018-02-26 15:53:00,0.13586,0.13588,0.13584,0.13588,6
2018-02-26 15:54:00,0.13596,0.13596,0.13576,0.13578,6
2018-02-26 15:55:00,0.13616,0.13626,0.13602,0.13602,15
2018-02-26 15:56:00,0.13612,0.13612,0.13606,0.13608,3
2018-02-26 15:57:00,0.13626,0.13626,0.13612,0.13612,6
2018-02-26 15:58:00,0.13626,0.13626,0.13616,0.13616,6
2018-02-26 16:00:00,0.13626,0.13626,0.13618,0.1362,8
2018-02-26 16:01:00,0.13616,0.13616,0.13608,0.13616,3
2018-02-26 16:02:00,0.13626,0.13626,0.13626,0.13626,1
2018-02-26 16:06:00,0.13616,0.13616,0.13616,0.13616,1
2018-02-26 16:07:00,0.13616,0.13626,0.13616,0.13626,9
2018-02-26 16:08:00,0.13616,0.13622,0.13606,0.1362,11
2018-02-26 16:10:00,0.13626,0.13626,0.13622,0.13622,4
2018-02-26 16:12:00,0.13656,0.13676,0.13632,0.13632,29
2018-02-26 16:13:00,0.13656,0.13666,0.13646,0.13658,15
2018-02-26 16:14:00,0.13656,0.13666,0.13656,0.13666,2
2018-02-26 16:15:00,0.13656,0.13666,0.13656,0.13662,7
2018-02-26 16:17:00,0.13676,0.13676,0.13662,0.13662,4
2018-02-26 16:18:00,0.13666,0.13666,0.13666,0.13666,1
2018-02-26 16:21:00,0.13646,0.13656,0.13646,0.13656,3
2018-02-26 16:23:00,0.13628,0.1364,0.13628,0.1364,3
2018-02-26 16:24:00,0.13626,0.13636,0.13626,0.13636,2
2018-02-26 16:25:00,0.13618,0.13636,0.13618,0.1363,6
2018-02-26 16:26:00,0.13626,0.13636,0.13606,0.13606,8
2018-02-26 16:27:00,0.13636,0.13636,0.13626,0.13636,7
2018-02-26 16:28:00,0.13656,0.13656,0.13646,0.13646,2
2018-02-26 16:30:00,0.13666,0.13666,0.13646,0.13646,9
2018-02-26 16:31:00,0.13666,0.13666,0.1366,0.1366,3
2018-02-26 16:32:00,0.13666,0.13666,0.13662,0.13662,2
2018-02-26 16:36:00,0.13676,0.13676,0.13676,0.13676,1
2018-02-26 16:37:00,0.13676,0.13676,0.13666,0.13666,2
2018-02-26 16:42:00,0.13656,0.13666,0.13656,0.13666,4
2018-02-26 16:43:00,0.13666,0.13666,0.13666,0.13666,1
2018-02-26 16:44:00,0.13656,0.13656,0.13656,0.13656,1
2018-02-26 16:45:00,0.13646,0.1365,0.13636,0.1365,7
2018-02-26 16:46:00,0.13646,0.13648,0.13646,0.13648,4
2018-02-26 16:47:00,0.13656,0.13656,0.13656,0.13656,1
2018-02-26 16:48:00,0.13662,0.13662,0.13662,0.13662,1
2018-02-26 16:49:00,0.13666,0.13672,0.13666,0.13668,5
2018-02-26 16:53:00,0.13666,0.13672,0.13666,0.13672,2
2018-02-26 16:55:00,0.13646,0.13656,0.13646,0.13656,7
2018-02-26 16:56:00,0.1363,0.13636,0.13626,0.13636,7
2018-02-26 16:57:00,0.13636,0.13636,0.13636,0.13636,1
2018-02-26 17:00:00,0.13656,0.13656,0.13646,0.13646,2
2018-02-26 17:02:00,0.13656,0.13666,0.13656,0.13662,3
2018-02-26 17:04:00,0.13662,0.13666,0.13656,0.13666,13
2018-02-26 17:05:00,0.13662,0.13662,0.13656,0.13656,4
2018-02-26 17:06:00,0.13662,0.13662,0.13656,0.13656,4
2018-02-26 17:07:00,0.13656,0.13656,0.13656,0.13656,1
2018-02-26 17:08:00,0.13666,0.13666,0.13666,0.13666,1
2018-02-26 17:09:00,0.13662,0.13666,0.13662,0.13662,3
2018-02-26 17:10:00,0.1365,0.13656,0.13646,0.13656,4
2018-02-26 17:11:00,0.13656,0.13656,0.13654,0.13656,3
2018-02-26 17:12:00,0.13646,0.13646,0.13646,0.13646,1
2018-02-26 17:13:00,0.13636,0.13646,0.13636,0.13636,4
2018-02-26 17:14:00,0.1364,0.13646,0.1364,0.13646,2
2018-02-26 17:15:00,0.13626,0.13636,0.13626,0.13636,3
2018-02-26 17:16:00,0.13616,0.13616,0.13616,0.13616,1
2018-02-26 17:17:00,0.13608,0.13616,0.13608,0.13608,3
2018-02-26 17:18:00,0.13608,0.13616,0.13608,0.13616,2
2018-02-26 17:21:00,0.13616,0.13616,0.13616,0.13616,1
2018-02-26 17:25:00,0.13616,0.13616,0.13606,0.13608,10
2018-02-26 17:28:00,0.13636,0.13636,0.1362,0.1362,3
2018-02-26 17:29:00,0.13642,0.13646,0.13642,0.13646,3
2018-02-26 17:30:00,0.13636,0.13646,0.13636,0.13636,4
2018-02-26 17:33:00,0.13636,0.13646,0.13636,0.13646,11
2018-02-26 17:37:00,0.13636,0.13646,0.13636,0.13642,8
2018-02-26 17:38:00,0.13636,0.13646,0.13636,0.13642,15
2018-02-26 17:39:00,0.13636,0.13642,0.13636,0.13642,7
2018-02-26 17:40:00,0.13636,0.13646,0.13636,0.13642,6
2018-02-26 17:41:00,0.13638,0.13638,0.13638,0.13638,2
2018-02-26 17:43:00,0.13634,0.13634,0.13634,0.13634,1
2018-02-26 17:44:00,0.13636,0.13636,0.13626,0.13634,15
2018-02-26 17:45:00,0.13626,0.13636,0.13626,0.13626,8
2018-02-26 17:46:00,0.13616,0.13626,0.13616,0.13618,15
2018-02-26 17:47:00,0.13626,0.13626,0.13616,0.1362,25
2018-02-26 17:49:00,0.13636,0.13636,0.13632,0.13632,2
2018-02-26 17:50:00,0.13628,0.13628,0.13628,0.13628,1
2018-02-26 17:51:00,0.13606,0.13618,0.13606,0.13618,2
2018-02-26 17:52:00,0.13626,0.13626,0.13596,0.13598,21
2018-02-26 17:53:00,0.13606,0.13616,0.13596,0.13616,6
2018-02-26 17:54:00,0.13582,0.13596,0.13568,0.13596,8
2018-02-26 17:55:00,0.13574,0.13574,0.13564,0.13574,5
2018-02-26 17:56:00,0.13574,0.13576,0.13574,0.13576,4
2018-02-26 17:57:00,0.13574,0.13584,0.13574,0.13582,6
2018-02-26 17:58:00,0.13564,0.13584,0.13564,0.1358,4
2018-02-26 17:59:00,0.13564,0.13564,0.13564,0.13564,1
2018-02-27 08:30:00,0.13604,0.13604,0.13594,0.13604,7
2018-02-27 08:31:00,0.13594,0.13614,0.13594,0.13614,12
2018-02-27 08:34:00,0.13584,0.13584,0.13584,0.13584,1
2018-02-27 08:35:00,0.13594,0.13594,0.13594,0.13594,1
2018-02-27 08:36:00,0.13584,0.1359,0.13584,0.13588,4
2018-02-27 08:42:00,0.13588,0.13594,0.13588,0.1359,6
2018-02-27 08:43:00,0.13584,0.13584,0.13584,0.13584,1
2018-02-27 08:44:00,0.13564,0.13578,0.13564,0.13578,3
2018-02-27 08:45:00,0.13574,0.13574,0.13574,0.13574,1
2018-02-27 08:47:00,0.13564,0.13574,0.13564,0.13568,4
2018-02-27 08:49:00,0.13584,0.13584,0.13574,0.13574,4
2018-02-27 08:50:00,0.13584,0.13594,0.13584,0.13588,4
2018-02-27 08:51:00,0.13584,0.13594,0.13584,0.13594,3
2018-02-27 08:53:00,0.13578,0.13578,0.13578,0.13578,1
2018-02-27 08:54:00,0.13564,0.13584,0.13564,0.13584,7
2018-02-27 08:57:00,0.13564,0.13564,0.13552,0.13558,3
2018-02-27 08:58:00,0.13564,0.13564,0.13552,0.13558,4
2018-02-27 08:59:00,0.13564,0.13564,0.13552,0.13556,3
2018-02-27 09:03:00,0.13552,0.13552,0.13552,0.13552,1
2018-02-27 09:07:00,0.1356,0.1356,0.1356,0.1356,1
2018-02-27 09:08:00,0.13564,0.13564,0.13552,0.13552,5
2018-02-27 09:09:00,0.13552,0.13552,0.13552,0.13552,1
2018-02-27 09:12:00,0.13564,0.13564,0.13564,0.13564,1
2018-02-27 09:13:00,0.13532,0.13552,0.13532,0.13552,5
2018-02-27 09:17:00,0.13542,0.13542,0.13542,0.13542,1
2018-02-27 09:18:00,0.13542,0.13542,0.13532,0.13532,2
2018-02-27 09:24:00,0.13532,0.13538,0.13532,0.13538,2
2018-02-27 09:25:00,0.13542,0.13542,0.13542,0.13542,1
2018-02-27 09:27:00,0.13552,0.13552,0.13552,0.13552,1
2018-02-27 09:28:00,0.13542,0.13542,0.13542,0.13542,1
2018-02-27 09:29:00,0.13532,0.13532,0.13532,0.13532,1
2018-02-27 09:30:00,0.13532,0.13532,0.13532,0.13532,2
2018-02-27 09:31:00,0.13542,0.13542,0.13542,0.13542,1
2018-02-27 09:32:00,0.13538,0.13542,0.13532,0.1354,6
2018-02-27 09:33:00,0.13542,0.13542,0.13532,0.13532,4
2018-02-27 09:35:00,0.13552,0.13552,0.13552,0.13552,1
2018-02-27 09:36:00,0.13542,0.13542,0.13542,0.13542,1
2018-02-27 09:54:00,0.13532,0.13532,0.13532,0.13532,1
2018-02-27 09:56:00,0.13528,0.13532,0.13522,0.13522,3
2018-02-27 09:57:00,0.13532,0.13532,0.13522,0.13522,5
2018-02-27 09:58:00,0.13532,0.13532,0.13528,0.13528,4
2018-02-27 09:59:00,0.13542,0.13542,0.13542,0.13542,1
2018-02-27 10:24:00,0.13542,0.13542,0.1354,0.1354,2
2018-02-27 10:50:00,0.1355,0.1355,0.1355,0.1355,1
2018-02-27 10:55:00,0.13562,0.13562,0.13554,0.13554,2
2018-02-27 11:00:00,0.13562,0.13562,0.13552,0.13562,17
2018-02-27 11:01:00,0.13562,0.13562,0.13552,0.13558,4
2018-02-27 11:02:00,0.13552,0.13562,0.13552,0.13556,6
2018-02-27 11:05:00,0.13562,0.13562,0.13562,0.13562,1
2018-02-27 11:06:00,0.13552,0.13552,0.13552,0.13552,1
2018-02-27 11:10:00,0.13552,0.13552,0.13546,0.13546,9
2018-02-27 11:12:00,0.13552,0.13562,0.13552,0.13558,6
2018-02-27 11:13:00,0.13546,0.13546,0.13546,0.13546,1
2018-02-27 11:15:00,0.13552,0.13552,0.13552,0.13552,1
2018-02-27 11:16:00,0.13552,0.13552,0.1355,0.1355,2
2018-02-27 11:17:00,0.13552,0.13552,0.13542,0.13542,3
2018-02-27 11:18:00,0.13552,0.13552,0.13542,0.13548,6
2018-02-27 11:19:00,0.13552,0.13552,0.13542,0.13548,7
2018-02-27 11:20:00,0.13558,0.13562,0.13552,0.13558,9
2018-02-27 11:21:00,0.13552,0.13552,0.13552,0.13552,1
2018-02-27 11:23:00,0.13562,0.13562,0.13562,0.13562,1
2018-02-27 11:25:00,0.13552,0.13558,0.13552,0.13558,2
2018-02-27 11:34:00,0.13562,0.13562,0.13562,0.13562,1
2018-02-27 11:38:00,0.13552,0.13552,0.13552,0.13552,1
2018-02-27 11:45:00,0.13542,0.13542,0.13542,0.13542,1
2018-02-27 11:48:00,0.13552,0.13552,0.13542,0.13552,12
2018-02-27 11:49:00,0.13552,0.13552,0.13542,0.13548,11
2018-02-27 11:51:00,0.13552,0.13552,0.13542,0.13542,2
2018-02-27 11:53:00,0.13542,0.13546,0.13542,0.13546,2
2018-02-27 11:54:00,0.13552,0.13552,0.13552,0.13552,1
2018-02-27 11:55:00,0.13542,0.13548,0.13542,0.13546,4
2018-02-27 11:58:00,0.13552,0.13552,0.13552,0.13552,1
2018-02-27 11:59:00,0.13552,0.13552,0.13542,0.13548,3
2018-02-27 12:00:00,0.13542,0.13548,0.13542,0.13548,2
2018-02-27 12:01:00,0.13552,0.13552,0.13552,0.13552,1
2018-02-27 12:02:00,0.13558,0.13562,0.13558,0.13558,3
2018-02-27 12:05:00,0.13552,0.13552,0.13552,0.13552,1
2018-02-27 12:06:00,0.13562,0.13562,0.13562,0.13562,1
2018-02-27 12:09:00,0.1358,0.1358,0.13568,0.13572,4
2018-02-27 12:10:00,0.13586,0.13586,0.13584,0.13584,2
2018-02-27 12:18:00,0.13594,0.13594,0.13588,0.13594,3
2018-02-27 12:19:00,0.13582,0.13582,0.13582,0.13582,1
2018-02-27 12:20:00,0.13582,0.13582,0.13572,0.13572,2
2018-02-27 12:22:00,0.13562,0.13572,0.13562,0.13572,3
2018-02-27 12:23:00,0.13552,0.13552,0.13552,0.13552,1
2018-02-27 12:24:00,0.13562,0.13564,0.1356,0.13562,5
2018-02-27 12:28:00,0.13552,0.13552,0.13552,0.13552,1
2018-02-27 12:29:00,0.13552,0.13562,0.13552,0.13558,4
2018-02-27 12:30:00,0.13552,0.13554,0.13552,0.13554,2
2018-02-27 12:34:00,0.13552,0.13554,0.13552,0.13554,2
2018-02-27 12:53:00,0.13542,0.13542,0.13542,0.13542,1
2018-02-27 12:55:00,0.13552,0.13552,0.13552,0.13552,1
2018-02-27 13:00:00,0.13556,0.13562,0.13556,0.13562,2
2018-02-27 13:01:00,0.13542,0.13542,0.13542,0.13542,1
2018-02-27 13:02:00,0.13552,0.13552,0.13542,0.13544,9
2018-02-27 13:03:00,0.13542,0.13552,0.13542,0.13548,6
2018-02-27 13:04:00,0.13552,0.13552,0.13542,0.1355,10
2018-02-27 13:05:00,0.13562,0.13562,0.13552,0.13558,3
2018-02-27 13:06:00,0.13552,0.13558,0.13552,0.13556,6
2018-02-27 13:07:00,0.13532,0.13542,0.13532,0.13542,8
2018-02-27 13:08:00,0.13528,0.13532,0.13522,0.13522,9
2018-02-27 13:09:00,0.13522,0.13522,0.13522,0.13522,1
2018-02-27 13:10:00,0.13512,0.13512,0.13512,0.13512,1
2018-02-27 13:11:00,0.13514,0.13514,0.13514,0.13514,2
2018-02-27 13:12:00,0.13502,0.13502,0.13494,0.13502,13
2018-02-27 13:13:00,0.13502,0.13502,0.13496,0.13496,14
2018-02-27 13:14:00,0.13502,0.13508,0.13496,0.13496,7
2018-02-27 13:15:00,0.1339,0.13492,0.1338,0.13492,103
2018-02-27 13:16:00,0.1339,0.1342,0.1338,0.1338,49
2018-02-27 13:17:00,0.1331,0.13386,0.13292,0.1338,92
2018-02-27 13:18:00,0.133,0.13322,0.13294,0.13302,42
2018-02-27 13:19:00,0.133,0.1331,0.133,0.1331,20
2018-02-27 13:20:00,0.1331,0.1331,0.13294,0.13294,5
2018-02-27 13:21:00,0.1333,0.1333,0.1331,0.1332,35
2018-02-27 13:22:00,0.1333,0.13342,0.1332,0.1334,26
2018-02-27 13:23:00,0.1334,0.1335,0.1333,0.13336,24
2018-02-27 13:24:00,0.1335,0.1335,0.1334,0.13346,13
2018-02-27 13:25:00,0.1337,0.1337,0.1335,0.13356,9
2018-02-27 13:26:00,0.1341,0.1341,0.1338,0.1339,22
2018-02-27 13:27:00,0.1339,0.1342,0.1339,0.134,29
2018-02-27 13:28:00,0.1339,0.134,0.1338,0.13386,14
2018-02-27 13:29:00,0.1339,0.134,0.1339,0.13398,13
2018-02-27 13:30:00,0.1337,0.13386,0.1336,0.13386,8
2018-02-27 13:31:00,0.1339,0.1339,0.1337,0.13376,14
2018-02-27 13:32:00,0.1337,0.1338,0.1336,0.1338,18
2018-02-27 13:33:00,0.1336,0.1337,0.1336,0.1336,9
2018-02-27 13:34:00,0.1335,0.1336,0.1335,0.13354,8
2018-02-27 13:35:00,0.13366,0.1337,0.13354,0.1336,5
2018-02-27 13:36:00,0.1338,0.1338,0.1336,0.1337,9
2018-02-27 13:37:00,0.1338,0.1338,0.1337,0.13376,7
2018-02-27 13:38:00,0.13374,0.1338,0.1337,0.13376,10
2018-02-27 13:39:00,0.1337,0.1338,0.1337,0.13376,12
2018-02-27 13:40:00,0.1336,0.13366,0.1336,0.13366,2
2018-02-27 13:42:00,0.1335,0.1335,0.1335,0.1335,1
2018-02-27 13:44:00,0.1333,0.1334,0.1333,0.1334,4
2018-02-27 13:45:00,0.1333,0.1333,0.13322,0.13322,4
2018-02-27 13:46:00,0.1334,0.1334,0.1333,0.1334,10
2018-02-27 13:47:00,0.1333,0.13332,0.1333,0.13332,2
2018-02-27 13:48:00,0.1333,0.1333,0.13328,0.13328,2
2018-02-27 13:49:00,0.1334,0.1334,0.1333,0.13336,15
2018-02-27 13:50:00,0.1334,0.1334,0.1333,0.13332,3
2018-02-27 13:51:00,0.1334,0.1334,0.1333,0.1333,10
2018-02-27 13:52:00,0.1334,0.1334,0.13332,0.13332,3
2018-02-27 13:53:00,0.1333,0.1333,0.1333,0.1333,1
2018-02-27 13:54:00,0.1334,0.1334,0.1334,0.1334,1
2018-02-27 13:55:00,0.1334,0.1334,0.1333,0.1333,8
2018-02-27 13:56:00,0.1334,0.1334,0.13338,0.13338,2
2018-02-27 13:57:00,0.1334,0.1335,0.1334,0.1335,3
2018-02-27 13:58:00,0.1333,0.13334,0.1333,0.13334,3
2018-02-27 14:00:00,0.1332,0.1333,0.1332,0.13324,7
2018-02-27 14:01:00,0.13312,0.13312,0.13312,0.13312,1
2018-02-27 14:03:00,0.1331,0.1331,0.133,0.13302,7
2018-02-27 14:04:00,0.133,0.133,0.133,0.133,1
2018-02-27 14:05:00,0.1329,0.1329,0.1329,0.1329,1
2018-02-27 14:06:00,0.133,0.133,0.1329,0.13296,6
2018-02-27 14:07:00,0.1329,0.133,0.1329,0.1329,18
2018-02-27 14:08:00,0.133,0.133,0.133,0.133,1
2018-02-27 14:09:00,0.13294,0.133,0.13292,0.13292,8
2018-02-27 14:10:00,0.133,0.1331,0.1329,0.133,11
2018-02-27 14:11:00,0.1329,0.133,0.1329,0.13294,6
2018-02-27 14:12:00,0.133,0.1331,0.1329,0.13294,9
2018-02-27 14:15:00,0.1329,0.133,0.1329,0.1329,4
2018-02-27 14:19:00,0.13314,0.13316,0.1329,0.13294,22
2018-02-27 14:20:00,0.1333,0.1333,0.1332,0.1332,11
2018-02-27 14:21:00,0.1332,0.1333,0.13314,0.13324,10
2018-02-27 14:22:00,0.13322,0.1333,0.13322,0.13326,3
2018-02-27 14:23:00,0.1331,0.13316,0.1331,0.1331,4
2018-02-27 14:25:00,0.1331,0.1332,0.1331,0.13316,3
2018-02-27 14:27:00,0.13324,0.1333,0.1332,0.1332,5
2018-02-27 14:28:00,0.1333,0.1333,0.1332,0.1333,7
2018-02-27 14:29:00,0.1332,0.13324,0.1332,0.13324,2
2018-02-27 14:32:00,0.1332,0.13326,0.1332,0.13326,6
2018-02-27 14:34:00,0.1332,0.1333,0.1332,0.1333,5
2018-02-27 14:35:00,0.1332,0.1333,0.1332,0.13326,5
2018-02-27 14:38:00,0.1332,0.1333,0.1332,0.13326,3
2018-02-27 14:40:00,0.133,0.13312,0.133,0.13312,4
2018-02-27 14:41:00,0.1331,0.1331,0.133,0.1331,11
2018-02-27 14:42:00,0.13304,0.1331,0.13304,0.13304,3
2018-02-27 14:43:00,0.133,0.133,0.133,0.133,3
2018-02-27 14:44:00,0.133,0.1331,0.133,0.13304,9
2018-02-27 14:45:00,0.13304,0.1331,0.133,0.1331,16
2018-02-27 14:46:00,0.133,0.133,0.133,0.133,3
2018-02-27 14:47:00,0.13304,0.1331,0.133,0.13304,9
2018-02-27 14:48:00,0.1332,0.1332,0.133,0.1331,29
2018-02-27 14:49:00,0.1332,0.1333,0.1331,0.1331,15
2018-02-27 14:51:00,0.1332,0.1332,0.13312,0.13314,20
2018-02-27 14:52:00,0.1332,0.1332,0.1331,0.13314,17
2018-02-27 14:53:00,0.13314,0.1332,0.1331,0.13312,12
2018-02-27 14:54:00,0.13314,0.1332,0.1331,0.13316,22
2018-02-27 14:55:00,0.1332,0.1332,0.1331,0.1332,8
2018-02-27 15:01:00,0.13288,0.1331,0.13288,0.1331,10
2018-02-27 15:03:00,0.13288,0.133,0.13288,0.13296,4
2018-02-27 15:04:00,0.13288,0.133,0.13288,0.133,4
2018-02-27 15:05:00,0.13278,0.13282,0.13272,0.13282,4
2018-02-27 15:06:00,0.13258,0.13278,0.13258,0.13278,31
2018-02-27 15:07:00,0.13268,0.13268,0.13258,0.13268,19
2018-02-27 15:09:00,0.13258,0.13268,0.13258,0.13264,4
2018-02-27 15:10:00,0.13258,0.13268,0.13258,0.13268,4
2018-02-27 15:11:00,0.13268,0.13268,0.13268,0.13268,1
2018-02-27 15:15:00,0.13268,0.13278,0.13268,0.13276,8
2018-02-27 15:16:00,0.13278,0.13278,0.13278,0.13278,1
2018-02-27 15:18:00,0.13268,0.13268,0.13268,0.13268,1
2018-02-27 15:26:00,0.13258,0.13258,0.13258,0.13258,1
2018-02-27 15:27:00,0.13228,0.13254,0.13228,0.13254,34
2018-02-27 15:31:00,0.13222,0.13228,0.13218,0.13222,9
2018-02-27 15:40:00,0.13202,0.13218,0.13202,0.13218,3
2018-02-27 15:41:00,0.13198,0.13208,0.13198,0.13208,34
2018-02-27 15:42:00,0.13188,0.13188,0.13188,0.13188,1
2018-02-27 15:43:00,0.13178,0.13188,0.13178,0.1318,3
2018-02-27 15:44:00,0.13168,0.13188,0.13168,0.13168,30
2018-02-27 15:45:00,0.13148,0.13148,0.13126,0.13138,47
2018-02-27 15:46:00,0.13116,0.1314,0.13116,0.1314,31
2018-02-27 15:47:00,0.13096,0.13116,0.13086,0.13102,44
2018-02-27 15:48:00,0.13096,0.13096,0.1308,0.13086,25
2018-02-27 15:49:00,0.13086,0.13086,0.13076,0.13086,43
2018-02-27 15:50:00,0.13106,0.13106,0.13086,0.13096,9
2018-02-27 15:51:00,0.13116,0.13116,0.13106,0.13114,6
2018-02-27 15:52:00,0.13116,0.13116,0.13116,0.13116,2
2018-02-27 15:53:00,0.13096,0.13116,0.13096,0.13106,13
2018-02-27 15:54:00,0.13086,0.13096,0.13086,0.13086,12
2018-02-27 15:55:00,0.13076,0.13076,0.13076,0.13076,1
2018-02-27 15:57:00,0.13086,0.13086,0.13076,0.13086,5
2018-02-27 15:59:00,0.13076,0.1308,0.13076,0.1308,6
2018-02-27 16:00:00,0.13076,0.13086,0.13076,0.13086,3
2018-02-27 16:01:00,0.13106,0.13106,0.13086,0.13086,18
2018-02-27 16:02:00,0.131,0.131,0.131,0.131,1
2018-02-27 16:03:00,0.13106,0.13116,0.13104,0.13104,3
2018-02-27 16:04:00,0.13116,0.13126,0.13114,0.13114,3
2018-02-27 16:05:00,0.13126,0.13126,0.13116,0.13118,4
2018-02-27 16:07:00,0.13116,0.13136,0.13116,0.1312,9
2018-02-27 16:08:00,0.13136,0.13136,0.13126,0.13126,13
2018-02-27 16:09:00,0.13148,0.13148,0.13132,0.13132,3
2018-02-27 16:10:00,0.13148,0.13148,0.13136,0.13142,10
2018-02-27 16:11:00,0.13136,0.13148,0.13136,0.1314,7
2018-02-27 16:13:00,0.13126,0.13136,0.13126,0.13136,15
2018-02-27 16:14:00,0.13136,0.13136,0.13126,0.13134,8
2018-02-27 16:15:00,0.13126,0.13136,0.13126,0.1313,5
2018-02-27 16:16:00,0.13126,0.13134,0.13126,0.13134,7
2018-02-27 16:17:00,0.13136,0.13136,0.1313,0.13136,13
2018-02-27 16:18:00,0.13148,0.13148,0.13136,0.13144,10
2018-02-27 16:19:00,0.13136,0.1314,0.13126,0.1314,10
2018-02-27 16:20:00,0.13148,0.13148,0.13126,0.1313,8
2018-02-27 16:21:00,0.13148,0.13158,0.13148,0.13158,3
2018-02-27 16:22:00,0.13148,0.13148,0.13136,0.13146,7
2018-02-27 16:23:00,0.13136,0.13136,0.13136,0.13136,1
2018-02-27 16:31:00,0.13116,0.1313,0.13116,0.1313,8
2018-02-27 16:33:00,0.13126,0.13126,0.1312,0.13126,8
2018-02-27 16:35:00,0.13126,0.13126,0.13116,0.1312,8
2018-02-27 16:36:00,0.13126,0.13126,0.13122,0.13122,12
2018-02-27 16:37:00,0.13106,0.13126,0.13106,0.1312,28
2018-02-27 16:38:00,0.13116,0.13116,0.13116,0.13116,1
2018-02-27 16:39:00,0.13116,0.13116,0.13112,0.13114,12
2018-02-27 16:40:00,0.13116,0.13116,0.13112,0.13112,2
2018-02-27 16:41:00,0.13116,0.13116,0.13112,0.13114,4
2018-02-27 16:42:00,0.13112,0.13116,0.13112,0.13114,3
2018-02-27 16:43:00,0.13106,0.13108,0.13102,0.13106,5
2018-02-27 16:44:00,0.13096,0.131,0.13096,0.131,4
2018-02-27 16:45:00,0.13096,0.13096,0.13086,0.13086,7
2018-02-27 16:47:00,0.13096,0.13106,0.13096,0.13102,11
2018-02-27 16:49:00,0.13106,0.13106,0.131,0.13106,9
2018-02-27 16:50:00,0.13106,0.13106,0.13098,0.131,5
2018-02-27 16:53:00,0.13116,0.13116,0.13116,0.13116,1
2018-02-27 16:54:00,0.13106,0.13106,0.13106,0.13106,1
2018-02-27 16:55:00,0.13106,0.13116,0.13106,0.13114,18
2018-02-27 16:56:00,0.13106,0.13106,0.13096,0.13096,5
2018-02-27 16:57:00,0.13106,0.13114,0.13106,0.13112,5
2018-02-27 16:58:00,0.13106,0.13116,0.13106,0.13116,2
2018-02-27 16:59:00,0.13116,0.13118,0.13114,0.13114,4
2018-02-27 17:00:00,0.13106,0.13112,0.13106,0.13106,3
2018-02-27 17:01:00,0.13096,0.13106,0.13096,0.131,6
2018-02-27 17:02:00,0.13086,0.1309,0.13086,0.1309,5
2018-02-27 17:03:00,0.13096,0.13096,0.13096,0.13096,1
2018-02-27 17:04:00,0.13086,0.13096,0.13086,0.1309,7
2018-02-27 17:08:00,0.13066,0.13078,0.13066,0.13076,20
2018-02-27 17:09:00,0.13072,0.13076,0.13072,0.13076,8
2018-02-27 17:10:00,0.13066,0.13076,0.13066,0.13076,3
2018-02-27 17:11:00,0.13056,0.1306,0.1305,0.1306,9
2018-02-27 17:12:00,0.13056,0.13056,0.13046,0.13046,7
2018-02-27 17:14:00,0.13046,0.13056,0.13046,0.1305,9
2018-02-27 17:15:00,0.13036,0.13056,0.13034,0.13056,12
2018-02-27 17:16:00,0.13036,0.13036,0.13026,0.13026,4
2018-02-27 17:17:00,0.13036,0.13036,0.13026,0.13034,9
2018-02-27 17:18:00,0.13028,0.13028,0.13028,0.13028,1
2018-02-27 17:19:00,0.13018,0.13026,0.13016,0.13018,7
2018-02-27 17:20:00,0.13026,0.13026,0.13016,0.13026,4
2018-02-27 17:21:00,0.13036,0.13036,0.13026,0.13032,12
2018-02-27 17:23:00,0.13046,0.13046,0.13046,0.13046,1
2018-02-27 17:25:00,0.13038,0.13038,0.13038,0.13038,1
2018-02-27 17:28:00,0.13046,0.13046,0.13046,0.13046,1
2018-02-27 17:29:00,0.13056,0.13056,0.13056,0.13056,1
2018-02-27 17:30:00,0.13036,0.13046,0.13036,0.13046,2
2018-02-27 17:31:00,0.13026,0.13026,0.13016,0.13026,23
2018-02-27 17:32:00,0.13016,0.13026,0.13016,0.13018,7
2018-02-27 17:33:00,0.13026,0.13026,0.13016,0.13026,7
2018-02-27 17:34:00,0.13016,0.13026,0.13016,0.13018,13
2018-02-27 17:36:00,0.13026,0.13026,0.1302,0.13026,7
2018-02-27 17:38:00,0.13036,0.13036,0.13036,0.13036,1
2018-02-27 17:39:00,0.13046,0.13046,0.13046,0.13046,1
2018-02-27 17:40:00,0.13056,0.13056,0.13046,0.13052,18
2018-02-27 17:42:00,0.13036,0.1305,0.13036,0.1305,3
2018-02-27 17:44:00,0.13026,0.13036,0.13026,0.13034,7
2018-02-27 17:45:00,0.13026,0.13032,0.13026,0.13032,7
2018-02-27 17:48:00,0.13046,0.13046,0.13026,0.13028,14
2018-02-27 17:50:00,0.13036,0.13038,0.13026,0.13038,14
2018-02-27 17:52:00,0.13016,0.13028,0.13016,0.13028,11
2018-02-27 17:53:00,0.13036,0.13056,0.13026,0.13026,65
2018-02-27 17:54:00,0.13016,0.13028,0.13016,0.13028,7
2018-02-27 17:55:00,0.13006,0.13006,0.13006,0.13006,1
2018-02-27 17:56:00,0.13016,0.13016,0.13016,0.13016,1
2018-02-27 17:57:00,0.13026,0.13026,0.13016,0.13022,9
2018-02-27 17:59:00,0.13026,0.13026,0.13026,0.13026,1
2018-02-28 08:30:00,0.13004,0.13004,0.1299,0.13004,7
2018-02-28 08:31:00,0.13014,0.13014,0.13004,0.13014,18
2018-02-28 08:33:00,0.1302,0.1302,0.1302,0.1302,1
2018-02-28 08:34:00,0.13034,0.13034,0.13024,0.1303,4
2018-02-28 08:35:00,0.13044,0.13044,0.13024,0.13028,13
2018-02-28 08:37:00,0.13054,0.13054,0.1305,0.1305,2
2018-02-28 08:38:00,0.13064,0.13064,0.13064,0.13064,1
2018-02-28 08:41:00,0.13054,0.1306,0.13054,0.13054,5
2018-02-28 08:43:00,0.13044,0.13048,0.13044,0.13048,2
2018-02-28 08:44:00,0.13044,0.13044,0.13034,0.13038,8
2018-02-28 08:45:00,0.1306,0.13064,0.1305,0.1305,19
2018-02-28 08:46:00,0.1307,0.1307,0.13044,0.13064,45
2018-02-28 08:47:00,0.13054,0.13074,0.13054,0.13064,13
2018-02-28 08:51:00,0.13054,0.13074,0.13054,0.13064,10
2018-02-28 08:53:00,0.13064,0.13064,0.1306,0.13064,3
2018-02-28 08:55:00,0.13074,0.13074,0.13074,0.13074,1
2018-02-28 08:56:00,0.13074,0.13082,0.13064,0.13064,7
2018-02-28 08:57:00,0.13074,0.13084,0.13074,0.13084,3
2018-02-28 08:58:00,0.13084,0.13084,0.13084,0.13084,1
2018-02-28 09:00:00,0.13094,0.13096,0.1309,0.1309,4
2018-02-28 09:02:00,0.13084,0.13084,0.13084,0.13084,1
2018-02-28 09:03:00,0.13094,0.13094,0.13094,0.13094,1
2018-02-28 09:06:00,0.13084,0.13102,0.13084,0.13102,5
2018-02-28 09:07:00,0.13064,0.13074,0.13062,0.13074,4
2018-02-28 09:08:00,0.13074,0.13076,0.13064,0.13072,7
2018-02-28 09:09:00,0.13074,0.13084,0.13064,0.1308,9
2018-02-28 09:10:00,0.13064,0.1307,0.13064,0.1307,2
2018-02-28 09:11:00,0.13064,0.13064,0.13054,0.1306,3
2018-02-28 09:12:00,0.13074,0.1308,0.1307,0.1307,5
2018-02-28 09:13:00,0.13064,0.13084,0.13064,0.13084,11
2018-02-28 09:14:00,0.13064,0.1307,0.13064,0.1307,4
2018-02-28 09:16:00,0.13074,0.13074,0.13074,0.13074,1
2018-02-28 09:17:00,0.13084,0.13084,0.13084,0.13084,1
2018-02-28 09:19:00,0.13074,0.13084,0.13074,0.13082,3
2018-02-28 09:20:00,0.13074,0.13074,0.13064,0.13068,14
2018-02-28 09:21:00,0.13074,0.13074,0.13064,0.1307,4
2018-02-28 09:23:00,0.13064,0.13064,0.13064,0.13064,1
2018-02-28 09:24:00,0.13074,0.13074,0.13074,0.13074,1
2018-02-28 09:28:00,0.13094,0.13094,0.13078,0.13082,6
2018-02-28 09:29:00,0.13094,0.13102,0.13094,0.13102,2
2018-02-28 09:30:00,0.13094,0.13094,0.13084,0.13094,6
2018-02-28 09:32:00,0.13084,0.13088,0.13084,0.13088,2
2018-02-28 09:35:00,0.13074,0.1308,0.13074,0.1308,2
2018-02-28 09:47:00,0.13084,0.13084,0.13082,0.13082,2
2018-02-28 09:48:00,0.13094,0.13094,0.13094,0.13094,1
2018-02-28 09:49:00,0.13084,0.1309,0.13084,0.1309,2
2018-02-28 09:50:00,0.13074,0.1308,0.13074,0.1308,2
2018-02-28 09:51:00,0.13104,0.13104,0.13084,0.13084,5
2018-02-28 09:52:00,0.13094,0.13104,0.13094,0.13102,4
2018-02-28 09:53:00,0.13094,0.13094,0.13092,0.13092,2
2018-02-28 09:54:00,0.13084,0.13084,0.13084,0.13084,1
2018-02-28 09:56:00,0.13084,0.13084,0.13074,0.13074,2
2018-02-28 09:57:00,0.13094,0.13094,0.13094,0.13094,1
2018-02-28 10:02:00,0.13094,0.13104,0.13094,0.13102,3
2018-02-28 10:05:00,0.13084,0.13084,0.13084,0.13084,1
2018-02-28 10:08:00,0.13094,0.13094,0.13084,0.13092,7
2018-02-28 10:09:00,0.1309,0.13094,0.1309,0.1309,3
2018-02-28 10:10:00,0.13084,0.13084,0.13084,0.13084,1
2018-02-28 10:11:00,0.13094,0.13094,0.13094,0.13094,1
2018-02-28 10:12:00,0.13104,0.13104,0.13094,0.13096,4
2018-02-28 10:14:00,0.13094,0.13094,0.13094,0.13094,1
2018-02-28 10:15:00,0.13088,0.1309,0.13088,0.1309,2
2018-02-28 10:16:00,0.1308,0.13082,0.13074,0.13082,5
2018-02-28 10:17:00,0.13084,0.13084,0.1308,0.1308,2
2018-02-28 10:19:00,0.13094,0.13094,0.13094,0.13094,1
2018-02-28 10:22:00,0.13084,0.1309,0.13084,0.1309,4
2018-02-28 10:24:00,0.13094,0.13094,0.13094,0.13094,1
2018-02-28 10:25:00,0.13084,0.1309,0.13084,0.1309,4
2018-02-28 10:28:00,0.13084,0.13084,0.1308,0.1308,2
2018-02-28 10:29:00,0.13094,0.13094,0.13074,0.13074,4
2018-02-28 10:30:00,0.13102,0.13102,0.13102,0.13102,1
2018-02-28 10:51:00,0.13124,0.13124,0.13106,0.13106,6
2018-02-28 10:55:00,0.13124,0.13132,0.13124,0.13132,3
2018-02-28 10:56:00,0.13124,0.13134,0.13124,0.13132,12
2018-02-28 10:57:00,0.13124,0.13134,0.13124,0.13134,4
2018-02-28 10:58:00,0.13114,0.13124,0.13114,0.1312,6
2018-02-28 10:59:00,0.13114,0.13122,0.13114,0.13122,3
2018-02-28 11:00:00,0.13114,0.13124,0.13114,0.13124,5
2018-02-28 11:01:00,0.13114,0.13114,0.13108,0.1311,7
2018-02-28 11:07:00,0.13156,0.13166,0.13124,0.13124,12
2018-02-28 11:08:00,0.13146,0.13166,0.13134,0.13166,14
2018-02-28 11:10:00,0.13124,0.13134,0.13124,0.13134,2
2018-02-28 11:11:00,0.13134,0.13134,0.13134,0.13134,1
2018-02-28 11:12:00,0.13146,0.13146,0.13146,0.13146,1
2018-02-28 11:15:00,0.13156,0.13156,0.13152,0.13152,2
2018-02-28 11:17:00,0.13156,0.13156,0.13146,0.13146,2
2018-02-28 11:18:00,0.13156,0.1316,0.13156,0.1316,2
2018-02-28 11:20:00,0.13146,0.13146,0.13146,0.13146,1
2018-02-28 11:24:00,0.13156,0.13156,0.13156,0.13156,1
2018-02-28 11:27:00,0.13144,0.13144,0.13144,0.13144,1
2018-02-28 11:28:00,0.13134,0.13146,0.13134,0.13146,5
2018-02-28 11:29:00,0.13144,0.13144,0.13134,0.13144,3
2018-02-28 11:31:00,0.13134,0.13134,0.13134,0.13134,1
2018-02-28 11:32:00,0.13152,0.13152,0.13144,0.13144,2
2018-02-28 11:33:00,0.13166,0.13166,0.13162,0.13162,2
2018-02-28 11:34:00,0.13156,0.13166,0.13156,0.1316,3
2018-02-28 11:35:00,0.13156,0.13156,0.13154,0.13154,2
2018-02-28 11:37:00,0.13156,0.13166,0.13156,0.13166,3
2018-02-28 11:39:00,0.13156,0.13166,0.13156,0.13166,2
2018-02-28 11:45:00,0.13156,0.13156,0.13154,0.13154,2
2018-02-28 11:48:00,0.13166,0.13172,0.13156,0.13162,7
2018-02-28 11:49:00,0.13172,0.13172,0.13172,0.13172,1
2018-02-28 11:54:00,0.13166,0.13168,0.13166,0.13168,2
2018-02-28 11:55:00,0.13156,0.13166,0.13156,0.13158,9
2018-02-28 11:56:00,0.13134,0.13148,0.13134,0.13148,4
2018-02-28 11:57:00,0.13144,0.13144,0.13144,0.13144,1
2018-02-28 11:58:00,0.13144,0.13144,0.13134,0.13134,3
2018-02-28 11:59:00,0.13156,0.13156,0.13144,0.13156,10
2018-02-28 12:00:00,0.13156,0.13156,0.13144,0.13144,2
2018-02-28 12:01:00,0.13166,0.13166,0.13162,0.13162,2
2018-02-28 12:02:00,0.13176,0.13176,0.13176,0.13176,1
2018-02-28 12:03:00,0.1317,0.13176,0.13168,0.1317,8
2018-02-28 12:04:00,0.13176,0.13176,0.13176,0.13176,1
2018-02-28 12:05:00,0.13176,0.13186,0.13176,0.13186,7
2018-02-28 12:11:00,0.13176,0.13186,0.13176,0.13186,5
2018-02-28 12:12:00,0.13176,0.13186,0.13176,0.13182,6
2018-02-28 12:13:00,0.13176,0.13186,0.13176,0.13186,3
2018-02-28 12:14:00,0.13176,0.13182,0.13176,0.1318,4
2018-02-28 12:18:00,0.13172,0.13172,0.13166,0.13166,2
2018-02-28 12:23:00,0.13166,0.13166,0.13166,0.13166,1
2018-02-28 12:31:00,0.13176,0.13176,0.13176,0.13176,1
2018-02-28 12:34:00,0.13166,0.13166,0.13166,0.13166,1
2018-02-28 12:35:00,0.1317,0.13176,0.13166,0.13166,9
2018-02-28 12:36:00,0.13176,0.13176,0.13176,0.13176,1
2018-02-28 12:41:00,0.13166,0.13166,0.13166,0.13166,1
2018-02-28 12:43:00,0.13176,0.13176,0.13172,0.13172,2
2018-02-28 12:44:00,0.13178,0.13186,0.13176,0.13176,7
2018-02-28 12:46:00,0.13176,0.13182,0.13176,0.13182,2
2018-02-28 12:48:00,0.13166,0.13166,0.13166,0.13166,1
2018-02-28 12:52:00,0.13176,0.13176,0.13176,0.13176,1
2018-02-28 12:55:00,0.13168,0.13168,0.13168,0.13168,1
2018-02-28 12:56:00,0.13176,0.13176,0.13166,0.13176,13
2018-02-28 12:57:00,0.13186,0.13186,0.13176,0.13176,15
2018-02-28 12:58:00,0.13196,0.13196,0.13196,0.13196,1
2018-02-28 12:59:00,0.13206,0.13206,0.13206,0.13206,1
2018-02-28 13:00:00,0.13196,0.13216,0.13196,0.13196,6
2018-02-28 13:01:00,0.13196,0.13216,0.13196,0.13206,14
2018-02-28 13:02:00,0.13206,0.13206,0.132,0.132,2
2018-02-28 13:03:00,0.13206,0.13206,0.13204,0.13204,2
2018-02-28 13:04:00,0.13274,0.13274,0.13216,0.13216,19
2018-02-28 13:05:00,0.13328,0.13338,0.13276,0.13284,35
2018-02-28 13:06:00,0.13306,0.13338,0.13306,0.13338,8
2018-02-28 13:09:00,0.13296,0.13308,0.13286,0.13308,8
2018-02-28 13:10:00,0.13306,0.13316,0.13304,0.13304,5
2018-02-28 13:11:00,0.13316,0.13316,0.13306,0.13316,7
2018-02-28 13:12:00,0.13306,0.13312,0.13306,0.13312,2
2018-02-28 13:13:00,0.13296,0.13296,0.13296,0.13296,1
2018-02-28 13:15:00,0.13276,0.1329,0.13276,0.1329,4
2018-02-28 13:16:00,0.13296,0.13296,0.13266,0.1327,20
2018-02-28 13:18:00,0.13306,0.13306,0.13306,0.13306,1
2018-02-28 13:20:00,0.13316,0.13322,0.13314,0.13314,6
2018-02-28 13:21:00,0.13296,0.1331,0.13296,0.1331,2
2018-02-28 13:22:00,0.13286,0.13286,0.13286,0.13286,1
2018-02-28 13:23:00,0.13306,0.13306,0.13294,0.13294,3
2018-02-28 13:24:00,0.13316,0.13326,0.13314,0.13314,4
2018-02-28 13:27:00,0.13306,0.13326,0.13306,0.13326,7
2018-02-28 13:28:00,0.13286,0.13314,0.13286,0.13312,25
2018-02-28 13:29:00,0.13286,0.13292,0.13276,0.13282,6
2018-02-28 13:30:00,0.13316,0.13316,0.13294,0.13294,7
2018-02-28 13:31:00,0.13306,0.13306,0.13306,0.13306,1
2018-02-28 13:35:00,0.13296,0.13296,0.13296,0.13296,1
2018-02-28 13:36:00,0.13286,0.1329,0.13266,0.1329,12
2018-02-28 13:37:00,0.13276,0.1328,0.13276,0.1328,2
2018-02-28 13:38:00,0.13276,0.13286,0.13276,0.13284,3
2018-02-28 13:39:00,0.13276,0.13276,0.1327,0.1327,4
2018-02-28 13:40:00,0.13286,0.13286,0.13286,0.13286,1
2018-02-28 13:41:00,0.13296,0.13296,0.13296,0.13296,1
2018-02-28 13:42:00,0.13306,0.13306,0.13306,0.13306,1
2018-02-28 13:44:00,0.13306,0.13312,0.13296,0.13296,8
2018-02-28 13:45:00,0.13316,0.13316,0.13306,0.13316,5
2018-02-28 13:46:00,0.13316,0.13326,0.13316,0.13326,3
2018-02-28 13:49:00,0.13316,0.13326,0.13316,0.13326,7
2018-02-28 13:52:00,0.13326,0.13326,0.13326,0.13326,1
2018-02-28 13:55:00,0.13368,0.13378,0.13338,0.13338,18
2018-02-28 13:56:00,0.13412,0.13418,0.13378,0.13378,13
2018-02-28 13:57:00,0.13402,0.13428,0.13398,0.13424,31
2018-02-28 13:58:00,0.13408,0.13408,0.13398,0.13408,36
2018-02-28 13:59:00,0.13408,0.13418,0.13398,0.13406,18
2018-02-28 14:00:00,0.13408,0.13408,0.13398,0.13402,6
2018-02-28 14:01:00,0.13428,0.13438,0.13418,0.13418,9
2018-02-28 14:02:00,0.13448,0.13448,0.13428,0.13438,5
2018-02-28 14:03:00,0.13428,0.13458,0.13426,0.13454,10
2018-02-28 14:04:00,0.13412,0.13438,0.13408,0.13434,22
2018-02-28 14:05:00,0.13408,0.13428,0.13408,0.13418,12
2018-02-28 14:06:00,0.13428,0.13428,0.13412,0.13412,5
2018-02-28 14:07:00,0.13412,0.13418,0.13412,0.13418,2
2018-02-28 14:08:00,0.13408,0.13418,0.13408,0.13418,2
2018-02-28 14:09:00,0.13418,0.13418,0.13408,0.13412,7
2018-02-28 14:10:00,0.13408,0.13418,0.13408,0.13408,4
2018-02-28 14:11:00,0.13398,0.13418,0.13398,0.13418,25
2018-02-28 14:12:00,0.13418,0.13418,0.13408,0.13408,2
2018-02-28 14:13:00,0.13408,0.13412,0.13402,0.13412,5
2018-02-28 14:14:00,0.13412,0.13418,0.13408,0.13418,5
2018-02-28 14:15:00,0.13408,0.13418,0.13408,0.13418,2
2018-02-28 14:16:00,0.13428,0.13438,0.13418,0.13418,6
2018-02-28 14:17:00,0.13408,0.13422,0.13408,0.13422,2
2018-02-28 14:18:00,0.13408,0.13418,0.13408,0.13418,3
2018-02-28 14:19:00,0.13408,0.13408,0.134,0.13402,10
2018-02-28 14:20:00,0.13398,0.134,0.13398,0.13398,5
2018-02-28 14:21:00,0.13408,0.13408,0.13398,0.13404,11
2018-02-28 14:23:00,0.13408,0.13408,0.13398,0.13398,8
2018-02-28 14:24:00,0.13408,0.13408,0.13398,0.13402,5
2018-02-28 14:25:00,0.13428,0.13428,0.13418,0.13418,7
2018-02-28 14:26:00,0.13438,0.13438,0.13438,0.13438,1
2018-02-28 14:27:00,0.13428,0.13432,0.13428,0.13432,2
2018-02-28 14:28:00,0.13434,0.13434,0.13434,0.13434,1
2018-02-28 14:29:00,0.13426,0.13448,0.13426,0.1344,16
2018-02-28 14:30:00,0.13428,0.13428,0.13418,0.13418,2
2018-02-28 14:31:00,0.13418,0.13424,0.13418,0.13418,4
2018-02-28 14:32:00,0.13438,0.13438,0.13424,0.13424,8
2018-02-28 14:33:00,0.13428,0.13434,0.13428,0.13428,4
2018-02-28 14:34:00,0.13428,0.13428,0.13418,0.13422,10
2018-02-28 14:35:00,0.13408,0.13434,0.13408,0.13434,24
2018-02-28 14:37:00,0.13402,0.13414,0.13398,0.13412,19
2018-02-28 14:38:00,0.13398,0.13408,0.13398,0.13404,13
2018-02-28 14:39:00,0.13398,0.13408,0.13398,0.13404,12
2018-02-28 14:42:00,0.13398,0.13408,0.13398,0.13404,8
2018-02-28 14:43:00,0.13398,0.13402,0.13398,0.13402,2
2018-02-28 14:44:00,0.13378,0.1339,0.13376,0.1339,10
2018-02-28 14:45:00,0.13378,0.13388,0.13378,0.13388,22
2018-02-28 14:47:00,0.13378,0.13378,0.13376,0.13376,2
2018-02-28 14:49:00,0.13358,0.13384,0.13358,0.13382,9
2018-02-28 14:50:00,0.13348,0.13348,0.13348,0.13348,1
2018-02-28 14:51:00,0.13354,0.13354,0.13354,0.13354,1
2018-02-28 14:52:00,0.13358,0.13368,0.13356,0.13358,8
2018-02-28 14:53:00,0.13358,0.13368,0.13358,0.13368,2
2018-02-28 14:54:00,0.13368,0.13368,0.13368,0.13368,1
2018-02-28 14:55:00,0.13368,0.13378,0.13368,0.13374,11
2018-02-28 14:56:00,0.13368,0.1337,0.13368,0.1337,4
2018-02-28 14:57:00,0.13378,0.13388,0.13378,0.13378,10
2018-02-28 14:58:00,0.13378,0.13378,0.13368,0.1337,4
2018-02-28 15:00:00,0.13384,0.13384,0.13384,0.13384,1
2018-02-28 15:01:00,0.13378,0.13388,0.13378,0.13378,3
2018-02-28 15:02:00,0.13388,0.13388,0.13384,0.13384,2
2018-02-28 15:03:00,0.13388,0.13398,0.13386,0.13386,9
2018-02-28 15:04:00,0.13388,0.13398,0.13378,0.13398,14
2018-02-28 15:05:00,0.13398,0.13408,0.1339,0.13394,13
2018-02-28 15:06:00,0.13398,0.13408,0.13398,0.13408,11
2018-02-28 15:07:00,0.13388,0.13408,0.13388,0.13402,10
2018-02-28 15:09:00,0.13388,0.13388,0.13378,0.13378,2
2018-02-28 15:10:00,0.13398,0.13398,0.13398,0.13398,1
2018-02-28 15:13:00,0.13388,0.1339,0.13388,0.1339,2
2018-02-28 15:16:00,0.13398,0.13398,0.13398,0.13398,1
2018-02-28 15:17:00,0.13404,0.13404,0.13404,0.13404,1
2018-02-28 15:20:00,0.13398,0.13398,0.13398,0.13398,1
2018-02-28 15:21:00,0.13428,0.13434,0.13408,0.13408,15
2018-02-28 15:22:00,0.13428,0.13438,0.13428,0.13434,32
2018-02-28 15:23:00,0.13438,0.13438,0.13428,0.13434,8
2018-02-28 15:24:00,0.13418,0.13428,0.13418,0.13428,2
2018-02-28 15:25:00,0.13418,0.13428,0.13418,0.13428,3
2018-02-28 15:26:00,0.13428,0.13428,0.13418,0.13422,4
2018-02-28 15:27:00,0.13428,0.1343,0.13428,0.1343,2
2018-02-28 15:28:00,0.13428,0.1343,0.13428,0.1343,2
2018-02-28 15:29:00,0.13438,0.13438,0.13434,0.13434,4
2018-02-28 15:30:00,0.13428,0.13438,0.13428,0.13428,11
2018-02-28 15:31:00,0.13438,0.13438,0.13434,0.13434,3
2018-02-28 15:32:00,0.13448,0.13448,0.13432,0.13434,6
2018-02-28 15:33:00,0.13488,0.1359,0.13458,0.13458,82
2018-02-28 15:34:00,0.13488,0.13504,0.13478,0.13494,43
2018-02-28 15:35:00,0.13498,0.13508,0.13498,0.13498,26
2018-02-28 15:36:00,0.1352,0.1352,0.13498,0.13504,21
2018-02-28 15:37:00,0.13508,0.1352,0.13498,0.1352,31
2018-02-28 15:38:00,0.1352,0.13524,0.13498,0.13502,10
2018-02-28 15:39:00,0.13512,0.13524,0.13512,0.13524,5
2018-02-28 15:40:00,0.1352,0.1352,0.13508,0.1352,3
2018-02-28 15:41:00,0.1352,0.13526,0.1352,0.13526,4
2018-02-28 15:42:00,0.1353,0.1353,0.13508,0.13524,8
2018-02-28 15:43:00,0.1354,0.1354,0.1353,0.13536,4
2018-02-28 15:44:00,0.1354,0.1354,0.13538,0.13538,2
2018-02-28 15:45:00,0.1354,0.1355,0.1354,0.1355,24
2018-02-28 15:46:00,0.1353,0.1354,0.1353,0.13538,9
2018-02-28 15:47:00,0.1353,0.1354,0.1353,0.1354,6
2018-02-28 15:48:00,0.1354,0.1355,0.1353,0.1354,27
2018-02-28 15:49:00,0.1356,0.1356,0.1354,0.1355,14
2018-02-28 15:50:00,0.1359,0.13596,0.13568,0.1357,21
2018-02-28 15:51:00,0.1358,0.1358,0.13578,0.1358,5
2018-02-28 15:52:00,0.1359,0.136,0.13586,0.13586,9
2018-02-28 15:53:00,0.1359,0.1359,0.1357,0.1358,10
2018-02-28 15:54:00,0.1359,0.136,0.1358,0.136,7
2018-02-28 15:55:00,0.1359,0.136,0.1358,0.13584,16
2018-02-28 15:56:00,0.1358,0.136,0.1358,0.136,6
2018-02-28 15:58:00,0.1359,0.1359,0.1358,0.13586,11
2018-02-28 15:59:00,0.13596,0.13596,0.13596,0.13596,1
2018-02-28 16:00:00,0.1362,0.1365,0.13602,0.13602,58
2018-02-28 16:01:00,0.1362,0.13628,0.1361,0.1361,10
2018-02-28 16:02:00,0.1362,0.13656,0.1362,0.13628,19
2018-02-28 16:03:00,0.1363,0.1363,0.136,0.13628,16
2018-02-28 16:04:00,0.1364,0.1365,0.1364,0.1364,5
2018-02-28 16:05:00,0.13602,0.1363,0.13602,0.1363,10
2018-02-28 16:06:00,0.1363,0.1363,0.136,0.136,11
2018-02-28 16:07:00,0.13628,0.1363,0.1362,0.1362,13
2018-02-28 16:08:00,0.1363,0.1363,0.13626,0.13626,2
2018-02-28 16:13:00,0.1363,0.1364,0.1363,0.1364,2
2018-02-28 16:14:00,0.13638,0.13638,0.13638,0.13638,1
2018-02-28 16:15:00,0.1364,0.1364,0.1363,0.13634,5
2018-02-28 16:16:00,0.1364,0.1364,0.1363,0.13634,7
2018-02-28 16:17:00,0.13628,0.13636,0.13628,0.13636,6
2018-02-28 16:18:00,0.1362,0.13628,0.1362,0.1362,10
2018-02-28 16:19:00,0.1363,0.1363,0.13626,0.13628,4
2018-02-28 16:20:00,0.13594,0.13626,0.13594,0.1362,13
2018-02-28 16:21:00,0.13616,0.1362,0.13596,0.13596,9
2018-02-28 16:22:00,0.1363,0.1363,0.1361,0.1362,9
2018-02-28 16:23:00,0.1362,0.13626,0.1362,0.13624,5
2018-02-28 16:24:00,0.1361,0.1361,0.1361,0.1361,1
2018-02-28 16:25:00,0.136,0.13606,0.136,0.136,3
2018-02-28 16:26:00,0.1361,0.1361,0.136,0.13606,5
2018-02-28 16:27:00,0.1359,0.136,0.1359,0.136,2
2018-02-28 16:28:00,0.13596,0.136,0.1359,0.136,4
2018-02-28 16:29:00,0.1359,0.13598,0.1359,0.13598,4
2018-02-28 16:30:00,0.1359,0.136,0.1359,0.13596,8
2018-02-28 16:31:00,0.1358,0.1359,0.1358,0.13588,6
2018-02-28 16:32:00,0.1359,0.1359,0.13578,0.13586,9
2018-02-28 16:33:00,0.1359,0.136,0.1359,0.13596,11
2018-02-28 16:34:00,0.1356,0.13584,0.1356,0.13584,9
2018-02-28 16:35:00,0.136,0.136,0.1356,0.13566,17
2018-02-28 16:36:00,0.1361,0.1361,0.13606,0.1361,7
2018-02-28 16:37:00,0.136,0.1362,0.136,0.13608,9
2018-02-28 16:38:00,0.1361,0.1361,0.136,0.13606,6
2018-02-28 16:39:00,0.136,0.136,0.136,0.136,1
2018-02-28 16:40:00,0.13594,0.13606,0.1359,0.13606,15
2018-02-28 16:41:00,0.13606,0.13606,0.13584,0.13588,36
2018-02-28 16:42:00,0.13606,0.13606,0.136,0.136,26
2018-02-28 16:43:00,0.136,0.1361,0.136,0.136,32
2018-02-28 16:44:00,0.136,0.1361,0.136,0.13606,12
2018-02-28 16:45:00,0.1359,0.1361,0.1359,0.1361,5
2018-02-28 16:46:00,0.1359,0.13594,0.1358,0.13594,10
2018-02-28 16:47:00,0.1358,0.13584,0.1358,0.13582,7
2018-02-28 16:50:00,0.1359,0.136,0.13584,0.1359,6
2018-02-28 16:51:00,0.1357,0.136,0.1357,0.136,10
2018-02-28 16:52:00,0.1356,0.1358,0.1356,0.1358,3
2018-02-28 16:53:00,0.1356,0.1357,0.1355,0.13558,10
2018-02-28 16:54:00,0.1355,0.13576,0.1355,0.13566,12
2018-02-28 16:55:00,0.1358,0.1359,0.13556,0.13556,15
2018-02-28 16:56:00,0.1358,0.1359,0.1357,0.13584,16
2018-02-28 16:57:00,0.13586,0.1359,0.13586,0.1359,3
2018-02-28 16:58:00,0.136,0.136,0.13584,0.13584,5
2018-02-28 16:59:00,0.136,0.13602,0.13594,0.13594,6
2018-02-28 17:00:00,0.136,0.1362,0.136,0.13606,13
2018-02-28 17:01:00,0.1359,0.136,0.1359,0.1359,4
2018-02-28 17:03:00,0.136,0.136,0.136,0.136,1
2018-02-28 17:04:00,0.1359,0.136,0.1359,0.1359,18
2018-02-28 17:05:00,0.1357,0.1358,0.1357,0.1358,4
2018-02-28 17:06:00,0.1358,0.1358,0.1357,0.1358,20
2018-02-28 17:08:00,0.1358,0.1359,0.1358,0.1359,14
2018-02-28 17:09:00,0.1357,0.1358,0.1357,0.13574,10
2018-02-28 17:10:00,0.1357,0.1358,0.1357,0.1358,3
2018-02-28 17:11:00,0.1356,0.1358,0.1356,0.1358,3
2018-02-28 17:12:00,0.1355,0.1357,0.1355,0.1357,9
2018-02-28 17:13:00,0.1354,0.1354,0.1353,0.1354,4
2018-02-28 17:14:00,0.1355,0.1356,0.1354,0.1355,7
2018-02-28 17:15:00,0.1355,0.1355,0.1354,0.1354,13
2018-02-28 17:16:00,0.1353,0.13544,0.1353,0.13544,5
2018-02-28 17:17:00,0.1353,0.1354,0.13508,0.13522,15
2018-02-28 17:18:00,0.13508,0.13518,0.13508,0.13518,5
2018-02-28 17:19:00,0.13508,0.13518,0.13498,0.13518,4
2018-02-28 17:20:00,0.1354,0.1354,0.13508,0.13518,24
2018-02-28 17:21:00,0.13518,0.13534,0.13508,0.13532,16
2018-02-28 17:22:00,0.1354,0.1354,0.13526,0.13526,6
2018-02-28 17:23:00,0.1353,0.1355,0.1353,0.1355,16
2018-02-28 17:24:00,0.1354,0.1355,0.1354,0.1354,18
2018-02-28 17:25:00,0.1353,0.1354,0.13518,0.13532,14
2018-02-28 17:26:00,0.1353,0.1354,0.13522,0.13536,18
2018-02-28 17:27:00,0.13518,0.1354,0.13508,0.1354,17
2018-02-28 17:28:00,0.13528,0.13528,0.13528,0.13528,1
2018-02-28 17:29:00,0.13528,0.1354,0.13528,0.1354,14
2018-02-28 17:30:00,0.13528,0.1354,0.13528,0.1354,5
2018-02-28 17:31:00,0.13528,0.13528,0.13518,0.13518,2
2018-02-28 17:32:00,0.13498,0.13528,0.13498,0.13528,20
2018-02-28 17:33:00,0.13488,0.13492,0.13478,0.13492,27
2018-02-28 17:34:00,0.13448,0.13482,0.13428,0.13482,16
2018-02-28 17:35:00,0.13464,0.13464,0.13428,0.13438,20
2018-02-28 17:36:00,0.13478,0.13478,0.13458,0.13458,5
2018-02-28 17:37:00,0.13488,0.13488,0.13488,0.13488,1
2018-02-28 17:38:00,0.13488,0.13488,0.13468,0.13482,11
2018-02-28 17:39:00,0.13468,0.13478,0.13468,0.13478,2
2018-02-28 17:40:00,0.13478,0.13488,0.13468,0.13476,10
2018-02-28 17:41:00,0.13478,0.13488,0.13478,0.13488,8
2018-02-28 17:42:00,0.13488,0.13498,0.13478,0.13484,14
2018-02-28 17:43:00,0.13498,0.13498,0.13488,0.13498,6
2018-02-28 17:44:00,0.13504,0.13508,0.13488,0.13488,24
2018-02-28 17:45:00,0.13498,0.13498,0.13492,0.13498,5
2018-02-28 17:46:00,0.13488,0.13498,0.13488,0.13496,6
2018-02-28 17:47:00,0.13496,0.13496,0.13486,0.13486,3
2018-02-28 17:48:00,0.13488,0.13498,0.13486,0.13494,10
2018-02-28 17:49:00,0.13488,0.13498,0.13468,0.13478,12
2018-02-28 17:50:00,0.13478,0.13484,0.13468,0.13482,17
2018-02-28 17:51:00,0.13518,0.13518,0.13484,0.13484,19
2018-02-28 17:52:00,0.1355,0.1356,0.13518,0.13528,21
2018-02-28 17:53:00,0.1354,0.1358,0.1354,0.1356,40
2018-02-28 17:54:00,0.13518,0.13528,0.13498,0.13528,23
2018-02-28 17:55:00,0.13528,0.1353,0.13518,0.13528,9
2018-02-28 17:56:00,0.13528,0.1354,0.13528,0.1354,7
2018-02-28 17:57:00,0.13508,0.13518,0.13508,0.13518,4
2018-02-28 17:58:00,0.13508,0.13518,0.13508,0.13518,6
2018-02-28 17:59:00,0.13508,0.13508,0.13508,0.13508,1
